Crime ID,Month,Reported by,Falls within,Longitude,Latitude,Location,LSOA code,LSOA name,Crime type,Last outcome category
94009b6c3fe00522e9b46873f52598875dce2f5ed54e5814d1661fa03a347383,2024-07,City of London Police,City of London Police,-0.096367,51.515355,On or near Foster Lane,E01000001,City of London 001A,Burglary,Awaiting court outcome
7c65f892ef3341f34387c1643c8e9d7dcd56c4f6b3e63caf40ca4ebaf0e5ad46,2024-07,City of London Police,City of London Police,-0.097103,51.518461,On or near Aldersgate Street,E01000001,City of London 001A,Burglary,Investigation complete; no suspect identified
ba5e3c4e198b0918ce61570ee91bc341dfc9f49c16ad468e209ad299cc247911,2024-07,City of London Police,City of London Police,-0.07508,51.512625,On or near St Clare Street,E01000005,City of London 001E,Burglary,Investigation complete; no suspect identified
d8f33762a06f922e7a265724cec7598d11d3f6e16fbe135ffba8e3197e339b22,2024-07,City of London Police,City of London Police,-0.076145,51.512642,On or near India Street,E01000005,City of London 001E,Burglary,Investigation complete; no suspect identified
48604ce7e9d780c707cb8271b3341c9ddaa542da73c5bfa91e97c9ea4bffbd3d,2024-07,City of London Police,City of London Police,-0.073704,51.511748,On or near Portsoken Street,E01000005,City of London 001E,Burglary,Investigation complete; no suspect identified
3cc3d2dd9d3dd0ee124bdc948e04a656089e7490d505e62d5005595b1d36610d,2024-07,City of London Police,City of London Police,-0.074483,51.512066,On or near Haydon Street,E01000005,City of London 001E,Burglary,Unable to prosecute suspect
e4bab1837c3be0a49bd79a3429cbfe78e34336b2e515ba9b08d2468839c8d53a,2024-07,City of London Police,City of London Police,-0.09154,51.511896,On or near Cannon Street,E01032739,City of London 001F,Burglary,Investigation complete; no suspect identified
014e57eba7cd3e1cb05c0035b93eda21d8cef7ebe050e6716d657eebcab226ef,2024-07,City of London Police,City of London Police,-0.08491,51.512588,On or near Bell Inn Yard,E01032739,City of London 001F,Burglary,Investigation complete; no suspect identified
9aec47c61a4679750d31f342b38204158498a8d4486b3ee6316e5fe82005cee5,2024-07,City of London Police,City of London Police,-0.097291,51.514626,On or near Supermarket,E01032739,City of London 001F,Burglary,Status update unavailable
d8ea445e1df28b7dc88447e829e79f6283ebea2388399808f11badd97c08d6d2,2024-07,City of London Police,City of London Police,-0.101589,51.513515,On or near Ludgate Square,E01032739,City of London 001F,Burglary,Status update unavailable
0a11c14ae5b7d7a3096c25db51a8ff3f353d025e6795ec004b88e86d176c750b,2024-07,City of London Police,City of London Police,-0.078278,51.513666,On or near Mitre Street,E01032739,City of London 001F,Burglary,Investigation complete; no suspect identified
64be97dbfbfd093f359d1f6f58733b54e7add83ac0769f47b683a7ad8fa9676f,2024-07,City of London Police,City of London Police,-0.101475,51.511077,On or near A3211,E01032739,City of London 001F,Burglary,Investigation complete; no suspect identified
0fc0a911ecc128af786bc0489e65ac1752e0c9c7a60bb847fcc53123677f50e2,2024-07,City of London Police,City of London Police,-0.081643,51.51007,On or near Great Tower Street,E01032739,City of London 001F,Burglary,Status update unavailable
eab42ac902da2e96d1c390bdf9ddb452cfbefd9e395bd5f20f258b8df6d6f05e,2024-07,City of London Police,City of London Police,-0.07912,51.514912,On or near Bevis Marks,E01032739,City of London 001F,Burglary,Awaiting court outcome
0722f1a7d3d365bfad61ec64decc1b872a4ff65fec16f5c7fb4012ca99bdcb36,2024-07,City of London Police,City of London Police,-0.101589,51.513515,On or near Ludgate Square,E01032739,City of London 001F,Burglary,Investigation complete; no suspect identified
d161cac9218a677aa1db7542393db301d9d6e9d4cbcb0cebae507abcebe764c2,2024-07,City of London Police,City of London Police,-0.09446,51.512024,On or near Great Trinity Lane,E01032739,City of London 001F,Burglary,Investigation complete; no suspect identified
a056b3edcd1b81e5f8648840ea31b3962f997d512d66ca9c81ca2f1a2d754fb0,2024-07,City of London Police,City of London Police,-0.091947,51.513188,On or near Pancras Lane,E01032739,City of London 001F,Burglary,Investigation complete; no suspect identified
e2e71529ecd37a763c68b96e56e7d9258bb1fa278ffe9bbc5477b91ce9a0bd3c,2024-07,City of London Police,City of London Police,-0.09407,51.513079,On or near Watling Street,E01032739,City of London 001F,Burglary,Investigation complete; no suspect identified
0fb9eaeccf8b322d9eb5953826270b7cc686f932934a0f8fe56d914de126c780,2024-07,City of London Police,City of London Police,-0.101589,51.513515,On or near Ludgate Square,E01032739,City of London 001F,Burglary,Status update unavailable
6cff6587c564ba3f8822461cedef13bcfc1086fdb65e0ea8747048b8e7f0a391,2024-07,City of London Police,City of London Police,-0.081113,51.516869,On or near Bishopsgate,E01032739,City of London 001F,Burglary,Status update unavailable
d44a6ec813b69d975235cbeef02be684680191aa2622e604ff9bf9448a81056b,2024-07,City of London Police,City of London Police,-0.101589,51.513515,On or near Ludgate Square,E01032739,City of London 001F,Burglary,Awaiting court outcome
acbc50450a3b425ba290dc72f296fb3543f00bd93f2740f9230b4dc33b29e000,2024-07,City of London Police,City of London Police,-0.084844,51.510725,On or near Eastcheap,E01032739,City of London 001F,Burglary,Investigation complete; no suspect identified
2436efd5d5b033857cd1b313ec6a7cb056eae32da5f48eef37b015bfe95c5473,2024-07,City of London Police,City of London Police,-0.09154,51.511896,On or near Cannon Street,E01032739,City of London 001F,Burglary,Status update unavailable
be617e0d4b645da8b52049de80c01b843a24499bf5ea3318048962f3e9764fe6,2024-07,City of London Police,City of London Police,-0.101359,51.5187,On or near Parking Area,E01032740,City of London 001G,Burglary,Investigation complete; no suspect identified
f845f8d595d0d2e457d327cdec9e7982012ebcb501f31036423c15a0fd56ea3c,2024-07,City of London Police,City of London Police,-0.105909,51.513262,On or near Dorset Buildings,E01032740,City of London 001G,Burglary,Investigation complete; no suspect identified
1597795018396323ed54e2999a15ec95c7ac8378c516abe77be6eb376f2972fe,2024-07,City of London Police,City of London Police,-0.109387,51.513839,On or near Old Mitre Court,E01032740,City of London 001G,Burglary,Investigation complete; no suspect identified
ad8d072faf18b593d026d7ca4bdd4439993375d627e842fb884b5ad40fe23d8e,2024-07,City of London Police,City of London Police,-0.052416,51.514831,On or near Cornwood Drive,E01004287,Tower Hamlets 016B,Burglary,Investigation complete; no suspect identified
77463cb80995854fa6f17471e3cf23ac335b46c3390f564d55fa2e2b8263ed69,2024-07,Metropolitan Police Service,Metropolitan Police Service,0.145722,51.594296,On or near Providence Place,E01000027,Barking and Dagenham 001A,Burglary,Investigation complete; no suspect identified
9edf3893217a4fdb0bf38a5387402676aba89f825c2b61dee1e4a828acf93582,2024-07,Metropolitan Police Service,Metropolitan Police Service,0.135611,51.582817,On or near Sheepcotes Road,E01000030,Barking and Dagenham 001D,Burglary,Investigation complete; no suspect identified
2220bc5b42f74f912c2e0c39074add3791be002d223c4d7ca61ed0496744309a,2024-07,Metropolitan Police Service,Metropolitan Police Service,0.135537,51.584329,On or near Supermarket,E01000030,Barking and Dagenham 001D,Burglary,Investigation complete; no suspect identified
4542b42033a9bf487004df8208c246c16e2df512e88e864eaeac7bfc23e61a22,2024-07,Metropolitan Police Service,Metropolitan Police Service,0.132616,51.571568,On or near Japan Road,E01000032,Barking and Dagenham 002B,Burglary,Investigation complete; no suspect identified
a36d419cdb0bb69bf37c3f9443dee7fc03b7f97da828de169171effee3c71224,2024-07,Metropolitan Police Service,Metropolitan Police Service,0.138561,51.572494,On or near Tenby Road,E01000032,Barking and Dagenham 002B,Burglary,Investigation complete; no suspect identified
5cec48a03186a42fe8c65023883e8379cfb3fa0143832432e4cf0dfcaaf151cb,2024-07,Metropolitan Police Service,Metropolitan Police Service,0.13744,51.57228,On or near Tenby Close,E01000032,Barking and Dagenham 002B,Burglary,Investigation complete; no suspect identified
7a42264b70e581e46cad8009634c5bf27265926b3ed9a6d731e44ade582d1119,2024-07,Metropolitan Police Service,Metropolitan Police Service,0.136787,51.573425,On or near Eagle Avenue,E01000032,Barking and Dagenham 002B,Burglary,Unable to prosecute suspect
4fda9ee5103aaf2a86b5c3b1ce40dd823001dfdf46bf1ae1949098aae69b9933,2024-07,Metropolitan Police Service,Metropolitan Police Service,0.135342,51.578622,On or near Portland Close,E01000032,Barking and Dagenham 002B,Burglary,Court result unavailable
248a1d64262d1504e58f5e867917c6a610431445de5797724a9b2bbd574910bb,2024-07,Metropolitan Police Service,Metropolitan Police Service,0.138561,51.572494,On or near Tenby Road,E01000032,Barking and Dagenham 002B,Burglary,Investigation complete; no suspect identified
452c680231372ad05bb143dd5efbb09047e3859a3c9dce620e4068ead30e30eb,2024-07,Metropolitan Police Service,Metropolitan Police Service,0.144599,51.57108,On or near Saville Road,E01000111,Barking and Dagenham 002D,Burglary,Investigation complete; no suspect identified
f647e95f0b65608d945d314415856847f2e971881ef036467ce31b50eb51a163,2024-07,Metropolitan Police Service,Metropolitan Police Service,0.134316,51.570593,On or near Eric Road,E01000113,Barking and Dagenham 002F,Burglary,Investigation complete; no suspect identified
0f04615f11d3bccd62675934d9e10827815c9ea861299e30fd60fe70120f7fca,2024-07,Metropolitan Police Service,Metropolitan Police Service,0.148205,51.563073,On or near James Avenue,E01000114,Barking and Dagenham 004E,Burglary,Investigation complete; no suspect identified
f0062ce279f614706f26bde60abdd3cacc7cf0def945ec174c0bb06adc6ab8f2,2024-07,Metropolitan Police Service,Metropolitan Police Service,0.145681,51.564027,On or near Rosemary Gardens,E01034469,Barking and Dagenham 004F,Burglary,Unable to prosecute suspect
527fc677a1521537cd3812508d7c4fc03fd673c2aab789a734458c616f6b0b87,2024-07,Metropolitan Police Service,Metropolitan Police Service,0.142978,51.565444,On or near Royal Anglian Way,E01034469,Barking and Dagenham 004F,Burglary,Investigation complete; no suspect identified
a1d0c078c900ea6c05cc4bb3e10e2467eb23b40cf1a72d89b5273e6bffe99ecf,2024-07,Metropolitan Police Service,Metropolitan Police Service,0.138478,51.562109,On or near Grafton Gardens,E01034470,Barking and Dagenham 004G,Burglary,Investigation complete; no suspect identified
2eefd95b4a135c56146f991c026bc0312ff11e34c9840f88b06efde1cade16fa,2024-07,Metropolitan Police Service,Metropolitan Police Service,0.134005,51.554096,On or near Aylmer Road,E01000078,Barking and Dagenham 007B,Burglary,Investigation complete; no suspect identified
7648487e9087f2b2ec7284845e056a6b119febd2bd43f8f5155cf0892a58977e,2024-07,Metropolitan Police Service,Metropolitan Police Service,0.138557,51.553942,On or near Windsor Road,E01000082,Barking and Dagenham 007E,Burglary,Investigation complete; no suspect identified
902899e072756babcc974cb7d5a85c5daa05f40fe45a7d84da49420cd7356bb3,2024-07,Metropolitan Police Service,Metropolitan Police Service,0.116719,51.549338,On or near Constable Mews,E01000025,Barking and Dagenham 008E,Burglary,Awaiting court outcome
d4a43620b96189b1a1ca6e8446fe1740ac4ecd6de3d0570da03d48c028be4e3d,2024-07,Metropolitan Police Service,Metropolitan Police Service,0.118506,51.550232,On or near Dorothy Gardens,E01000025,Barking and Dagenham 008E,Burglary,Investigation complete; no suspect identified
3810eac2b53e8d7a179da14cd3cb874ba11c73fb42919015f58fefde39204662,2024-07,Metropolitan Police Service,Metropolitan Police Service,0.127367,51.550026,On or near Hewett Road,E01000077,Barking and Dagenham 008F,Burglary,Unable to prosecute suspect
ee2bd2070af78d6b74fe70e41e248f2007fedb451372391603312fbf4d74531a,2024-07,Metropolitan Police Service,Metropolitan Police Service,0.111765,51.550758,On or near Scholars Way,E01034471,Barking and Dagenham 008G,Burglary,Investigation complete; no suspect identified
557108f9c22762835b6bbe3ede6f00d6959737723bde87947231a4c27018c299,2024-07,Metropolitan Police Service,Metropolitan Police Service,0.111367,51.549641,On or near Academy Way,E01034472,Barking and Dagenham 008H,Burglary,Investigation complete; no suspect identified
63c2b94773fbd4f471ab7d4aa7582adb6174f2eff0466a5213b83f1949d2fd3a,2024-07,Metropolitan Police Service,Metropolitan Police Service,0.16463,51.545568,On or near Durham Road,E01000036,Barking and Dagenham 010B,Burglary,Investigation complete; no suspect identified
da0640e2cd51f07ee5750752c90856ca1069d94cd201125617dad302b26fab5c,2024-07,Metropolitan Police Service,Metropolitan Police Service,0.156571,51.548378,On or near Wantz Road,E01000036,Barking and Dagenham 010B,Burglary,Status update unavailable
c996ff5bb0a75ffe8df5fe8e6148ec4b4b916d0c5b1e5dc17c507f2f139b9a7a,2024-07,Metropolitan Police Service,Metropolitan Police Service,0.102496,51.539612,On or near Oakley Avenue,E01000071,Barking and Dagenham 011E,Burglary,Investigation complete; no suspect identified
8465ffb1dce1d659f0f73da306ab433c0195ff630f1eebb0c1718a5adc198d78,2024-07,Metropolitan Police Service,Metropolitan Police Service,0.102565,51.538918,On or near Edgefield Avenue,E01000071,Barking and Dagenham 011E,Burglary,Investigation complete; no suspect identified
027cd038466a95ba3eac25bb4364ee31e95ebe10e4dd321cd2aa6c4aaf4ea906,2024-07,Metropolitan Police Service,Metropolitan Police Service,0.148526,51.542042,On or near Supermarket,E01000013,Barking and Dagenham 013A,Burglary,Investigation complete; no suspect identified
29285503cc35b5847edf62fec5a8e0fb74a876fa01f3a7edf1a0470da9f6136c,2024-07,Metropolitan Police Service,Metropolitan Police Service,0.148526,51.542042,On or near Supermarket,E01000013,Barking and Dagenham 013A,Burglary,Unable to prosecute suspect
dd8b2e7fa555f313a01be3ee8417a32d1ad82993b26461e1e6fb18958e331191,2024-07,Metropolitan Police Service,Metropolitan Police Service,0.156623,51.539123,On or near Hollidge Way,E01000105,Barking and Dagenham 014C,Burglary,Unable to prosecute suspect
048790ad66211410e9c03c0b537f1857c044be946733bbeb7729f4cba7766e94,2024-07,Metropolitan Police Service,Metropolitan Police Service,0.157908,51.539145,On or near Hospital,E01000106,Barking and Dagenham 014D,Burglary,Investigation complete; no suspect identified
0a448b65516ccc8a2d7c7ed804620b491dff9ba23fd4abdc68edc6757f6d1d64,2024-07,Metropolitan Police Service,Metropolitan Police Service,0.159068,51.542334,On or near Lewis Way,E01000106,Barking and Dagenham 014D,Burglary,Unable to prosecute suspect
40137126c99716e7309b002173fead9b5d7076d7f083374e858e815e00f407f2,2024-07,Metropolitan Police Service,Metropolitan Police Service,0.080167,51.539488,On or near Barking,E01000007,Barking and Dagenham 015A,Burglary,Investigation complete; no suspect identified
acd81e173163b54c4b16da21f989d563adff55b1702bb64863d0c24a0d2e0755,2024-07,Metropolitan Police Service,Metropolitan Police Service,0.080981,51.538044,On or near Shopping Area,E01034473,Barking and Dagenham 015E,Burglary,Awaiting court outcome
da2fa62ebae3063efe58a2d4e2085408ce779acfa69c466aa6fbd741986bae82,2024-07,Metropolitan Police Service,Metropolitan Police Service,0.074361,51.536918,On or near Sports/Recreation Area,E01034474,Barking and Dagenham 015F,Burglary,Investigation complete; no suspect identified
fa92a67836cd4b298054248af52e1bd06bfdbb9209b3d5ec161c0706876362e0,2024-07,Metropolitan Police Service,Metropolitan Police Service,0.077141,51.536367,On or near East Street,E01034474,Barking and Dagenham 015F,Burglary,Investigation complete; no suspect identified
98dc0391bccaebd420daec7a86858273651b286c0a8f030524c0fb0d4fdeffab,2024-07,Metropolitan Police Service,Metropolitan Police Service,0.081853,51.541041,On or near Bateman Close,E01000009,Barking and Dagenham 016B,Burglary,Unable to prosecute suspect
acdca228b2845d8dd477f10482ef101c7a3898de6ab9402af500e44a227570bf,2024-07,Metropolitan Police Service,Metropolitan Police Service,0.08366,51.539885,On or near Somerby Road,E01000009,Barking and Dagenham 016B,Burglary,Unable to prosecute suspect
350ca4259e78cd67a05e306e7ed4b59fcef58da77503d40d8cdaa3d5f98bc475,2024-07,Metropolitan Police Service,Metropolitan Police Service,0.081853,51.541041,On or near Bateman Close,E01000009,Barking and Dagenham 016B,Burglary,Investigation complete; no suspect identified
3270520bd21b48c41773c320b6f56281d57daa8b4a7ba457e4a686e8a9075f09,2024-07,Metropolitan Police Service,Metropolitan Police Service,0.081853,51.541041,On or near Bateman Close,E01000009,Barking and Dagenham 016B,Burglary,Investigation complete; no suspect identified
744aeb337915c9f2ebb392780b9c0d5d9e02b141488af4a637e5f71049085b77,2024-07,Metropolitan Police Service,Metropolitan Police Service,0.082268,51.543183,On or near Park Avenue,E01000011,Barking and Dagenham 016C,Burglary,Investigation complete; no suspect identified
6e3cb3138707d8d0d49761aea1ddcb54f14757bca911e83fa9b6cd8ad0203267,2024-07,Metropolitan Police Service,Metropolitan Police Service,0.080183,51.541736,On or near Glenny Road,E01000011,Barking and Dagenham 016C,Burglary,Unable to prosecute suspect
6bf0d6754a18d60a687388bd76bbf3a718dc42a76bab267a9439fb2e4d74e525,2024-07,Metropolitan Police Service,Metropolitan Police Service,0.107049,51.532974,On or near Petrol Station,E01000045,Barking and Dagenham 017C,Burglary,Investigation complete; no suspect identified
c04abd2d803ee62eebb29a8b20c4a895372362161f9d0c46279307ccbc826ec2,2024-07,Metropolitan Police Service,Metropolitan Police Service,0.11299,51.542633,On or near Lodge Avenue,E01000072,Barking and Dagenham 017E,Burglary,Investigation complete; no suspect identified
c62ce8b12b03dc794070176e601dad4a114ddbbef48b09400920bdad98e5adc7,2024-07,Metropolitan Police Service,Metropolitan Police Service,0.12959,51.534303,On or near Wix Road,E01000055,Barking and Dagenham 018B,Burglary,Court result unavailable
eaf2ebd759e5178f7a1b6bfa5af1261a98ad2d851de9359fa6f1eceb7d1509d5,2024-07,Metropolitan Police Service,Metropolitan Police Service,0.13603,51.53173,On or near Cook Road,E01000095,Barking and Dagenham 018E,Burglary,Investigation complete; no suspect identified
c4281e57e7c3f1ea3b60ed063df70c4be802cdbcf0b7fdc5b3b60f794af0026d,2024-07,Metropolitan Police Service,Metropolitan Police Service,0.122535,51.524296,On or near Harebell Terrace,E01000095,Barking and Dagenham 018E,Burglary,Investigation complete; no suspect identified
54216500c2c06577b6915370b194d1eff12b5c4cdd9f761a804c85567ddee699,2024-07,Metropolitan Police Service,Metropolitan Police Service,0.088686,51.528384,On or near Kingsbridge Road,E01034475,Barking and Dagenham 019F,Burglary,Unable to prosecute suspect
843eafe8fa4691c2d55f34b55a37a26bc0049631b4b7085b8bec145dcb8eeff7,2024-07,Metropolitan Police Service,Metropolitan Police Service,0.096307,51.529516,On or near William Hope Close,E01034475,Barking and Dagenham 019F,Burglary,Investigation complete; no suspect identified
801b2c2e025be4804647940b6e4c04de68daecbe3787fab83f63cc09f35cac73,2024-07,Metropolitan Police Service,Metropolitan Police Service,0.105239,51.523115,On or near Sedge Gardens,E01034476,Barking and Dagenham 019G,Burglary,Investigation complete; no suspect identified
b53e5fe361c9f1dbf7e2f51e15c0ef868539194c11a12464c9beef62f930c105,2024-07,Metropolitan Police Service,Metropolitan Police Service,0.109287,51.522439,On or near Grebe Close,E01034477,Barking and Dagenham 019H,Burglary,Investigation complete; no suspect identified
71ceb9a3be5edbdf73f43c60faae49dc9e8257be1e9b155f3a842ef087526fc2,2024-07,Metropolitan Police Service,Metropolitan Police Service,0.160939,51.527335,On or near East Entrance,E01000090,Barking and Dagenham 020E,Burglary,Investigation complete; no suspect identified
6a7d59134d30bab17b9ad3d7407b5f198c408ed2f35a307fc8edc7eea757ac3a,2024-07,Metropolitan Police Service,Metropolitan Police Service,0.082498,51.535589,On or near Conference/Exhibition Centre,E01000051,Barking and Dagenham 021D,Burglary,Investigation complete; no suspect identified
0eaf39c17183aafc839548bf9c101551f14b652cab4779d881d0c8be82fc0673,2024-07,Metropolitan Police Service,Metropolitan Police Service,0.080967,51.533629,On or near St Ann'S,E01034479,Barking and Dagenham 021G,Burglary,Investigation complete; no suspect identified
54ad055e23a74d474aaf915e5d67d3b905921519254c8570b21fb0cb4caf28fc,2024-07,Metropolitan Police Service,Metropolitan Police Service,0.117009,51.533208,On or near Krithia Road,E01000096,Barking and Dagenham 022D,Burglary,Investigation complete; no suspect identified
511d8d93514fe1bb7b494b530402d4f25a20573a9736e2f568c60deea12307c0,2024-07,Metropolitan Police Service,Metropolitan Police Service,0.130903,51.564567,On or near Kemp Road,E01000097,Barking and Dagenham 023C,Burglary,Unable to prosecute suspect
befcc3b36e4992880fcd026c960143a1c46ec6810bd1847783996f8eba491809,2024-07,Metropolitan Police Service,Metropolitan Police Service,0.131489,51.563827,On or near Claridge Road,E01000097,Barking and Dagenham 023C,Burglary,Investigation complete; no suspect identified
f174167a36e43427564d89a49b8fda7c06f212e7ff133fb3071a2921624dd4db,2024-07,Metropolitan Police Service,Metropolitan Police Service,0.134042,51.566596,On or near Freshwater Road,E01000099,Barking and Dagenham 023E,Burglary,Investigation complete; no suspect identified
40db2455d5af3e330bde568921934ffb87fb8b2b5eba40af5f6323dc41b49c46,2024-07,Metropolitan Police Service,Metropolitan Police Service,0.123725,51.56163,On or near Burnside,E01032580,Barking and Dagenham 023F,Burglary,Investigation complete; no suspect identified
22c5a44c5788143b3c8e0a162e0a21b9668a53c97168227464048bd65fd404d0,2024-07,Metropolitan Police Service,Metropolitan Police Service,-0.203299,51.64567,On or near Supermarket,E01000292,Barnet 001E,Burglary,Unable to prosecute suspect
4059a9b85dff57d8f2a7162625e0be104e055e73239ee457bbaead8bbd98237a,2024-07,Metropolitan Police Service,Metropolitan Police Service,-0.178263,51.653151,On or near Cromer Road,E01000247,Barnet 002C,Burglary,Investigation complete; no suspect identified
c82862fa4996fe0fa422619eb0a13b1f99390030c8fefa6890499ebef28b83ad,2024-07,Metropolitan Police Service,Metropolitan Police Service,-0.17874,51.650281,On or near Plantagenet Road,E01000251,Barnet 002D,Burglary,Investigation complete; no suspect identified
35cc484351c96cacdc94c247f20d55203ed9cc81d347bf172ea06f7265294bff,2024-07,Metropolitan Police Service,Metropolitan Police Service,-0.178057,51.651448,On or near Bulwer Gardens,E01000251,Barnet 002D,Burglary,Investigation complete; no suspect identified
467b8fb5356b99425f347cdbf93d9facdee31d3ad14e75e7f3260a33635fbeef,2024-07,Metropolitan Police Service,Metropolitan Police Service,-0.178057,51.651448,On or near Bulwer Gardens,E01000251,Barnet 002D,Burglary,Investigation complete; no suspect identified
2f8ffae4b3aac5f947059ffcc05a8fe7d6c4ddc2160b6660fd791954165b18e4,2024-07,Metropolitan Police Service,Metropolitan Police Service,-0.152435,51.650895,On or near Church Way,E01000168,Barnet 003B,Burglary,Investigation complete; no suspect identified
7670437cba4d52927c388dbfc66f4eddec48c24638bc6fb1c0a06d128d579d28,2024-07,Metropolitan Police Service,Metropolitan Police Service,-0.186037,51.644899,On or near Raydean Road,E01000269,Barnet 005C,Burglary,Investigation complete; no suspect identified
2521c7f3d68da11d0d084781115cc848d9d7a9ad34745ff12e289ae99ecfce4c,2024-07,Metropolitan Police Service,Metropolitan Police Service,-0.17629,51.646853,On or near Richmond Road,E01000270,Barnet 005D,Burglary,Investigation complete; no suspect identified
cbae9edef58e3f103170265b424a587d65f589eaa5a624b2f7b14e649a665c40,2024-07,Metropolitan Police Service,Metropolitan Police Service,-0.168694,51.64847,On or near Further/Higher Educational Building,E01000171,Barnet 006B,Burglary,Investigation complete; no suspect identified
dfcbf9c438f1d708b07dd69a54bfa9eaf1dba549acbd02dad974aba9554fae4b,2024-07,Metropolitan Police Service,Metropolitan Police Service,-0.170196,51.649563,On or near Petrol Station,E01000171,Barnet 006B,Burglary,Investigation complete; no suspect identified
4683ddb2d2477af468244eb56ef686aa596574806086a8ca02c4a1ec180bf6f0,2024-07,Metropolitan Police Service,Metropolitan Police Service,-0.242725,51.642659,On or near Brickfield Lane,E01000253,Barnet 007B,Burglary,Investigation complete; no suspect identified
6f6c0d1c1298a2f58b9152dfd3f1f2e6d2f514b44b8f121e86e52e722bd2add4,2024-07,Metropolitan Police Service,Metropolitan Police Service,-0.195095,51.63156,On or near Harmsworth Way,E01000279,Barnet 007C,Burglary,Investigation complete; no suspect identified
1e2dee9f9456048286d7b68f8b6b3a20de281b26fdf069641bbf9c2b457cd33a,2024-07,Metropolitan Police Service,Metropolitan Police Service,-0.221232,51.631985,On or near Totteridge Common,E01000279,Barnet 007C,Burglary,Unable to prosecute suspect
a8f5f89a5ba0518c13cecff8eae24da4ba4b2ea32d3e611cc7d3285f9dff7772,2024-07,Metropolitan Police Service,Metropolitan Police Service,-0.197807,51.629488,On or near The Close,E01000279,Barnet 007C,Burglary,Investigation complete; no suspect identified
0ca264c363290260f61d3b214553e000c4cb27add254bea55c5bbec725cc895f,2024-07,Metropolitan Police Service,Metropolitan Police Service,-0.169072,51.632263,On or near The Firs,E01000273,Barnet 008C,Burglary,Investigation complete; no suspect identified
7765402a9789611b948fa1d47925f4113e5652d9d9afec523cea52c892fe0226,2024-07,Metropolitan Police Service,Metropolitan Police Service,-0.172476,51.62701,On or near Sweets Way,E01000281,Barnet 008D,Burglary,Investigation complete; no suspect identified
2074aa11d9a3cb7c8d4fe847ab621f1e6c5288f341e23b12377cc10a125552e1,2024-07,Metropolitan Police Service,Metropolitan Police Service,-0.176257,51.630738,On or near Parking Area,E01000282,Barnet 008E,Burglary,Status update unavailable
44da220ce746ca311edb8045e5bfcc4cf9ff8be805178f805c3ce891e30f7ec9,2024-07,Metropolitan Police Service,Metropolitan Police Service,-0.144527,51.637812,On or near Cedar Rise,E01000115,Barnet 009A,Burglary,Investigation complete; no suspect identified
d0a2e6f30483c499470bf96936621e605c030d71673868c08feec2ad43e45ccb,2024-07,Metropolitan Police Service,Metropolitan Police Service,-0.146881,51.62615,On or near Benfleet Way,E01000121,Barnet 010C,Burglary,Investigation complete; no suspect identified
94182322d90fcabfc5228e27e9ca14ae1207ee8ca53c61038b645bddf720455e,2024-07,Metropolitan Police Service,Metropolitan Police Service,-0.166633,51.627171,On or near Myddelton Park,E01000266,Barnet 011B,Burglary,Investigation complete; no suspect identified
74aea583af4ae517d1b11a04f7a0bfff39bf411bb67ab1ab9babb9fd40ad20fe,2024-07,Metropolitan Police Service,Metropolitan Police Service,-0.159665,51.625839,On or near Barfield Avenue,E01000274,Barnet 011C,Burglary,Investigation complete; no suspect identified
5cb08948b9aaf273f6fec526fc28bd1ec6e4acc4c80827edca8b565cc9fa6bcb,2024-07,Metropolitan Police Service,Metropolitan Police Service,-0.185657,51.622215,On or near Brook Meadow,E01000275,Barnet 012A,Burglary,Investigation complete; no suspect identified
8362b68d8c951911613b4f095947dc0f84f40480c4d5305333b41754ef7bd462,2024-07,Metropolitan Police Service,Metropolitan Police Service,-0.18089,51.617492,On or near Woodside Park Road,E01000277,Barnet 012B,Burglary,Investigation complete; no suspect identified
919dd8a4b7de79274d8113b11def0cabb683a4d72e14452eb5098f66bd061bc3,2024-07,Metropolitan Police Service,Metropolitan Police Service,-0.17493,51.624558,On or near Lilia Mews,E01000284,Barnet 012D,Burglary,Investigation complete; no suspect identified
99ad16eb87750e5a8ce1ac51e44b2e092def0afcf1c0238424b6caabbcfde25d,2024-07,Metropolitan Police Service,Metropolitan Police Service,-0.272578,51.621143,On or near Hazel Gardens,E01000186,Barnet 014A,Burglary,Investigation complete; no suspect identified
acf2cbc1bde679a0a35bdde243a5865081b7db7322d0756a7e75268492df23df,2024-07,Metropolitan Police Service,Metropolitan Police Service,-0.27212,51.627107,On or near Glendevon Close,E01000187,Barnet 014B,Burglary,Status update unavailable
a5b26970ab4d168f415e080df0f7fbf29b28fe34a25b169b396a13300bd0dfa8,2024-07,Metropolitan Police Service,Metropolitan Police Service,-0.278142,51.622619,On or near Edgwarebury Lane,E01000188,Barnet 014C,Burglary,Investigation complete; no suspect identified
6bc8e15454e0666ef962c1aa0d7ea19ebecb9f1219d02ef08d70fe658593007c,2024-07,Metropolitan Police Service,Metropolitan Police Service,-0.285963,51.618237,On or near Orchard Drive,E01000190,Barnet 014E,Burglary,Unable to prosecute suspect
04fadaf62d3eae586aeee6c0fcb6e00c2ab6a99c35f373536c0f87fe7c5f9ff9,2024-07,Metropolitan Police Service,Metropolitan Police Service,-0.152686,51.61484,On or near Stanford Road,E01000158,Barnet 015A,Burglary,Investigation complete; no suspect identified
721b64c3219494cd32554ded774ee795a640aff8bfd7fe52e01006c746ab603e,2024-07,Metropolitan Police Service,Metropolitan Police Service,-0.158348,51.616259,On or near Hatley Close,E01000159,Barnet 015B,Burglary,Investigation complete; no suspect identified
f18e3b163473c3c518569a546432442a6cb7f28298dc32a8000649dfdb88c1b2,2024-07,Metropolitan Police Service,Metropolitan Police Service,-0.159787,51.617838,On or near Friern Barnet Lane,E01000159,Barnet 015B,Burglary,Investigation complete; no suspect identified
4ec8d177561bfc5d82ffdaf570cdec0101720dcdb47fcfa94a732176f59d98bd,2024-07,Metropolitan Police Service,Metropolitan Police Service,-0.143675,51.611339,On or near Shopping Area,E01000160,Barnet 015C,Burglary,Investigation complete; no suspect identified
bb096a6fca632105ce7f3fdcc14b296f6413c2171fbaa269a6bf385be8773abc,2024-07,Metropolitan Police Service,Metropolitan Police Service,-0.149708,51.61455,On or near A1003,E01000161,Barnet 015D,Burglary,Investigation complete; no suspect identified
4c0c9aa1d320d1822be10314293b7c09f925bff64d63cfab73bf1df01e6f552d,2024-07,Metropolitan Police Service,Metropolitan Police Service,-0.159526,51.612143,On or near Supermarket,E01000162,Barnet 015E,Burglary,Investigation complete; no suspect identified
b5245541e6924c5db5f6b930716e9f916c8ca7a7fed1a9149e9826cd34b59dbd,2024-07,Metropolitan Police Service,Metropolitan Police Service,-0.243597,51.612224,On or near Parkmead Gardens,E01000258,Barnet 016B,Burglary,Investigation complete; no suspect identified
99e7a958dc5c0ecf71187d317a28cc4c3ae4df81ddd135472f4f88974502df53,2024-07,Metropolitan Police Service,Metropolitan Police Service,-0.239843,51.617411,On or near Birkbeck Road,E01000258,Barnet 016B,Burglary,Investigation complete; no suspect identified
ae942a6f84868e54656e6a56bdb3427e44f7b016a474ea26484d263d35b1c411,2024-07,Metropolitan Police Service,Metropolitan Police Service,-0.246524,51.61609,On or near Goodwyn Avenue,E01000264,Barnet 016D,Burglary,Investigation complete; no suspect identified
69dac7f7ed917746afa97739839b7ce8d1467f46b3518514bf011cd6d824a7e9,2024-07,Metropolitan Police Service,Metropolitan Police Service,-0.225667,51.60941,On or near Brookfield Close,E01000255,Barnet 017A,Burglary,Investigation complete; no suspect identified
f294921eb2b692c5bce93422857ff0dd362852efdd2f59b245619a376f600a72,2024-07,Metropolitan Police Service,Metropolitan Police Service,-0.222391,51.609342,On or near Moreton Close,E01000255,Barnet 017A,Burglary,Investigation complete; no suspect identified
db4f4e349e597abc89554a347968be135cee9b050192a3819bb2147c7f8d3d4e,2024-07,Metropolitan Police Service,Metropolitan Police Service,-0.225667,51.60941,On or near Brookfield Close,E01000255,Barnet 017A,Burglary,Investigation complete; no suspect identified
72adfbc643527036e403bc4b1e7691388870e754247d7d19795ed630a719f871,2024-07,Metropolitan Police Service,Metropolitan Police Service,-0.210811,51.609283,On or near Bittacy Hill,E01000257,Barnet 017B,Burglary,Investigation complete; no suspect identified
eccdd0c89b03bf7bdb7eaab00f7f36773399d5f2e746da4e8207189ca7839afb,2024-07,Metropolitan Police Service,Metropolitan Police Service,-0.210811,51.609283,On or near Bittacy Hill,E01000257,Barnet 017B,Burglary,Investigation complete; no suspect identified
9d6c1e34c308c828aa4c5b525913be66e47a3808845c1454e9c96ae668593ce1,2024-07,Metropolitan Police Service,Metropolitan Police Service,-0.210811,51.609283,On or near Bittacy Hill,E01000257,Barnet 017B,Burglary,Status update unavailable
8d4baf3b26a5cf397d7ab848ce2454db7373b50686e5f15f3d03eb879ede4fec,2024-07,Metropolitan Police Service,Metropolitan Police Service,-0.210811,51.609283,On or near Bittacy Hill,E01000257,Barnet 017B,Burglary,Investigation complete; no suspect identified
fe1092eaef8840ca3cd0deefaedf68ee48d9077ce2fabfdce2981cd8c2b514a8,2024-07,Metropolitan Police Service,Metropolitan Police Service,-0.279057,51.61712,On or near Campbell Croft,E01000193,Barnet 018B,Burglary,Investigation complete; no suspect identified
f971fa8111f1f9aa7b4ec8b29761cbb4a0b45591e96e6b12b459ce66e7a40ab6,2024-07,Metropolitan Police Service,Metropolitan Police Service,-0.277368,51.609101,On or near Edgware Road High Street,E01000194,Barnet 018C,Burglary,Investigation complete; no suspect identified
10330320136b5a25e5e95cf028af70f45b0c4cd116bd5afe9948a5a7f7d43408,2024-07,Metropolitan Police Service,Metropolitan Police Service,-0.277809,51.612713,On or near Gideon Close,E01000194,Barnet 018C,Burglary,Investigation complete; no suspect identified
61e7171d1eab96ff4598d311c0348a81551d314818ceb8d608185d0f5acc6f7e,2024-07,Metropolitan Police Service,Metropolitan Police Service,-0.266567,51.610174,On or near Edrick Walk,E01000226,Barnet 018D,Burglary,Awaiting court outcome
6094fd78fa2a1a891ea5a81db221319d1002cb6adaff6953557b1955a4878fdb,2024-07,Metropolitan Police Service,Metropolitan Police Service,-0.178936,51.616509,On or near Albert Street,E01000299,Barnet 019A,Burglary,Investigation complete; no suspect identified
4e7c2dc7a882afed5ca27442549ae9c6f7b49852aa7f60e4f70643b9dca3a051,2024-07,Metropolitan Police Service,Metropolitan Police Service,-0.176887,51.616108,On or near Winifred Place,E01000299,Barnet 019A,Burglary,Investigation complete; no suspect identified
178d7b89df25745d8529be0176ca7a7aa3a4c5f8cc608ef19183d23f25286f79,2024-07,Metropolitan Police Service,Metropolitan Police Service,-0.187696,51.6149,On or near Springfield Close,E01000300,Barnet 019B,Burglary,Status update unavailable
5e164f84782935c91bda05483459ac040cc291068bb3f91d49cfa1db77e74318,2024-07,Metropolitan Police Service,Metropolitan Police Service,-0.180803,51.605576,On or near Holdenhurst Avenue,E01000317,Barnet 019D,Burglary,Investigation complete; no suspect identified
29cdb4ec1d9ca46d0ba671476074e1a32340c15cfa7282e6160d15e07a45f519,2024-07,Metropolitan Police Service,Metropolitan Police Service,-0.181334,51.60857,On or near Montrose Crescent,E01000317,Barnet 019D,Burglary,Unable to prosecute suspect
3e2e65adff00e662a25ae11fdb15c597869c2e3bb22d17b53ab7a2d3c3779ff5,2024-07,Metropolitan Police Service,Metropolitan Police Service,-0.195752,51.621561,On or near Michleham Down,E01000276,Barnet 020A,Burglary,Investigation complete; no suspect identified
d58fcbe636bae69aeab560dc4c498eb1a44877a61943e600031d5d65d06c69ba,2024-07,Metropolitan Police Service,Metropolitan Police Service,-0.193724,51.611872,On or near Fursby Avenue,E01000278,Barnet 020B,Burglary,Status update unavailable
da0894f8dacc3f5205e42bd464b76d9f98ee0c250ce45f37c7f9c971c7f6e9c3,2024-07,Metropolitan Police Service,Metropolitan Police Service,-0.191931,51.61046,On or near Fursby Avenue,E01000303,Barnet 020D,Burglary,Investigation complete; no suspect identified
627e109b1d6ed0bf42b59567892f3754de913836a3e9924edb9ff4bdedbf0281,2024-07,Metropolitan Police Service,Metropolitan Police Service,-0.191931,51.61046,On or near Fursby Avenue,E01000303,Barnet 020D,Burglary,Investigation complete; no suspect identified
091647137eb7989f85f92249e5f49ac86919980c5b727f9b69b13b5f65d5b35b,2024-07,Metropolitan Police Service,Metropolitan Police Service,-0.25101,51.60498,On or near Cranfield Drive,E01000130,Barnet 021A,Burglary,Investigation complete; no suspect identified
5eabef94f7b24c882de0a41ff9c8e10ec3dfc5429958fb02eb946cde0adcb175,2024-07,Metropolitan Police Service,Metropolitan Police Service,-0.252115,51.613808,On or near Limes Avenue,E01000234,Barnet 021D,Burglary,Investigation complete; no suspect identified
5a01b64709ca5451e73fdd6b32b5fd2677f06ebd2ea3ea6b122cb131a31f2dd9,2024-07,Metropolitan Police Service,Metropolitan Police Service,-0.251133,51.609298,On or near Eversfield Gardens,E01000235,Barnet 021E,Burglary,Investigation complete; no suspect identified
22b68ae6a4df3fb55ffeb39b64e486ae89c194b347179a797f6cc2c0c2c768b8,2024-07,Metropolitan Police Service,Metropolitan Police Service,-0.257503,51.610786,On or near Gold Lane,E01000235,Barnet 021E,Burglary,Investigation complete; no suspect identified
748afa68f0f6bc766af181c248bffef4d4b1690c5d525a0f27dfd06a2063ff72,2024-07,Metropolitan Police Service,Metropolitan Police Service,-0.254974,51.610829,On or near Oldberry Road,E01000235,Barnet 021E,Burglary,Investigation complete; no suspect identified
804ae637e9a9bc53f55d3f0ffd0b5e6f63cf87a645b52a65848c7655f59410fc,2024-07,Metropolitan Police Service,Metropolitan Police Service,-0.149735,51.598598,On or near Wilton Road,E01000156,Barnet 022A,Burglary,Investigation complete; no suspect identified
124af2f4d1a4985d05b83004258e5eb61594a3c9e209805d60e384d117c28071,2024-07,Metropolitan Police Service,Metropolitan Police Service,-0.147795,51.600501,On or near B550,E01000156,Barnet 022A,Burglary,Investigation complete; no suspect identified
8609a1ec3253e7b292b373b7d5fb14220ddc6d3eba1eb15054c0b18e71cbc36a,2024-07,Metropolitan Police Service,Metropolitan Police Service,-0.147795,51.600501,On or near B550,E01000156,Barnet 022A,Burglary,Investigation complete; no suspect identified
c33653ca0a5d4da0bcb8732bc2875d789579b203eb8bf2c0d1631fedb1cb3a0c,2024-07,Metropolitan Police Service,Metropolitan Police Service,-0.147795,51.600501,On or near B550,E01000156,Barnet 022A,Burglary,Investigation complete; no suspect identified
cd42f593502904e41a288fc81d4afa8438038c20fef87cb95c018e73008b83ce,2024-07,Metropolitan Police Service,Metropolitan Police Service,-0.142625,51.604762,On or near Alexandra Road,E01000163,Barnet 022C,Burglary,Investigation complete; no suspect identified
175ca5b00db091ab433a1b2507cb8e70d9bda1e700d32de6fce3dd5ae56d14f7,2024-07,Metropolitan Police Service,Metropolitan Police Service,-0.150398,51.603257,On or near George Crescent,E01000164,Barnet 022D,Burglary,Investigation complete; no suspect identified
8eb05a83b43a795963881cc1290fd695dc201bdbd612c426d9fe5d6a54934a1c,2024-07,Metropolitan Police Service,Metropolitan Police Service,-0.154422,51.606216,On or near Pinkham Way,E01000164,Barnet 022D,Burglary,Investigation complete; no suspect identified
3bbfa55f331c0b08d6d4bdb41ecea0c9d6eaf3ad9c69a9e9591e6c9fdf05c96e,2024-07,Metropolitan Police Service,Metropolitan Police Service,-0.151944,51.609981,On or near Wharfdale Close,E01000165,Barnet 022E,Burglary,Unable to prosecute suspect
11c0c52b88351d870ad701ebcc5a223c999731dc5fc32fd5c879e7f9b1e0a2d6,2024-07,Metropolitan Police Service,Metropolitan Police Service,-0.168622,51.607563,On or near Summers Lane,E01000315,Barnet 022F,Burglary,Investigation complete; no suspect identified
d52cf36de5f64a29ef743d0999a5e9d7350f7775c886715471e8a2595d8ba4c9,2024-07,Metropolitan Police Service,Metropolitan Police Service,-0.163161,51.611173,On or near Short Way,E01000315,Barnet 022F,Burglary,Awaiting court outcome
346c5a358f8edc8ad2bc400ea3c6a541b810f9a0f2a3223b8c39504af89b3386,2024-07,Metropolitan Police Service,Metropolitan Police Service,-0.162512,51.609724,On or near Fallowfields Drive,E01000315,Barnet 022F,Burglary,Investigation complete; no suspect identified
79b881128b63533c264ae2a1bdf9084e01cee7fd3bb9c3f856fb2ed11adff68e,2024-07,Metropolitan Police Service,Metropolitan Police Service,-0.191136,51.599594,On or near Station Close,E01000197,Barnet 023A,Burglary,Investigation complete; no suspect identified
c282358e62734ce757c22c5bda518c4df50d631e54032dc16fce9f1baa5ff74c,2024-07,Metropolitan Police Service,Metropolitan Police Service,-0.187498,51.60282,On or near Claverley Grove,E01000295,Barnet 023B,Burglary,Investigation complete; no suspect identified
b0c168235e2ba51f1b9bab30ff572276cd6af892c7c8db3c329c9699df61570b,2024-07,Metropolitan Police Service,Metropolitan Police Service,-0.192104,51.603197,On or near Supermarket,E01000296,Barnet 023C,Burglary,Investigation complete; no suspect identified
73a9f3b60b0b4ab8c7dd6e1abad9b50943f7b8040ef6a98b6a09a47ae3bd68ce,2024-07,Metropolitan Police Service,Metropolitan Police Service,-0.193368,51.60229,On or near Albert Place,E01000296,Barnet 023C,Burglary,Investigation complete; no suspect identified
7c786f3f19f2bd12a47751b73c5a43eac38df5e451ca2325ed74629b921188ea,2024-07,Metropolitan Police Service,Metropolitan Police Service,-0.256581,51.608461,On or near Milling Road,E01000127,Barnet 024B,Burglary,Investigation complete; no suspect identified
2a9e7da91ff8e7d4ac589137c02e27ea88993d82af5562e15d562de7c885c12e,2024-07,Metropolitan Police Service,Metropolitan Police Service,-0.270208,51.604823,On or near Cameron Crescent,E01033913,Barnet 024G,Burglary,Unable to prosecute suspect
c58244f87fe8dcf4bce150972708256be6f8c87883dd661f7d69c527ce424057,2024-07,Metropolitan Police Service,Metropolitan Police Service,-0.267138,51.605426,On or near Grace Close,E01033914,Barnet 024H,Burglary,Unable to prosecute suspect
8e46cd36b2bc184d1ffb98e237be90457a8510c4568a310e33572167aeb67f20,2024-07,Metropolitan Police Service,Metropolitan Police Service,-0.218246,51.611204,On or near Engel Park,E01000259,Barnet 025D,Burglary,Investigation complete; no suspect identified
da7444cd605167ff456171150261024420594322fffbffc167ff99c01035f24a,2024-07,Metropolitan Police Service,Metropolitan Police Service,-0.233137,51.601133,On or near Watford Way (Barnet By-Pass),E01000260,Barnet 025E,Burglary,Unable to prosecute suspect
847a509353d366ea00cc805fb8413afbe46ea0b4b441b2e343a8aa2d72832650,2024-07,Metropolitan Police Service,Metropolitan Police Service,-0.242557,51.604754,On or near Rowan Avenue,E01000152,Barnet 026C,Burglary,Investigation complete; no suspect identified
0c232f5c01590b1e82119c28982b748892e25593eb0466aeab2a749e5edc3839,2024-07,Metropolitan Police Service,Metropolitan Police Service,-0.248744,51.603462,On or near Parklea Close,E01000153,Barnet 026D,Burglary,Unable to prosecute suspect
354fc1193554e5ca7c4e60f81c1866c0e169b555ee27f32909ac3c96f3b5f3a2,2024-07,Metropolitan Police Service,Metropolitan Police Service,-0.2443,51.598126,On or near Percival Avenue,E01000154,Barnet 026E,Burglary,Court result unavailable
05b11ace2b6f351c86ba83dbb8e7b2f762fc99f459b19f016211027ef7a51d74,2024-07,Metropolitan Police Service,Metropolitan Police Service,-0.245254,51.599219,On or near Hundred Acre,E01000154,Barnet 026E,Burglary,Investigation complete; no suspect identified
b82f4765b2ca08f830031a23ecbc358f5791338abe362412e97ee36b4ca99e22,2024-07,Metropolitan Police Service,Metropolitan Police Service,-0.17332,51.604579,On or near Chaplin Square,E01000316,Barnet 027E,Burglary,Investigation complete; no suspect identified
48dc4490841f67822c4d4c0fce224bfc3a12f7908b83b9a990b3b3049e66c30e,2024-07,Metropolitan Police Service,Metropolitan Police Service,-0.174791,51.601022,On or near Petrol Station,E01000316,Barnet 027E,Burglary,Awaiting court outcome
cde737dd37902b1373a976ed0afc6d2f00bbf51846013a859f23e0af7e30a12b,2024-07,Metropolitan Police Service,Metropolitan Police Service,-0.194549,51.599449,On or near Arcadia Avenue,E01000196,Barnet 028A,Burglary,Investigation complete; no suspect identified
a255b1de5251649539b9767bec9a665027de06cd1516ac406c3148d5ac46074e,2024-07,Metropolitan Police Service,Metropolitan Police Service,-0.198214,51.599505,On or near Rectory Close,E01000196,Barnet 028A,Burglary,Unable to prosecute suspect
44e9af21be2d0e307edaed42bee44a78ea7084be20a4d591c30840538aca28f5,2024-07,Metropolitan Police Service,Metropolitan Police Service,-0.198466,51.596056,On or near Regent'S Park Road,E01000196,Barnet 028A,Burglary,Unable to prosecute suspect
17edeef75a9247340a1b5fdf4ffff52e425bb63f4e0eec3f572f4327293cb3d0,2024-07,Metropolitan Police Service,Metropolitan Police Service,-0.202461,51.595074,On or near Salisbury Avenue,E01000200,Barnet 028B,Burglary,Investigation complete; no suspect identified
6aec6f7375e3b20f0acdf3285c191658172eb58f436f1e88195375aa414f5733,2024-07,Metropolitan Police Service,Metropolitan Police Service,-0.20399,51.596212,On or near Hendon Lane,E01000200,Barnet 028B,Burglary,Investigation complete; no suspect identified
6dfae9d94cfef2ad2cb382397635331ba6b449080b42c98ba1e47dcf5bf9ab44,2024-07,Metropolitan Police Service,Metropolitan Police Service,-0.195635,51.594277,On or near Upper Cavendish Avenue,E01000202,Barnet 028D,Burglary,Status update unavailable
ab3d1ce27be44e867d2adec769c8789cd51978f24f0bc8c1c2270e463353e1ca,2024-07,Metropolitan Police Service,Metropolitan Police Service,-0.19901,51.590696,On or near Tillingbourne Gardens,E01000203,Barnet 028E,Burglary,Investigation complete; no suspect identified
3f5e229d96c2933414338e2b28b4cb93c84d520f1d52812acb78c25cac777c1f,2024-07,Metropolitan Police Service,Metropolitan Police Service,-0.173344,51.594247,On or near Elmfield Road,E01000177,Barnet 029A,Burglary,Investigation complete; no suspect identified
c4c94d7718c695ba7cd4acbf23bfe035ac04b26834407816a62f946f61d1a0e9,2024-07,Metropolitan Police Service,Metropolitan Police Service,-0.169163,51.589434,On or near Prospect Place,E01000180,Barnet 029C,Burglary,Investigation complete; no suspect identified
e1515c884cd2653fe2e1f0c90882d3b0e5bd8fcbf5d74803a07043d7b1c44eac,2024-07,Metropolitan Police Service,Metropolitan Police Service,-0.172576,51.589658,On or near Cromwell Close,E01000180,Barnet 029C,Burglary,Unable to prosecute suspect
75ee7e21d3534e133a1f4f5c0ead24368336c33b9a5b3ed41c13fa7b3600b766,2024-07,Metropolitan Police Service,Metropolitan Police Service,-0.161225,51.590811,On or near Lincoln Road,E01000181,Barnet 029D,Burglary,Investigation complete; no suspect identified
845da723aa649a7da457996498bfb28e1adc2e8263996cdeef185f3ca00eab8b,2024-07,Metropolitan Police Service,Metropolitan Police Service,-0.166626,51.589358,On or near Deanery Close,E01000181,Barnet 029D,Burglary,Unable to prosecute suspect
8c739b579b5ea21ed8dd58557bd06758fdced6930d5702c9d2b05d442c18c013,2024-07,Metropolitan Police Service,Metropolitan Police Service,-0.223993,51.597902,On or near Chatsworth Close,E01000240,Barnet 031B,Burglary,Investigation complete; no suspect identified
db4a084a02c98e418276a991495694bb9d5e08a8473d37414f16531fef06ffef,2024-07,Metropolitan Police Service,Metropolitan Police Service,-0.232907,51.59479,On or near Clarendon Gardens,E01000240,Barnet 031B,Burglary,Unable to prosecute suspect
5a25567539ef59b585dccea08e18b525b0224c82aea1723fe63606989a5c8e21,2024-07,Metropolitan Police Service,Metropolitan Police Service,-0.226173,51.593843,On or near Sunningfields Road,E01000241,Barnet 031C,Burglary,Investigation complete; no suspect identified
4b612484ce93fca866a78e7442bbafe5a7fee32b677adc2d3017a3de71104994,2024-07,Metropolitan Police Service,Metropolitan Police Service,-0.23437,51.586854,On or near Colindeep Gardens,E01000309,Barnet 031D,Burglary,Unable to prosecute suspect
50a316085e5c6059df44bde13d0071fd64aaad9eab557c0149d2bc60f408b9fe,2024-07,Metropolitan Police Service,Metropolitan Police Service,-0.216395,51.586924,On or near Bell Lane,E01000237,Barnet 032A,Burglary,Investigation complete; no suspect identified
57f2e2e45d0d566adb89194ebcb6cbf9793776f8d08e851e822e17dac2f14e05,2024-07,Metropolitan Police Service,Metropolitan Police Service,-0.22334,51.589484,On or near John'S Avenue,E01000243,Barnet 032C,Burglary,Investigation complete; no suspect identified
603d045f7b244071b07063662bd6a92dc9ca57bdd5f15acef60006530dd01503,2024-07,Metropolitan Police Service,Metropolitan Police Service,-0.225756,51.589798,On or near Supermarket,E01000244,Barnet 032D,Burglary,Investigation complete; no suspect identified
96ba59a24b34110f1967bf928b4df165c2ef986db85c76688d67b79855aebf14,2024-07,Metropolitan Police Service,Metropolitan Police Service,-0.225756,51.589798,On or near Supermarket,E01000244,Barnet 032D,Burglary,Investigation complete; no suspect identified
193b8de6468c7ebcee87c0a4f4727cf1a705afbd3b390aa9c3ebe2e7ec33f0de,2024-07,Metropolitan Police Service,Metropolitan Police Service,-0.226501,51.589118,On or near Babington Road,E01000244,Barnet 032D,Burglary,Unable to prosecute suspect
5009af90553970d8c68370c07dc0c7d7d3a10b1359aae7ac365450a0a121d1a3,2024-07,Metropolitan Police Service,Metropolitan Police Service,-0.221835,51.585513,On or near Eaton Road,E01000245,Barnet 032E,Burglary,Investigation complete; no suspect identified
2dabc23cc892bb89522e1c2a1e2fabbf867e9c38380ef3278c0a91d35d89d095,2024-07,Metropolitan Police Service,Metropolitan Police Service,-0.228319,51.580603,On or near Allington Road,E01000314,Barnet 032F,Burglary,Unable to prosecute suspect
1a4b3d89161eeafa6f2bb06614246bc3c0cdaba5ec47d968c8cd73900ccbaca4,2024-07,Metropolitan Police Service,Metropolitan Police Service,-0.177395,51.588635,On or near Heath View,E01000183,Barnet 033A,Burglary,Investigation complete; no suspect identified
34a384723b4fce16f366a40f16a171c4979118dc26372230a47c65218b949dec,2024-07,Metropolitan Police Service,Metropolitan Police Service,-0.172805,51.571703,On or near Hampstead Lane,E01000206,Barnet 033B,Burglary,Investigation complete; no suspect identified
b2d7aa4043d30b3c64ddffc147bcec45958fb7f360fbb7318b36c137a2e0369e,2024-07,Metropolitan Police Service,Metropolitan Police Service,-0.181832,51.583084,On or near Litchfield Way,E01000207,Barnet 033C,Burglary,Investigation complete; no suspect identified
c920ca6a62a1e0c68db8a7bfbe7ad03fd38a065205c7970b166813f7c02f273c,2024-07,Metropolitan Police Service,Metropolitan Police Service,-0.181423,51.58538,On or near Bute Mews,E01000207,Barnet 033C,Burglary,Investigation complete; no suspect identified
9d1d61ea94c1f9066ef076bc4334cac994173e526675334b269859c3fff9358a,2024-07,Metropolitan Police Service,Metropolitan Police Service,-0.173025,51.584584,On or near Deacons Rise,E01000208,Barnet 033D,Burglary,Investigation complete; no suspect identified
0508dc5ea5b6b553d6e85f073118f738f96ce390bec7aa5152cc6a7e1815708d,2024-07,Metropolitan Police Service,Metropolitan Police Service,-0.164629,51.586251,On or near Beaumont Close,E01000208,Barnet 033D,Burglary,Investigation complete; no suspect identified
5fedfef837e3992a4345b05f4fbe279a662995ad74f892b3320405fc6faaba0c,2024-07,Metropolitan Police Service,Metropolitan Police Service,-0.218827,51.577519,On or near Brent Cross Gardens,E01000310,Barnet 034C,Burglary,Unable to prosecute suspect
4f386ed47a6dd4c3f6383e72b70c582b67e8410f1d1945d4e56c9782f9772bd4,2024-07,Metropolitan Police Service,Metropolitan Police Service,-0.216859,51.57766,On or near North Circular Road,E01000310,Barnet 034C,Burglary,Investigation complete; no suspect identified
60631bd4995c376771cb78ed6e0ed9d2501921a26cbdf1a7e0c89c30b6681971,2024-07,Metropolitan Police Service,Metropolitan Police Service,-0.227068,51.58196,On or near A41,E01000310,Barnet 034C,Burglary,Unable to prosecute suspect
e130b5c6332039c5ce9737dcb3ab575cfd6c2eede1bf0f85e57f618c8ae1bb1f,2024-07,Metropolitan Police Service,Metropolitan Police Service,-0.214921,51.579608,On or near Shirehall Park,E01000311,Barnet 034D,Burglary,Awaiting court outcome
5f3f876a848a04eb7e19e53dee105c0f04588a29713587236cb2dcdefbc9d8a4,2024-07,Metropolitan Police Service,Metropolitan Police Service,-0.214921,51.579608,On or near Shirehall Park,E01000311,Barnet 034D,Burglary,Investigation complete; no suspect identified
bf6a54a35f90f52e5011ce6b2383a72f02dfcb04977a0d3bfd311626e1dc1b68,2024-07,Metropolitan Police Service,Metropolitan Police Service,-0.190875,51.587621,On or near Cedar Drive,E01000205,Barnet 035A,Burglary,Investigation complete; no suspect identified
cdd2ac92feac53362798030215f32695311920302197d06f1d40548d55125d7e,2024-07,Metropolitan Police Service,Metropolitan Police Service,-0.19305,51.584112,On or near Erskine Hill,E01000209,Barnet 035B,Burglary,Investigation complete; no suspect identified
af51e4d95109986cabb8dca18531c2ad6b8aaff0fcfdb9947d6cee1b9456ba94,2024-07,Metropolitan Police Service,Metropolitan Police Service,-0.196038,51.583016,On or near The Orchard,E01000209,Barnet 035B,Burglary,Investigation complete; no suspect identified
7c1dfc2941db7b746b09983ec811a8ca95d7be8fd0cb45c142f943d4b4685a70,2024-07,Metropolitan Police Service,Metropolitan Police Service,-0.199398,51.584542,On or near Birnbeck Close,E01000211,Barnet 035C,Burglary,Investigation complete; no suspect identified
dee0646b5da958151d70871e5e8fe50c73fc9696cdd665c70b4161d2cf2b54f8,2024-07,Metropolitan Police Service,Metropolitan Police Service,-0.187,51.578704,On or near Turner Close,E01000212,Barnet 035D,Burglary,Investigation complete; no suspect identified
3af5a947b08be54b9a77ff1e068d4d184f5a65f76740f0b94657de6ea4502e35,2024-07,Metropolitan Police Service,Metropolitan Police Service,-0.195599,51.580239,On or near Temple Fortune Lane,E01000212,Barnet 035D,Burglary,Investigation complete; no suspect identified
e23aa76ed4316c41a23a8200e0373f368a48f54fa10f2c2df6b1a7da7164a5aa,2024-07,Metropolitan Police Service,Metropolitan Police Service,-0.20005,51.581198,On or near Hendon Park Row,E01000216,Barnet 035E,Burglary,Investigation complete; no suspect identified
16ad5f48cc29bee93f2042005c09df56547e7cd4b465284d60b3b813d4bf56bf,2024-07,Metropolitan Police Service,Metropolitan Police Service,-0.243948,51.58182,On or near Supermarket,E01000150,Barnet 036A,Burglary,Unable to prosecute suspect
17a4a0cae451a26aaed7903a705460aa358528bf2e39bb7afa9d1d2a998c7809,2024-07,Metropolitan Police Service,Metropolitan Police Service,-0.240224,51.577671,On or near Supermarket,E01000305,Barnet 036B,Burglary,Investigation complete; no suspect identified
d3c3f6f7bb5036639b743829986cb8a833d8b9ec6ec510d21ff8304660ab5b59,2024-07,Metropolitan Police Service,Metropolitan Police Service,-0.238436,51.577635,On or near Brent View Road,E01000305,Barnet 036B,Burglary,Investigation complete; no suspect identified
d8087494252638ec13cc3148386909e783da2d5b101c3d29c258a5add0eb9140,2024-07,Metropolitan Police Service,Metropolitan Police Service,-0.24122,51.577677,On or near Perryfield Way,E01000308,Barnet 036D,Burglary,Investigation complete; no suspect identified
4733055e1075cd47506ceca749804cae42282b3af007475bd4e1c5b0e667fc61,2024-07,Metropolitan Police Service,Metropolitan Police Service,-0.242644,51.577797,On or near Moorhen Drive,E01000308,Barnet 036D,Burglary,Investigation complete; no suspect identified
f83592ce339a73799042e45bbb24621a5a183e74100218b3d886c01c7e66312c,2024-07,Metropolitan Police Service,Metropolitan Police Service,-0.248187,51.582277,On or near Hyde Crescent,E01000312,Barnet 036E,Burglary,Investigation complete; no suspect identified
311c057b9843b644c03c75bca62c70d68a02cd62597985f5750f4f033b801281,2024-07,Metropolitan Police Service,Metropolitan Police Service,-0.248187,51.582277,On or near Hyde Crescent,E01000312,Barnet 036E,Burglary,Investigation complete; no suspect identified
af7775f03025b38ccba0dcc0ce9ad9cfddc1590e2aefb163ebf3b9e1b3b3e5d3,2024-07,Metropolitan Police Service,Metropolitan Police Service,-0.207159,51.57146,On or near Ridge Hill,E01000145,Barnet 037A,Burglary,Investigation complete; no suspect identified
79b7e0b44f1668438b6b01553b65efeb31e048015bda643cd0f04305012c6591,2024-07,Metropolitan Police Service,Metropolitan Police Service,-0.207568,51.579415,On or near Highfield Road,E01000215,Barnet 037B,Burglary,Investigation complete; no suspect identified
1ad90280ddb2eac42003d79850bdfe91aa326e726afe64c1156fec751af9dd26,2024-07,Metropolitan Police Service,Metropolitan Police Service,-0.214361,51.575104,On or near Woodville Gardens,E01000219,Barnet 037D,Burglary,Investigation complete; no suspect identified
8a839a74b29750fa325dc6f3b1d752417723c98792f137903b6513704394cfd7,2024-07,Metropolitan Police Service,Metropolitan Police Service,-0.204648,51.586493,On or near Decoy Avenue,E01000225,Barnet 037F,Burglary,Investigation complete; no suspect identified
50758fec7f5bce95bbb9b3e5097a623d32390bf162683c2743bd77c2f0ad4264,2024-07,Metropolitan Police Service,Metropolitan Police Service,-0.206247,51.569333,On or near Wayside,E01000135,Barnet 038A,Burglary,Investigation complete; no suspect identified
f7f704bdb0e9917dee4d5f8fa3982fad8473235b4472e9cd770bc844eb2c6b1c,2024-07,Metropolitan Police Service,Metropolitan Police Service,-0.187692,51.569668,On or near Park Avenue,E01000136,Barnet 038B,Burglary,Investigation complete; no suspect identified
8a5369c0558c00826d7b8ae68d5d67eec3ebc1ec4a339d4b7f2a0338d464d0f6,2024-07,Metropolitan Police Service,Metropolitan Police Service,-0.194671,51.567968,On or near Fernside,E01000136,Barnet 038B,Burglary,Investigation complete; no suspect identified
530b2b61ecca8d5e34d79dd5376a789bc8eaebe3bffe91ba1ad2bfde8c1175a0,2024-07,Metropolitan Police Service,Metropolitan Police Service,-0.195865,51.572429,On or near Parking Area,E01000144,Barnet 038C,Burglary,Investigation complete; no suspect identified
6d8ccee2428b460fab2fd6eb3c02f6b7cddd5a50c83973fe566c6488e2d6d59d,2024-07,Metropolitan Police Service,Metropolitan Police Service,-0.194552,51.570746,On or near Supermarket,E01000146,Barnet 038D,Burglary,Investigation complete; no suspect identified
7973befc267d54cfa162a80c6277a2595be0f8444980a6b4514be2d23d9b9b50,2024-07,Metropolitan Police Service,Metropolitan Police Service,-0.196967,51.569379,On or near Helenslea Avenue,E01000146,Barnet 038D,Burglary,Investigation complete; no suspect identified
6b82dff165533f62f9b71af8d10779609bb0bfdc8ca35411607e6536389c110f,2024-07,Metropolitan Police Service,Metropolitan Police Service,-0.197687,51.572691,On or near Golders Way,E01000146,Barnet 038D,Burglary,Unable to prosecute suspect
3f130e0911f6da42f9f962245003da7ebb78375118b8df28578fc274570ce91a,2024-07,Metropolitan Police Service,Metropolitan Police Service,-0.196108,51.57067,On or near Rodborough Road,E01000146,Barnet 038D,Burglary,Investigation complete; no suspect identified
c025ad09facf7a05cfee12e0e97fc970146a240c351dd7b50fbd6d02a684e3ac,2024-07,Metropolitan Police Service,Metropolitan Police Service,-0.213188,51.556813,On or near Elm Grove,E01000141,Barnet 039A,Burglary,Investigation complete; no suspect identified
ce08546a0d43d8d8563c9b5af44e7ebbade0b093a45977576286c636bfdac04c,2024-07,Metropolitan Police Service,Metropolitan Police Service,-0.213188,51.556813,On or near Elm Grove,E01000141,Barnet 039A,Burglary,Investigation complete; no suspect identified
76dfcde5500a78e3dacd46ba74f831f92e8da05e7842d255690be51a0362af5e,2024-07,Metropolitan Police Service,Metropolitan Police Service,-0.214072,51.563715,On or near Chiltern Gardens,E01000223,Barnet 039C,Burglary,Investigation complete; no suspect identified
063bac351e2998c21e4274994196e9cb20d5ea847aef3377085dea3f9e02546b,2024-07,Metropolitan Police Service,Metropolitan Police Service,-0.222639,51.5638,On or near Petrol Station,E01000223,Barnet 039C,Burglary,Investigation complete; no suspect identified
4c9319634670a895c789b351b3bf59faa6dcf01760496e36c6e043db0349ad6e,2024-07,Metropolitan Police Service,Metropolitan Police Service,-0.223672,51.56467,On or near Wilkinson Close,E01000223,Barnet 039C,Burglary,Investigation complete; no suspect identified
e011adb93c3d3d4897547b8d849f017c52422f31331f4e79577991a3263577b1,2024-07,Metropolitan Police Service,Metropolitan Police Service,-0.224077,51.576809,On or near Shopping Area,E01000307,Barnet 039D,Burglary,Unable to prosecute suspect
892128f469b868a6ddfc62cd7b88fa7954cc993199b4d1d8535c8393ad045112,2024-07,Metropolitan Police Service,Metropolitan Police Service,-0.204502,51.563812,On or near Garth Road,E01000138,Barnet 040A,Burglary,Investigation complete; no suspect identified
dd9a3071e44e4d1dca148d69cfd28787049f968b1b485e44eb5a7af310a18697,2024-07,Metropolitan Police Service,Metropolitan Police Service,-0.207125,51.562062,On or near Dersingham Road,E01000142,Barnet 040B,Burglary,Investigation complete; no suspect identified
dd64fc6d37a7189f1633e724bcaa72686db7467794b92a30f05024b034a98ddf,2024-07,Metropolitan Police Service,Metropolitan Police Service,-0.208623,51.566896,On or near Cheviot Gate,E01000222,Barnet 040C,Burglary,Investigation complete; no suspect identified
d9e70492116807047ec11125b89fb7afff87dedef88aaae95021c7c963967e2a,2024-07,Metropolitan Police Service,Metropolitan Police Service,-0.213734,51.56755,On or near Cotswold Gardens,E01000224,Barnet 040D,Burglary,Unable to prosecute suspect
b7d6904e1e352c667939b2475380e500b2add4abe5c4b68524733261e3301f8d,2024-07,Metropolitan Police Service,Metropolitan Police Service,-0.202187,51.566186,On or near Granville Road,E01000137,Barnet 041A,Burglary,Investigation complete; no suspect identified
ba94ec38c12c90641966e9c75ef174efa05998d056ab6a1485321bb3ebe27484,2024-07,Metropolitan Police Service,Metropolitan Police Service,-0.202187,51.566186,On or near Granville Road,E01000137,Barnet 041A,Burglary,Investigation complete; no suspect identified
dfdc68da4d4519baf1811e878d5aea16aaca76869ca801f8acfe8fe959621c26,2024-07,Metropolitan Police Service,Metropolitan Police Service,-0.202163,51.5591,On or near Hocroft Road,E01000139,Barnet 041B,Burglary,Investigation complete; no suspect identified
d80288dc6fe61fdd31bb5899e3cabe1e112269a5f746f1822b2ae20e6551474a,2024-07,Metropolitan Police Service,Metropolitan Police Service,-0.202163,51.5591,On or near Hocroft Road,E01000139,Barnet 041B,Burglary,Investigation complete; no suspect identified
71da6a73dabb51eeb671d838b28af7c266e58ef3cafdf2719f1c5bb915383918,2024-07,Metropolitan Police Service,Metropolitan Police Service,-0.19758,51.563331,On or near Supermarket,E01000140,Barnet 041C,Burglary,Status update unavailable
ecfb537fd6c6f68af0c7dcdf715af54ea09329feddf2acbb6de86e4ffc4a8857,2024-07,Metropolitan Police Service,Metropolitan Police Service,-0.208901,51.559805,On or near Woodley Crescent,E01000143,Barnet 041D,Burglary,Investigation complete; no suspect identified
fd264baf388b427cd9f4c76268a9f65acef4c014a48e2aae17a85363ec81c973,2024-07,Metropolitan Police Service,Metropolitan Police Service,-0.237386,51.594695,On or near Commander Avenue,E01033915,Barnet 042A,Burglary,Investigation complete; no suspect identified
267435a2794d9b8315a3573b1306bd7f4d29ffec39edfd8766484f28907c21ea,2024-07,Metropolitan Police Service,Metropolitan Police Service,-0.239621,51.595152,On or near Beaufort Square,E01033919,Barnet 042E,Burglary,Investigation complete; no suspect identified
fe2072c569cd8754fe20e595531b84d4942a08a843402c3b4d1ab7198cc7e36c,2024-07,Metropolitan Police Service,Metropolitan Police Service,-0.255092,51.596066,On or near Nobel Close,E01033922,Barnet 043B,Burglary,Investigation complete; no suspect identified
5ecddc32f433a424a8e481f9a5df01efeb93e0dea72ba6f2090084228545c057,2024-07,Metropolitan Police Service,Metropolitan Police Service,-0.255903,51.592229,On or near Zenith Close,E01033923,Barnet 043C,Burglary,Awaiting court outcome
6c1d50084c326e8f70bf066426fda219bb3428aee05b91576f7f8ff1b8995b9d,2024-07,Metropolitan Police Service,Metropolitan Police Service,-0.255903,51.592229,On or near Zenith Close,E01033923,Barnet 043C,Burglary,Awaiting court outcome
41ae42fc6f761a0573743fb00f70494f78f39f2c442de5e382469b6dc4559a57,2024-07,Metropolitan Police Service,Metropolitan Police Service,-0.257754,51.592922,On or near Mannock Close,E01033924,Barnet 043D,Burglary,Unable to prosecute suspect
0635942ebf67f3b637b27951fb224b6e8dde51843a86a8de183208a38771bbbe,2024-07,Metropolitan Police Service,Metropolitan Police Service,-0.238383,51.592453,On or near Denmark Hill Drive,E01033925,Barnet 043E,Burglary,Investigation complete; no suspect identified
bd57d755fc99f74543680a701533ea184bf5598d4d806854a942b6ea58c8d9b4,2024-07,Metropolitan Police Service,Metropolitan Police Service,0.12426,51.494453,On or near Lensbury Way,E01000416,Bexley 002A,Burglary,Court result unavailable
19ce4b2366f1b26f132a4d7748f5713e35cc477c609f5fe908c2ffcafcca5b3d,2024-07,Metropolitan Police Service,Metropolitan Police Service,0.129117,51.493565,On or near Maran Way,E01000418,Bexley 002B,Burglary,Investigation complete; no suspect identified
a746168a0b2a254a5e16693ffe631f7418bc9e1cef46fd8afe90a77bc3e24081,2024-07,Metropolitan Police Service,Metropolitan Police Service,0.123669,51.497548,On or near Mere Road,E01000470,Bexley 002F,Burglary,Investigation complete; no suspect identified
dc187a6d6a700a82c7e7a43508130c872851d38df01d9afb3ca9e6d87ffb7c74,2024-07,Metropolitan Police Service,Metropolitan Police Service,0.12296,51.496851,On or near Tavy Bridge,E01000470,Bexley 002F,Burglary,Investigation complete; no suspect identified
89037a64166c09782c20bd06714e874a3de8d0d7a7547378fdc9d68584bc8c6a,2024-07,Metropolitan Police Service,Metropolitan Police Service,0.155344,51.49617,On or near Little Brights Road,E01000335,Bexley 003B,Burglary,Unable to prosecute suspect
9657127de9898ad02781ed52230a8d56134f3708b65cf537bfddd977c1a73cb4,2024-07,Metropolitan Police Service,Metropolitan Police Service,0.156113,51.497199,On or near Clydesdale Way,E01000335,Bexley 003B,Burglary,Investigation complete; no suspect identified
ddb2f8763f438526a87fe3b02f370a89c420d9d49ede43aff850b98927132e4f,2024-07,Metropolitan Police Service,Metropolitan Police Service,0.176286,51.477285,On or near Avenue Road,E01000403,Bexley 004A,Burglary,Investigation complete; no suspect identified
489698124e3ce12da9350fe827d7b115952feb04246d6c3bc60671acc13aeb7a,2024-07,Metropolitan Police Service,Metropolitan Police Service,0.166713,51.484656,On or near Church Road,E01000405,Bexley 004C,Burglary,Investigation complete; no suspect identified
cc1e615edb53505538fb4c6c90ef3df12603e79350d2b111f4eea0148aca984b,2024-07,Metropolitan Police Service,Metropolitan Police Service,0.159157,51.489661,On or near Poplar Mount,E01000408,Bexley 004D,Burglary,Investigation complete; no suspect identified
bc345f7714e3a7ead53e6bc7b2e515d07045b8bf987e73eb982815c909bab5ed,2024-07,Metropolitan Police Service,Metropolitan Police Service,0.158548,51.489573,On or near Methuen Road,E01000408,Bexley 004D,Burglary,Investigation complete; no suspect identified
0708ad5febbe8fa93476de1b90287dd4b11c48bd84fa2f7aed70250d46b8a7b0,2024-07,Metropolitan Police Service,Metropolitan Police Service,0.158403,51.49017,On or near Lower Road,E01000408,Bexley 004D,Burglary,Status update unavailable
d29f54827cebb266fbada469ab8b159b989e5ea0b87b45a97dd6d1756db6a319,2024-07,Metropolitan Police Service,Metropolitan Police Service,0.150449,51.487986,On or near Bunker'S Hill,E01000332,Bexley 005A,Burglary,Investigation complete; no suspect identified
45661a80a3939c0d46dc90db03ce89d5b622c57539c54be8668c59f2141c32bb,2024-07,Metropolitan Police Service,Metropolitan Police Service,0.159032,51.482757,On or near Riverdale Road,E01000402,Bexley 005B,Burglary,Investigation complete; no suspect identified
0617bb50d6f2a8616469e34ffb9b955f97d6a0e8f3078fb77eb4834f36f21902,2024-07,Metropolitan Police Service,Metropolitan Police Service,0.127264,51.481305,On or near A206,E01000417,Bexley 006B,Burglary,Investigation complete; no suspect identified
28b2169bc75ffa9170f00f8a0e4d058063cdf6856a1ec8f001c8fddc2f3b72cb,2024-07,Metropolitan Police Service,Metropolitan Police Service,0.163316,51.474359,On or near Limewood Road,E01000439,Bexley 007C,Burglary,Investigation complete; no suspect identified
42f8a20e3f08fd28c49b6754a1e72b232b3229f0d711700691e0e9d773b73562,2024-07,Metropolitan Police Service,Metropolitan Police Service,0.145058,51.473472,On or near Little Heath Road,E01000440,Bexley 007D,Burglary,Unable to prosecute suspect
6caa9a0139c5e24c5c2f6cdfcc248ec4149b68dfe3bac306eca21a09861a04e7,2024-07,Metropolitan Police Service,Metropolitan Police Service,0.18236,51.473584,On or near Boundary Street,E01000431,Bexley 008D,Burglary,Investigation complete; no suspect identified
36069ae2f0ccf7e708c60b0c86095e691986e77af5deab47eba6a2180973305a,2024-07,Metropolitan Police Service,Metropolitan Police Service,0.193229,51.469622,On or near Hazel Road,E01000434,Bexley 008G,Burglary,Unable to prosecute suspect
ffee9edb1b166516178a8a6f379f26dca19e4ec15872fd12da8e71fa97e8dd99,2024-07,Metropolitan Police Service,Metropolitan Police Service,0.191791,51.468767,On or near Cedar Road,E01033790,Bexley 008I,Burglary,Investigation complete; no suspect identified
f384d1bcce4e7e27b3e5f209267dd16705df1d279bf6e7e0716163d8c3b7f994,2024-07,Metropolitan Police Service,Metropolitan Police Service,0.125673,51.464445,On or near Barrington Road,E01000357,Bexley 009B,Burglary,Investigation complete; no suspect identified
09f935680208a7f55810b5f87ad583229b4b6cdd027c281b8d1b8e0cba342dca,2024-07,Metropolitan Police Service,Metropolitan Police Service,0.1282,51.471702,On or near Berkeley Avenue,E01000357,Bexley 009B,Burglary,Status update unavailable
e1fcee70e0920dfac3ebd5fda98a0390ec1cc5e56888d040bf025d7ce07bf3ca,2024-07,Metropolitan Police Service,Metropolitan Police Service,0.126469,51.468244,On or near Normanhurst Avenue,E01000357,Bexley 009B,Burglary,Investigation complete; no suspect identified
654656b0d09b84e72fc7349e0e15611ec5d2c813c012e1128738f370e31e39d4,2024-07,Metropolitan Police Service,Metropolitan Police Service,0.143227,51.475268,On or near Hurlingham Road,E01000436,Bexley 011E,Burglary,Investigation complete; no suspect identified
24d44cf3332366ec0479328afdf575acffe393c0b99219f64fbd0f0cf8ed0780,2024-07,Metropolitan Police Service,Metropolitan Police Service,0.143227,51.475268,On or near Hurlingham Road,E01000436,Bexley 011E,Burglary,Investigation complete; no suspect identified
2d93ef98387b18e88dd893d045fc47ce2c91cf13f0b26c33923e15e16fdddf32,2024-07,Metropolitan Police Service,Metropolitan Police Service,0.118113,51.470302,On or near Tavistock Road,E01000453,Bexley 013B,Burglary,Investigation complete; no suspect identified
5c01a57b5b527d6a6a6ddd3f04d24036f88918ddb60000ab93b7c28c265af273,2024-07,Metropolitan Police Service,Metropolitan Police Service,0.121798,51.465936,On or near Sutcliffe Road,E01000456,Bexley 013E,Burglary,Investigation complete; no suspect identified
d985eb5b5cf3d7275981d102cacb6b482a1ddf932376338dcd62b1f634789d1d,2024-07,Metropolitan Police Service,Metropolitan Police Service,0.168316,51.466524,On or near Beechcroft Avenue,E01000371,Bexley 014E,Burglary,Investigation complete; no suspect identified
d20f1a8becd02a1864702ba4ea3bf0b6c17dbadbb9ef1c6cad6da04572d8a885,2024-07,Metropolitan Police Service,Metropolitan Police Service,0.142766,51.457419,On or near Supermarket,E01000360,Bexley 015A,Burglary,Unable to prosecute suspect
dffd32b8d08dee153dff3abd22958379d933bb7556aa00186b5b2b6245d0a356,2024-07,Metropolitan Police Service,Metropolitan Police Service,0.146326,51.455706,On or near Shopping Area,E01000362,Bexley 015B,Burglary,Investigation complete; no suspect identified
743283fd94060990971c22b2aa5cadfc2fb179a42112354ea7acc9718ff6ce9c,2024-07,Metropolitan Police Service,Metropolitan Police Service,0.08805,51.464366,On or near Sherwood Road,E01000395,Bexley 018B,Burglary,Investigation complete; no suspect identified
07c59ceb5e0778b2f7a6001d1dcd7fc8646d175a54365124f6693f00443cfdbf,2024-07,Metropolitan Police Service,Metropolitan Police Service,0.081442,51.458989,On or near Lingfield Crescent,E01000412,Bexley 018E,Burglary,Investigation complete; no suspect identified
4ad166d6ce573c8a0e6a0b6e3143e482d5bbad5db2447dc027bb79ad787e62e6,2024-07,Metropolitan Police Service,Metropolitan Police Service,0.184738,51.454645,On or near The Rise,E01000377,Bexley 019D,Burglary,Investigation complete; no suspect identified
2171cfaa15f7aab3ae33a77a467299c6f7b2561846d9a5283211e1c282ed06d5,2024-07,Metropolitan Police Service,Metropolitan Police Service,0.180373,51.447028,On or near Station Road,E01000379,Bexley 019F,Burglary,Unable to prosecute suspect
72f6fb101e860986360887141c98595931dd83e1b77761fde6e7052ae59ab02b,2024-07,Metropolitan Police Service,Metropolitan Police Service,0.177936,51.45086,On or near Supermarket,E01033791,Bexley 019G,Burglary,Investigation complete; no suspect identified
4638b4410e16db2b8b7351bca3d4f0d1a248d8a3788fabea0af618d0d03d40f2,2024-07,Metropolitan Police Service,Metropolitan Police Service,0.178544,51.44941,On or near Supermarket,E01033792,Bexley 019H,Burglary,Investigation complete; no suspect identified
e12876bcfe0bcb8fba94041868f92559266f58ba2695675315e469e64cff2572,2024-07,Metropolitan Police Service,Metropolitan Police Service,0.110646,51.452972,On or near Radnor Avenue,E01000391,Bexley 021E,Burglary,Investigation complete; no suspect identified
603adccf0945c4101fefafe3c7df699bbb7d0989debb2ef7ed5b2e10c5711060,2024-07,Metropolitan Police Service,Metropolitan Police Service,0.098726,51.448204,On or near Days Lane,E01000343,Bexley 022C,Burglary,Investigation complete; no suspect identified
7a4598a4c6cfbd7bfe64b02512737510dc92ad46be3e7fc1edf9b9657fb36d94,2024-07,Metropolitan Police Service,Metropolitan Police Service,0.096035,51.427155,On or near Petrol Station,E01000424,Bexley 026A,Burglary,Investigation complete; no suspect identified
a0606b0e7fee0ca60a2f872d4928dcc22e8f686fb06d18d2fb1279344d7f0402,2024-07,Metropolitan Police Service,Metropolitan Police Service,0.104881,51.429029,On or near Stanley Road,E01000457,Bexley 026D,Burglary,Unable to prosecute suspect
ba44ca2ff268c54eb323039d8bff4d069a6ba5db33955f2f0a8d67357f25c2be,2024-07,Metropolitan Police Service,Metropolitan Police Service,0.102682,51.426244,On or near Further/Higher Educational Building,E01000457,Bexley 026D,Burglary,Unable to prosecute suspect
2f2df6251ca9cfea14f766c0bec7c10ac236076f9b4945061ff9a5314fe66be4,2024-07,Metropolitan Police Service,Metropolitan Police Service,0.102682,51.426244,On or near Further/Higher Educational Building,E01000457,Bexley 026D,Burglary,Status update unavailable
3c320b7a073c079870e2dba619fa7d9af0cdd8bd0da84e69179a6cd9f4a822fd,2024-07,Metropolitan Police Service,Metropolitan Police Service,0.096577,51.425185,On or near Chatswood Mews,E01000428,Bexley 027D,Burglary,Investigation complete; no suspect identified
4d0d17ce2ca456acee761dc284e3fc36c6ca75b8d2c190ff48e5b48d8f99f9aa,2024-07,Metropolitan Police Service,Metropolitan Police Service,0.12595,51.414934,On or near Edgington Way,E01000385,Bexley 028C,Burglary,Investigation complete; no suspect identified
f44e03083a19fb6b01cf42031b83f0708535c7121dddde94bd4d97171b94149d,2024-07,Metropolitan Police Service,Metropolitan Police Service,0.120456,51.413685,On or near Edgington Way,E01000386,Bexley 028D,Burglary,Investigation complete; no suspect identified
939dbc8315efe5768bfc14af718c18544cd0f454da75fad82ee04d527e7d7a82,2024-07,Metropolitan Police Service,Metropolitan Police Service,0.098758,51.46806,On or near Monkton Road,E01000400,Bexley 029C,Burglary,Unable to prosecute suspect
944ac4ddb70ea69638a408f0261e159fb94a90869c6c08657c1b5d057090cd71,2024-07,Metropolitan Police Service,Metropolitan Police Service,-0.267586,51.594048,On or near Stag Lane,E01000587,Brent 001A,Burglary,Investigation complete; no suspect identified
b045956f0f2e7955acc3b3749f143e898d07ff1c04abee81586388f0a90aa547,2024-07,Metropolitan Police Service,Metropolitan Police Service,-0.284631,51.591888,On or near Supermarket,E01000589,Brent 001B,Burglary,Awaiting court outcome
b0c2cf597ba334f83fe67dd1c532d68000d3f9820082885a626e12521ed02cba,2024-07,Metropolitan Police Service,Metropolitan Police Service,-0.272806,51.597623,On or near Halford Close,E01000593,Brent 001E,Burglary,Investigation complete; no suspect identified
5c9573773bea37a11a46d0fb1a7d26054225641e7f16df80f9020e2f8f73fe69,2024-07,Metropolitan Police Service,Metropolitan Police Service,-0.256285,51.59094,On or near Windover Avenue,E01000516,Brent 002C,Burglary,Investigation complete; no suspect identified
5cc22a4737d6d3d109e85faaa444b6877673c5ee2a7f54472500b615eb06d276,2024-07,Metropolitan Police Service,Metropolitan Police Service,-0.263714,51.588425,On or near Elmwood Crescent,E01000520,Brent 002D,Burglary,Investigation complete; no suspect identified
46dbb760faaaf080ed12e65dbfc650f21d1317a37ce54fa99b21727718aaa27a,2024-07,Metropolitan Police Service,Metropolitan Police Service,-0.260934,51.585991,On or near The Retreat,E01000520,Brent 002D,Burglary,Investigation complete; no suspect identified
6e65aa3dd3998a209e370f219cb184e514da36bd221150f483fb4c569cac07ca,2024-07,Metropolitan Police Service,Metropolitan Police Service,-0.263999,51.593824,On or near Capitol Way,E01033929,Brent 002F,Burglary,Investigation complete; no suspect identified
a36a6f3b933a57b3a57242096d2a0f4494360da14d567e3c74266e80d32b376c,2024-07,Metropolitan Police Service,Metropolitan Police Service,-0.262324,51.5946,On or near Shopping Area,E01033929,Brent 002F,Burglary,Investigation complete; no suspect identified
b0c8b3a76c5e08f073005fb54e56af5b7b689638d499389914f95433c3c845a6,2024-07,Metropolitan Police Service,Metropolitan Police Service,-0.275103,51.585769,On or near Shopping Area,E01000517,Brent 003B,Burglary,Unable to prosecute suspect
fd84fdb8a86c802037a1371021a19484c43976cb61cc08807ac6d9458ee3af4d,2024-07,Metropolitan Police Service,Metropolitan Police Service,-0.284669,51.585136,On or near Petrol Station,E01000543,Brent 003E,Burglary,Investigation complete; no suspect identified
46366c1b5baa534bbb63745159ae87317245d9f8a1fa3f359073b7b79c996ee6,2024-07,Metropolitan Police Service,Metropolitan Police Service,-0.287791,51.585775,On or near St Paul'S Avenue,E01033463,Brent 003G,Burglary,Investigation complete; no suspect identified
6cc7a0a0dff344e30eeaccb67e8653674d3c0752a9ac2ad719b0683361217ccf,2024-07,Metropolitan Police Service,Metropolitan Police Service,-0.308151,51.580144,On or near Ashridge Close,E01000536,Brent 004A,Burglary,Investigation complete; no suspect identified
2fbbbf1bba912c16667de42693fe9ec63db92a1e47224f86df2d66dad4448f26,2024-07,Metropolitan Police Service,Metropolitan Police Service,-0.2938,51.576807,On or near Regal Way,E01000539,Brent 004C,Burglary,Investigation complete; no suspect identified
b76f4ebb172ec855afcfd2ff47bad2f113f353ce86b42b0802139a33126467de,2024-07,Metropolitan Police Service,Metropolitan Police Service,-0.255052,51.573009,On or near Parkfields Avenue,E01000624,Brent 005D,Burglary,Investigation complete; no suspect identified
47c02e3c693ee2ddd93a29faea866100d3a81876c007351b4a43119416935579,2024-07,Metropolitan Police Service,Metropolitan Police Service,-0.285229,51.568706,On or near Hillview Close,E01000487,Brent 006E,Burglary,Investigation complete; no suspect identified
aacef0725e86f2f85e14dfd8ea2449fe900503e85c05df1624fafaddb80dd0f1,2024-07,Metropolitan Police Service,Metropolitan Police Service,-0.295091,51.570846,On or near Supermarket,E01000575,Brent 007D,Burglary,Investigation complete; no suspect identified
f49fa22d8c578bcf2b51f8ff55043d56f9aa70a786379631e3b163dd7a6061fd,2024-07,Metropolitan Police Service,Metropolitan Police Service,-0.300824,51.567647,On or near Pellatt Road,E01000575,Brent 007D,Burglary,Investigation complete; no suspect identified
da931695b1eebda3e461fdc7395d4e6d0fcbe45635880252b6b858f50aa66f14,2024-07,Metropolitan Police Service,Metropolitan Police Service,-0.294465,51.569848,On or near Carlton Avenue East,E01000575,Brent 007D,Burglary,Investigation complete; no suspect identified
84b63c2766e63f4325ff1e1a12391a712ac0fdf9d32d01f8711cff6fd2fc845b,2024-07,Metropolitan Police Service,Metropolitan Police Service,-0.320914,51.563575,On or near Watford Road,E01000563,Brent 008B,Burglary,Investigation complete; no suspect identified
f8edfe6b8aebb0bd7d9843be5bf946620225cf879431de333fc824199a9ea9af,2024-07,Metropolitan Police Service,Metropolitan Police Service,-0.317587,51.574759,On or near St Mark'S Close,E01000568,Brent 008D,Burglary,Awaiting court outcome
3aaf1168ac04e3766656541e34dc5cc2a2cf885d7a50e08d9afea9f6dcece667,2024-07,Metropolitan Police Service,Metropolitan Police Service,-0.268827,51.571649,On or near Rossdale Drive,E01000479,Brent 009A,Burglary,Investigation complete; no suspect identified
935eef82fa771b605dd881cf0c97eb3731e9c9ae1c9b7c222c88699d01590349,2024-07,Metropolitan Police Service,Metropolitan Police Service,-0.263912,51.564679,On or near Supermarket,E01000483,Brent 009D,Burglary,Investigation complete; no suspect identified
88ef2ca7d5348dbcdb8bf9eaed096a589bb76cf9916abd88add8aff9c9fb1fd6,2024-07,Metropolitan Police Service,Metropolitan Police Service,-0.275584,51.564698,On or near Supermarket,E01033931,Brent 009F,Burglary,Unable to prosecute suspect
9456e68477461c6c92b1f31094662ffab5bc31962f04c5f0f21a20293939fcad,2024-07,Metropolitan Police Service,Metropolitan Police Service,-0.254226,51.563672,On or near Aboyne Road,E01000622,Brent 010D,Burglary,Investigation complete; no suspect identified
9db68b369488f28632404d07cd2058c4621053ec077cd82a6a195eaa67406b9b,2024-07,Metropolitan Police Service,Metropolitan Police Service,-0.261067,51.566642,On or near Church Walk,E01000622,Brent 010D,Burglary,Investigation complete; no suspect identified
8de0828dd2f73a5352880035bd5c15b32d2c7a5ded21412d324bc5d785ff9f84,2024-07,Metropolitan Police Service,Metropolitan Police Service,-0.259597,51.564318,On or near Coombe Road,E01000626,Brent 010E,Burglary,Investigation complete; no suspect identified
8781ee7f38504e1592c03464a8a2f9ede7b04d993dc18845c00251da21b51221,2024-07,Metropolitan Police Service,Metropolitan Police Service,-0.259597,51.564318,On or near Coombe Road,E01000626,Brent 010E,Burglary,Investigation complete; no suspect identified
0219ba61df02101066ce9a99d594c7216cf3344457f91abf54fce0221243ad7e,2024-07,Metropolitan Police Service,Metropolitan Police Service,-0.262906,51.56042,On or near Lawrence Way,E01000626,Brent 010E,Burglary,Investigation complete; no suspect identified
3f0ac271f24488ab9c15c996abf4854592dcede0c99189538324ea5bd98ebfbf,2024-07,Metropolitan Police Service,Metropolitan Police Service,-0.263662,51.560629,On or near Cambridge Close,E01000626,Brent 010E,Burglary,Investigation complete; no suspect identified
0cf1369771d56ee05c9c8788c3f1532e293843caf70dc2b006d535f25bc130a1,2024-07,Metropolitan Police Service,Metropolitan Police Service,-0.227946,51.564213,On or near Oxgate Gardens,E01000497,Brent 011A,Burglary,Status update unavailable
0074de58f29bb89c8dac7fa3a3873b156a25be49686d2c7d341810a563014401,2024-07,Metropolitan Police Service,Metropolitan Police Service,-0.230722,51.568526,On or near Oxgate Centre,E01000499,Brent 011B,Burglary,Investigation complete; no suspect identified
dfb5a4b9d018d0a4b1df43f24b55eae5b7f807803283c3057298a4ab603900ba,2024-07,Metropolitan Police Service,Metropolitan Police Service,-0.230429,51.565312,On or near Walton Close,E01000501,Brent 011C,Burglary,Investigation complete; no suspect identified
185c73d9414a8fae9604a740f0dd57ba66cec8de0404c397fd373debe1b37fc1,2024-07,Metropolitan Police Service,Metropolitan Police Service,-0.235651,51.560858,On or near Dollis Hill Lane,E01000501,Brent 011C,Burglary,Investigation complete; no suspect identified
01d4eda845a6b8161bb4db37cfa015d26125eb634d31b4c5f25c49b282921c8d,2024-07,Metropolitan Police Service,Metropolitan Police Service,-0.24219,51.559652,On or near Parking Area,E01000502,Brent 011D,Burglary,Investigation complete; no suspect identified
62f45ddc9b5551ea1f393e1b5cc82780bbc5b498971619e67ec9d0b38084e9ed,2024-07,Metropolitan Police Service,Metropolitan Police Service,-0.239183,51.560174,On or near Hill Crest Gardens,E01000502,Brent 011D,Burglary,Investigation complete; no suspect identified
07640278168d6c7d56992adc06497da3f581cbee8231d4de8b484fa029315232,2024-07,Metropolitan Police Service,Metropolitan Police Service,-0.287875,51.564339,On or near Gabrielle Close,E01000578,Brent 012D,Burglary,Unable to prosecute suspect
ee747c9d4e0a6e6a4bf46573a546206b9f278a3987e027ee228a4b827bfb45db,2024-07,Metropolitan Police Service,Metropolitan Police Service,-0.287843,51.563268,On or near Oakington Avenue,E01000578,Brent 012D,Burglary,Investigation complete; no suspect identified
5eeb068928001fad0bad0531ba968c6472a13bca6a2ff32f66ea1e3d328ae6a8,2024-07,Metropolitan Police Service,Metropolitan Police Service,-0.319297,51.560872,On or near Petrol Station,E01000608,Brent 013D,Burglary,Investigation complete; no suspect identified
c713c2c1b41ffe4dd534e37480af07d0dd0a9dc01c10176c89fb374394de6290,2024-07,Metropolitan Police Service,Metropolitan Police Service,-0.305927,51.559996,On or near Rustic Place,E01000613,Brent 013E,Burglary,Investigation complete; no suspect identified
0b5b88260d72eda86f88acadc919298930ff2a7df344c9af2784eb05cfb011a5,2024-07,Metropolitan Police Service,Metropolitan Police Service,-0.307264,51.561697,On or near Conifer Way,E01000613,Brent 013E,Burglary,Investigation complete; no suspect identified
994272959be5afbe7d1bce1e6d07f1d4d8314813e6b4039488c5f5d1bf6b3c9c,2024-07,Metropolitan Police Service,Metropolitan Police Service,-0.246582,51.551976,On or near Selbie Avenue,E01000506,Brent 014A,Burglary,Investigation complete; no suspect identified
0ab32615d7631fa30a417630b67ee45e11bd34a03b28b08d6dd0441647bed8e9,2024-07,Metropolitan Police Service,Metropolitan Police Service,-0.25235,51.56181,On or near Eastleigh Close,E01000509,Brent 014B,Burglary,Awaiting court outcome
4d7b0f66cb5e894b89bad743711a0128167933760e5196db4f19d30878cb3779,2024-07,Metropolitan Police Service,Metropolitan Police Service,-0.250293,51.563532,On or near Avondale Avenue,E01000509,Brent 014B,Burglary,Investigation complete; no suspect identified
17a491d7912218ed6ff16dd0f5babca545c726e7ba02e7667a9fb1a4a3b51cb6,2024-07,Metropolitan Police Service,Metropolitan Police Service,-0.250293,51.563532,On or near Avondale Avenue,E01000509,Brent 014B,Burglary,Status update unavailable
4edf7f127677f91e69851185ae0220a36053fafce28bd447d7dd100ef25c826a,2024-07,Metropolitan Police Service,Metropolitan Police Service,-0.250293,51.563532,On or near Avondale Avenue,E01000509,Brent 014B,Burglary,Investigation complete; no suspect identified
bedb755479b52ab3b48098dd5870fa8759f4980036295c524c99777a42181950,2024-07,Metropolitan Police Service,Metropolitan Police Service,-0.248724,51.557412,On or near Leeland Way,E01000511,Brent 014D,Burglary,Unable to prosecute suspect
41da6876108f490a97c5eb3c9720ccf7a0851cf6c2fe7fc832c6cb0f6ad9ee39,2024-07,Metropolitan Police Service,Metropolitan Police Service,-0.248724,51.557412,On or near Leeland Way,E01000511,Brent 014D,Burglary,Investigation complete; no suspect identified
689fe68c1801338dc46e37778f822cec4a4993b420f617927bd13f7c3b17524b,2024-07,Metropolitan Police Service,Metropolitan Police Service,-0.248381,51.556966,On or near Bermans Way,E01000511,Brent 014D,Burglary,Unable to prosecute suspect
6d7378a7c7c07ffd0bc322f6df16a65a2f9b4012399ca89b2fb0119514188dff,2024-07,Metropolitan Police Service,Metropolitan Police Service,-0.254243,51.561343,On or near Jackman Mews,E01000627,Brent 014E,Burglary,Unable to prosecute suspect
2afc6be7c717d211a24cb864904f68156a1c8af9e67555b483f5824c42486564,2024-07,Metropolitan Police Service,Metropolitan Police Service,-0.255879,51.560441,On or near Vicarage Way,E01000627,Brent 014E,Burglary,Investigation complete; no suspect identified
150b0c9af9949bd38af65371799c55fe4a4877a323fc834d543245869253a972,2024-07,Metropolitan Police Service,Metropolitan Police Service,-0.258244,51.563102,On or near Kelly Close,E01000627,Brent 014E,Burglary,Investigation complete; no suspect identified
3451f48c144776ff36bc966c0e1e0bfb870a114e5713a423c36d9ade8719d1c3,2024-07,Metropolitan Police Service,Metropolitan Police Service,-0.250021,51.555957,On or near Neasden Lane,E01000628,Brent 014F,Burglary,Investigation complete; no suspect identified
4a338d65d5b09ee8fdb2ae311517f1c82022cbc1939d3a600c506c02cfcf908d,2024-07,Metropolitan Police Service,Metropolitan Police Service,-0.250224,51.554791,On or near Neasden Close,E01000628,Brent 014F,Burglary,Awaiting court outcome
3cf8574ed1e3fb6823ca7bba9f1d85f5d25e69f332d1dd21fbfa50b38bdce463,2024-07,Metropolitan Police Service,Metropolitan Police Service,-0.250021,51.555957,On or near Neasden Lane,E01000628,Brent 014F,Burglary,Investigation complete; no suspect identified
06e4c0c23a852d9153f8cd20fe8a5b16c00d51e20cf8f0be43967e0aeee4a8f2,2024-07,Metropolitan Police Service,Metropolitan Police Service,-0.220731,51.560921,On or near Longley Way,E01000554,Brent 015B,Burglary,Investigation complete; no suspect identified
cb9c65fbc7148ef1b7c6958e703e4d64feb4cde4378ca39611dc35b14d0a179e,2024-07,Metropolitan Police Service,Metropolitan Police Service,-0.22542,51.556109,On or near Dicey Avenue,E01000555,Brent 015C,Burglary,Investigation complete; no suspect identified
cc7f9f07f7d75959dc68b54be8d22c64b27f4602f659578abc23d1d9879521fc,2024-07,Metropolitan Police Service,Metropolitan Police Service,-0.228772,51.554847,On or near Imperial Close,E01000555,Brent 015C,Burglary,Unable to prosecute suspect
cd0653e318c9a4e9d6757c37269674397a51eb60837d70709cc5b380d837b30e,2024-07,Metropolitan Police Service,Metropolitan Police Service,-0.21606,51.556785,On or near Oaklands Passage,E01000556,Brent 015D,Burglary,Investigation complete; no suspect identified
84c93cc9e2e494c37a058c6284c92d4dea52981423d0e853d149fd086940a8c1,2024-07,Metropolitan Police Service,Metropolitan Police Service,-0.217688,51.556091,On or near Oaklands Road,E01000556,Brent 015D,Burglary,Investigation complete; no suspect identified
d2e39e82deaa9876a0f2695593207aa43014dcf1ff27bc33da9cc14ac22a3123,2024-07,Metropolitan Police Service,Metropolitan Police Service,-0.212805,51.554452,On or near Anson Road,E01000556,Brent 015D,Burglary,Investigation complete; no suspect identified
e9c9311e85ac182a2d929c02917ea902877b83ca01af0fd59877991e5b4d02dc,2024-07,Metropolitan Police Service,Metropolitan Police Service,-0.212805,51.554452,On or near Anson Road,E01000556,Brent 015D,Burglary,Investigation complete; no suspect identified
ca8d57be88211d7f30ca8b490bad4dee88aeaa42966b3902747b4b86ced38a01,2024-07,Metropolitan Police Service,Metropolitan Police Service,-0.217414,51.554998,On or near Rockhall Road,E01000556,Brent 015D,Burglary,Investigation complete; no suspect identified
16758bb0db189da9071eae1a720af8f27c47c2d36ea4805be6614d8a8624e5b5,2024-07,Metropolitan Police Service,Metropolitan Police Service,-0.220881,51.549314,On or near Station Parade,E01000504,Brent 018A,Burglary,Investigation complete; no suspect identified
6456a4423e41481ab62f303f60a9a801ef5dee7a785077e75b41acb0a3687070,2024-07,Metropolitan Police Service,Metropolitan Police Service,-0.23421,51.553742,On or near Cullingworth Road,E01000507,Brent 018C,Burglary,Investigation complete; no suspect identified
de9cc44d9bb695fa2d6cfb8a26ea7b9fedcbad4cd8722ec90ab93f1f18439ee2,2024-07,Metropolitan Police Service,Metropolitan Police Service,-0.242228,51.556047,On or near Mulgrave Road,E01000512,Brent 018D,Burglary,Unable to prosecute suspect
ec887c19148331652e06fbc620e3c2689cc4fb0574093a981e703fe7d87649b1,2024-07,Metropolitan Police Service,Metropolitan Police Service,-0.241956,51.553741,On or near Aberdeen Road,E01000512,Brent 018D,Burglary,Investigation complete; no suspect identified
039a80984332d2b4dcc5a3283d37f8f8932699ddb3db53ebe0983fe97d21968c,2024-07,Metropolitan Police Service,Metropolitan Police Service,-0.22062,51.549724,On or near Supermarket,E01000559,Brent 018E,Burglary,Investigation complete; no suspect identified
15a3c7ae36da945c5a14f97b3d1c872a4ae40b936486fd5dd01142dfb48f41e6,2024-07,Metropolitan Police Service,Metropolitan Police Service,-0.307832,51.554925,On or near Beaumont Court,E01000610,Brent 019A,Burglary,Investigation complete; no suspect identified
70e9deea1fce4393076e7d3e7964338214d7c981b204fe908f967b08627388ca,2024-07,Metropolitan Police Service,Metropolitan Police Service,-0.298222,51.551919,On or near Shopping Area,E01000633,Brent 019D,Burglary,Investigation complete; no suspect identified
b8281772586ebc943403f5d442bb0919600447bf91e517e6e3f4c5db80ed41ed,2024-07,Metropolitan Police Service,Metropolitan Police Service,-0.298194,51.552295,On or near Market Way,E01000633,Brent 019D,Burglary,Investigation complete; no suspect identified
7682478ad0f2619a53bad29796f38a3c2e1138da044307c7597e4ea030168f78,2024-07,Metropolitan Police Service,Metropolitan Police Service,-0.301233,51.552024,On or near Shopping Area,E01000634,Brent 019E,Burglary,Investigation complete; no suspect identified
631ce4ada97ccc780b970ffe2f06624d5e9c8d055a1828c58c76853325213b6a,2024-07,Metropolitan Police Service,Metropolitan Police Service,-0.300917,51.555464,On or near King George Crescent,E01000634,Brent 019E,Burglary,Investigation complete; no suspect identified
97db5c853b81ef653ee9b453166bdd7c25374e10a156ca658480e634e54630d7,2024-07,Metropolitan Police Service,Metropolitan Police Service,-0.290109,51.558256,On or near Hillside Avenue,E01000616,Brent 020A,Burglary,Unable to prosecute suspect
31eedb17d6b6b1bfecd0568e59e3e8d6615cdc09e5ea606cf11a7e655cde88a8,2024-07,Metropolitan Police Service,Metropolitan Police Service,-0.295084,51.554066,On or near Elm Road,E01033935,Brent 020F,Burglary,Investigation complete; no suspect identified
c9cd79edcadd6c989b298804a574ac5b9a1c37297bf69fea8c5d12626a916e03,2024-07,Metropolitan Police Service,Metropolitan Police Service,-0.291662,51.553774,On or near Shopping Area,E01033936,Brent 020G,Burglary,Investigation complete; no suspect identified
09e09c1c6d86c4c94c021940875c891b5a3c86f1fd1d01e85ada9b95dfcdb9db,2024-07,Metropolitan Police Service,Metropolitan Police Service,-0.291662,51.553774,On or near Shopping Area,E01033936,Brent 020G,Burglary,Investigation complete; no suspect identified
c5931b2de1af65d1586304431127b7856a924722c70edcddf9a30d63ae4d9e0b,2024-07,Metropolitan Police Service,Metropolitan Police Service,-0.291662,51.553774,On or near Shopping Area,E01033936,Brent 020G,Burglary,Awaiting court outcome
6caed5b9670de94082cf8d8f25e469bb42f6da4f0222f6f659527b282d36e0c9,2024-07,Metropolitan Police Service,Metropolitan Police Service,-0.254539,51.547949,On or near Bridge Road,E01000601,Brent 021B,Burglary,Awaiting court outcome
154b505845b91455ab0f7c6ed20f27ed2a1e1294b987808e43d399ad83b34384,2024-07,Metropolitan Police Service,Metropolitan Police Service,-0.263462,51.550734,On or near Garden Way,E01000602,Brent 021C,Burglary,Status update unavailable
5e10283a266bf0f4023c43a86abb805bd2c4f5db81861ca2f7df8bbe95270ceb,2024-07,Metropolitan Police Service,Metropolitan Police Service,-0.258018,51.549763,On or near Tallis View,E01000603,Brent 021D,Burglary,Investigation complete; no suspect identified
e754f9350d2d06eb30bc744a00f3942889aaccd7b6fd0dea83cfc640d2bd8a67,2024-07,Metropolitan Police Service,Metropolitan Police Service,-0.258018,51.549763,On or near Tallis View,E01000603,Brent 021D,Burglary,Investigation complete; no suspect identified
0c5e054329bff0bee71d099d64930d95c1e52db55d442efd8b0c2462720197da,2024-07,Metropolitan Police Service,Metropolitan Police Service,-0.258018,51.549763,On or near Tallis View,E01000603,Brent 021D,Burglary,Investigation complete; no suspect identified
d8062ab4b1814440615624393642e011c30829e59069ea01b965539fd55f629a,2024-07,Metropolitan Police Service,Metropolitan Police Service,-0.229737,51.548207,On or near Lechmere Road,E01000639,Brent 022C,Burglary,Investigation complete; no suspect identified
6b2f7c0b39973077593acabd5729b2a939769bcf36984b902a1e77febe954e47,2024-07,Metropolitan Police Service,Metropolitan Police Service,-0.227194,51.549068,On or near Park Avenue,E01000639,Brent 022C,Burglary,Investigation complete; no suspect identified
fc3854d71de7fe167e321f9e75dba41146c1b091d32be34849097c1cececf7ae,2024-07,Metropolitan Police Service,Metropolitan Police Service,-0.220689,51.548313,On or near Chatsworth Road,E01000642,Brent 022D,Burglary,Investigation complete; no suspect identified
e7ad5c6394703b26e1c485a8d648f4afc71156dc9e1eb7b538884b4050d86d8f,2024-07,Metropolitan Police Service,Metropolitan Police Service,-0.220689,51.548313,On or near Chatsworth Road,E01000642,Brent 022D,Burglary,Awaiting court outcome
bdb5363beb2db3455db0a27406f3c173022af66fc0cff0f0edc7d6b334fdecd1,2024-07,Metropolitan Police Service,Metropolitan Police Service,-0.225678,51.546869,On or near Supermarket,E01000642,Brent 022D,Burglary,Investigation complete; no suspect identified
fa92eb194bd921ca748f2f179a42fd80e424899c9cd7b846de941376120ba3b7,2024-07,Metropolitan Police Service,Metropolitan Police Service,-0.225678,51.546869,On or near Supermarket,E01000642,Brent 022D,Burglary,Investigation complete; no suspect identified
b92e12e8ce98dc4856347d8ee6433182d2a1a2631200d7e5e881e55ad84c804b,2024-07,Metropolitan Police Service,Metropolitan Police Service,-0.224755,51.547232,On or near Poplars Avenue,E01000642,Brent 022D,Burglary,Investigation complete; no suspect identified
af13d41b13558c14bfff1915aea9ac789b8775891a0459139da721508ef70dfd,2024-07,Metropolitan Police Service,Metropolitan Police Service,-0.220689,51.548313,On or near Chatsworth Road,E01000642,Brent 022D,Burglary,Status update unavailable
6370b0719097a9744d5e5a8936c5a6e9d3ca6df864acef4c04b121d069579be3,2024-07,Metropolitan Police Service,Metropolitan Police Service,-0.22326,51.547111,On or near Willesden Lane,E01000642,Brent 022D,Burglary,Investigation complete; no suspect identified
2c5456cb6059f17b8d72e9a84f9c68dfc1236aee88fa20cca7cd656984fb7a7e,2024-07,Metropolitan Police Service,Metropolitan Police Service,-0.230832,51.546371,On or near Cornwall Gardens,E01000644,Brent 022E,Burglary,Investigation complete; no suspect identified
97581cc24572dd914b5f5dbb4c933273b2a47347ef1b28d474264c7527446b0a,2024-07,Metropolitan Police Service,Metropolitan Police Service,-0.213166,51.549646,On or near Dawlish Road,E01000560,Brent 023D,Burglary,Investigation complete; no suspect identified
45801710ce71c3fbd564242a604e4c11c0e367f8a8d428979784ce6302a989a1,2024-07,Metropolitan Police Service,Metropolitan Police Service,-0.204008,51.54706,On or near Kilburn,E01000561,Brent 023E,Burglary,Investigation complete; no suspect identified
76dbe39c525787367ddcf68a1173db4241b3a60e4211af0539d13011c6652ca3,2024-07,Metropolitan Police Service,Metropolitan Police Service,-0.208318,51.548961,On or near Petrie Close,E01000561,Brent 023E,Burglary,Investigation complete; no suspect identified
3565c53e82cb7781c53bf773389803ade5e61fad6059db852a553e0701a59b2c,2024-07,Metropolitan Police Service,Metropolitan Police Service,-0.20413,51.547269,On or near Exeter Road,E01000561,Brent 023E,Burglary,Investigation complete; no suspect identified
67f9e3adc68745312c14a836d602ce398ca4e93e405d54a1c3ec63ac0ed7999c,2024-07,Metropolitan Police Service,Metropolitan Police Service,-0.236481,51.549846,On or near Villiers Road,E01000638,Brent 024A,Burglary,Investigation complete; no suspect identified
c1eb9bf8d10d028397c27d93b49ab6a208db570f81ab69a24cb03b7341c7faf9,2024-07,Metropolitan Police Service,Metropolitan Police Service,-0.237503,51.550644,On or near Deacon Road,E01000638,Brent 024A,Burglary,Unable to prosecute suspect
0fceacad58ac2c1b4d6cbf78650fe9addb8707ee519439a6d40dbd1e78d13e1c,2024-07,Metropolitan Police Service,Metropolitan Police Service,-0.23494,51.547179,On or near Tudor Mews,E01000640,Brent 024B,Burglary,Investigation complete; no suspect identified
e352e0bcf02d27a68ee7b60df52e771f23fdf17dfe940d5f9a0b62469e169014,2024-07,Metropolitan Police Service,Metropolitan Police Service,-0.23494,51.547179,On or near Tudor Mews,E01000640,Brent 024B,Burglary,Investigation complete; no suspect identified
4ca6c022439c2571782e6725c064f1470317537dfad511420c5d29c9490eb536,2024-07,Metropolitan Police Service,Metropolitan Police Service,-0.237526,51.548189,On or near High Road,E01000640,Brent 024B,Burglary,Investigation complete; no suspect identified
0c00c1833205ba39b7be60d8948d889e421e9d26a74f504ba062769762a27637,2024-07,Metropolitan Police Service,Metropolitan Police Service,-0.239003,51.54617,On or near Unity Close,E01000643,Brent 024D,Burglary,Investigation complete; no suspect identified
88ec13b5f0f66bc5380fe3825e57de8896dba67e5417653740d81cef85f20ce1,2024-07,Metropolitan Police Service,Metropolitan Police Service,-0.236876,51.54559,On or near Sterling Close,E01000643,Brent 024D,Burglary,Status update unavailable
7893ee1d92873f069409baed4ea561369d8756fcfb82d0baa32cedcd82b33da8,2024-07,Metropolitan Police Service,Metropolitan Police Service,-0.247715,51.547649,On or near Ilex Road,E01000508,Brent 025A,Burglary,Unable to prosecute suspect
46267ca692125b0c47f27842781f4dd9bf40dfe59c40c9357507c6010c7be5b9,2024-07,Metropolitan Police Service,Metropolitan Police Service,-0.244847,51.54909,On or near High Road,E01000508,Brent 025A,Burglary,Unable to prosecute suspect
85abb2e8e57f161874d7c2afb907bc8245f8f3f2090866f758d5f72ce61d1c46,2024-07,Metropolitan Police Service,Metropolitan Police Service,-0.245567,51.547231,On or near Yewfield Road,E01000508,Brent 025A,Burglary,Investigation complete; no suspect identified
80449e8842b14bf623686a6036f932d39431d65a1a024d56770d8c524505120d,2024-07,Metropolitan Police Service,Metropolitan Police Service,-0.248785,51.548322,On or near Eric Road,E01000508,Brent 025A,Burglary,Investigation complete; no suspect identified
2785a4ed7826fb82af6860e216f08328b7ce0c53d18c935599ddb8fbae5b42b6,2024-07,Metropolitan Police Service,Metropolitan Police Service,-0.253311,51.542364,On or near West Ella Road,E01000521,Brent 025B,Burglary,Court result unavailable
8c1c858a839a0df7111c61aa4afe3bbdfd0ca67b7f30d45916df6846e74444ac,2024-07,Metropolitan Police Service,Metropolitan Police Service,-0.253311,51.542364,On or near West Ella Road,E01000521,Brent 025B,Burglary,Investigation complete; no suspect identified
947f7790307462fe58246e88879ca266a0d37f274a95ec6911278919835bf686,2024-07,Metropolitan Police Service,Metropolitan Police Service,-0.244884,51.540998,On or near Chadwick Road,E01000522,Brent 025C,Burglary,Investigation complete; no suspect identified
2e0307d822af00bc0b44418f4bacbdc60a14cc652cc247070d106003abb620c2,2024-07,Metropolitan Police Service,Metropolitan Police Service,-0.252013,51.54801,On or near Garnet Road,E01000526,Brent 025D,Burglary,Investigation complete; no suspect identified
beb8c931de74561909e0ab5378f2e1f0590bf30088764680a37086957a203ed4,2024-07,Metropolitan Police Service,Metropolitan Police Service,-0.251215,51.547,On or near Bourke Close,E01000526,Brent 025D,Burglary,Investigation complete; no suspect identified
15e518179c2913b4e60192c56d1e9fb3bb9ece1115177d79a7dd43ab556d3276,2024-07,Metropolitan Police Service,Metropolitan Police Service,-0.249853,51.5468,On or near Conley Road,E01000526,Brent 025D,Burglary,Investigation complete; no suspect identified
955ab07c744c8a4d93dc211dafaf03518fcbb64c978ff6f4808ac33da5e97c6e,2024-07,Metropolitan Police Service,Metropolitan Police Service,-0.25035,51.544748,On or near Beveridge Road,E01000528,Brent 025F,Burglary,Unable to prosecute suspect
b0cd23dfc0348c85ac5d9a0f00e3728975834e119627df61eac0465338cad30c,2024-07,Metropolitan Police Service,Metropolitan Police Service,-0.25035,51.544748,On or near Beveridge Road,E01000528,Brent 025F,Burglary,Investigation complete; no suspect identified
13a8df5196f4f7cd12cd1458df8d4ea09f3cad3f83deb5ebb8bc7e70574b2a5c,2024-07,Metropolitan Police Service,Metropolitan Police Service,-0.286655,51.541516,On or near Newcombe Park,E01000476,Brent 026C,Burglary,Investigation complete; no suspect identified
25bf9968daf7094d3ce2e6337967ca85ccd662564986ef29015ce843bedceec2,2024-07,Metropolitan Police Service,Metropolitan Police Service,-0.290047,51.542204,On or near Stanley Park Drive,E01000476,Brent 026C,Burglary,Investigation complete; no suspect identified
0e6db2e39e6d68a5453061c776c32ae8c0f18814e501ad931d0c6a85b89121a7,2024-07,Metropolitan Police Service,Metropolitan Police Service,-0.280487,51.540653,On or near Wycombe Road,E01000477,Brent 026D,Burglary,Investigation complete; no suspect identified
0d6a6409020043504c1702407572b7489b7f7dd23308b0c33075b97a77a9b344,2024-07,Metropolitan Police Service,Metropolitan Police Service,-0.28375,51.541303,On or near Beresford Avenue,E01000477,Brent 026D,Burglary,Investigation complete; no suspect identified
4f19fd0c72da590dfcf0c797f84609c2118b8269847f3486e5f2ed5e8f80b86c,2024-07,Metropolitan Police Service,Metropolitan Police Service,-0.297016,51.550219,On or near Union Road,E01000630,Brent 026E,Burglary,Investigation complete; no suspect identified
f1c66e458b21c0b984076dd567788a393474810f755c506af2ad1a01184ab6c3,2024-07,Metropolitan Police Service,Metropolitan Police Service,-0.256819,51.54114,On or near Craven Park,E01000595,Brent 027A,Burglary,Investigation complete; no suspect identified
0e2a8befe41ba06e57991c0faf587602fe817dbde8cf5a249f8d576d3508e424,2024-07,Metropolitan Police Service,Metropolitan Police Service,-0.256819,51.54114,On or near Craven Park,E01000595,Brent 027A,Burglary,Investigation complete; no suspect identified
6329bb01afbca637f76a333eb630a1010f1b92eb18b519ace5741f4f8c7fc0ec,2024-07,Metropolitan Police Service,Metropolitan Police Service,-0.25984,51.538316,On or near Shelley Road,E01000599,Brent 027D,Burglary,Investigation complete; no suspect identified
b0addfc14c2f6f43f91b8780a78fa053cc626cb2679334352f83c237f7288d3b,2024-07,Metropolitan Police Service,Metropolitan Police Service,-0.258405,51.539248,On or near Washbourne Road,E01000599,Brent 027D,Burglary,Investigation complete; no suspect identified
4e7c18e1b21ac7fcf789c433c5c67342f9a823f1b6803b6f4712bce36194b7e9,2024-07,Metropolitan Police Service,Metropolitan Police Service,-0.262906,51.541482,On or near Orchid Mews,E01033456,Brent 027F,Burglary,Investigation complete; no suspect identified
e49ffa54b9d652200dfa51f5e567c6924cecbf27ea26274cec935538357fbdb4,2024-07,Metropolitan Police Service,Metropolitan Police Service,-0.263642,51.533885,On or near Corby Road,E01033938,Brent 027H,Burglary,Investigation complete; no suspect identified
4e61dbdf384278abbe853d61c12f3924755f840a0a929b146be780da33d9e889,2024-07,Metropolitan Police Service,Metropolitan Police Service,-0.275981,51.533195,On or near Eldon Way,E01033938,Brent 027H,Burglary,Investigation complete; no suspect identified
7d4d1402669be3dcf1a069bfab63c93f5b4279711eaa757bd26caac1a2202a9f,2024-07,Metropolitan Police Service,Metropolitan Police Service,-0.263642,51.533885,On or near Corby Road,E01033938,Brent 027H,Burglary,Status update unavailable
9404d9bcf7eb6660dc9fa1d61f9ce4f8aa48aed014f36a786adfca9c5407a83f,2024-07,Metropolitan Police Service,Metropolitan Police Service,-0.275088,51.535466,On or near Abbey Road,E01033938,Brent 027H,Burglary,Investigation complete; no suspect identified
c23cfb395cbe1f490c40e7fd853ae95bc92b9f2ca4e64dce1456b0d8f57f1d83,2024-07,Metropolitan Police Service,Metropolitan Police Service,-0.282296,51.531282,On or near Lakeside Drive,E01033939,Brent 027I,Burglary,Investigation complete; no suspect identified
1e072dbc0b5d93702515516b1744a01cb916f7ef63fc97a6699b6b0f432c9292,2024-07,Metropolitan Police Service,Metropolitan Police Service,-0.282296,51.531282,On or near Lakeside Drive,E01033939,Brent 027I,Burglary,Investigation complete; no suspect identified
090e8a905639a547c11e239ea8e5640b4218e77f67b44253ba96df2ef7081d14,2024-07,Metropolitan Police Service,Metropolitan Police Service,-0.284059,51.529258,On or near Lakeside Drive,E01033939,Brent 027I,Burglary,Investigation complete; no suspect identified
f632c8657271a5b6f04bc8804ee53041af37397f64ddec812b4e3eeb445b9cb1,2024-07,Metropolitan Police Service,Metropolitan Police Service,-0.284059,51.529258,On or near Lakeside Drive,E01033939,Brent 027I,Burglary,Investigation complete; no suspect identified
c4c5b8a70044af38c6d47c6a9c7e85a440101b7e7fd94df2e35f269ad0c3ff65,2024-07,Metropolitan Police Service,Metropolitan Police Service,-0.282296,51.531282,On or near Lakeside Drive,E01033939,Brent 027I,Burglary,Investigation complete; no suspect identified
e6d9b1bf9778b60b4514cc646bc1b97be42bf3c47290d7d067a0cb469c484c4e,2024-07,Metropolitan Police Service,Metropolitan Police Service,-0.203168,51.543127,On or near Plympton Road,E01000545,Brent 028A,Burglary,Investigation complete; no suspect identified
5b864fbc3faaa915f2376d44a7618d85faa93334607ca8f1b3671d99364392ad,2024-07,Metropolitan Police Service,Metropolitan Police Service,-0.201237,51.54307,On or near Dunster Gardens,E01000545,Brent 028A,Burglary,Investigation complete; no suspect identified
39a9d9d1a85dc9e7f6587f14131d004b51f8dcabc5ce6d49047757486bcdf775,2024-07,Metropolitan Police Service,Metropolitan Police Service,-0.199889,51.540703,On or near Aldershot Road,E01000547,Brent 028C,Burglary,Unable to prosecute suspect
1f1d909835ce7f883ba25ded9e2ef786ed5cd08a8e43eb58f144e7fd0d2f4ed2,2024-07,Metropolitan Police Service,Metropolitan Police Service,-0.199221,51.539344,On or near Glengall Road,E01000547,Brent 028C,Burglary,Investigation complete; no suspect identified
2ef41c79cc76eba8460737db3ceaacaf9fe00cd3088e898618ed0d91acb90399,2024-07,Metropolitan Police Service,Metropolitan Police Service,-0.200612,51.540291,On or near Kenilworth Road,E01000547,Brent 028C,Burglary,Investigation complete; no suspect identified
cc0704320ff4ed61737d539285aa00bca47416aea1795847f470d2392d9f3019,2024-07,Metropolitan Police Service,Metropolitan Police Service,-0.193687,51.538188,On or near West End Lane,E01000548,Brent 028D,Burglary,Investigation complete; no suspect identified
f63a057df57b0501664c95ac2fd3dcc2b75b866ece8e8a4a33e67fd0a20fbe98,2024-07,Metropolitan Police Service,Metropolitan Police Service,-0.197609,51.539274,On or near Victoria Mews,E01000548,Brent 028D,Burglary,Investigation complete; no suspect identified
125a804ae9e9d63b94caf75ab3609adfd248bed8db9947bc0d37d96685612c20,2024-07,Metropolitan Police Service,Metropolitan Police Service,-0.296824,51.536044,On or near Elmore Close,E01000472,Brent 029A,Burglary,Unable to prosecute suspect
8d9c302fb3123ecbc9d990c736926eaaa95981461eac52e9ce7f1319eda9328a,2024-07,Metropolitan Police Service,Metropolitan Police Service,-0.29591,51.54237,On or near Orchard Close,E01000473,Brent 029B,Burglary,Investigation complete; no suspect identified
b15540951d92d9a6bd305230f563adca2063ee0799338f60280d0f2f5607884b,2024-07,Metropolitan Police Service,Metropolitan Police Service,-0.227361,51.544025,On or near Chambers Lane,E01000489,Brent 030A,Burglary,Investigation complete; no suspect identified
55dc910d81db43740b11e6656e2767e8ae6eecaf94cd4a916c4ffa4ca36be874,2024-07,Metropolitan Police Service,Metropolitan Police Service,-0.211833,51.540607,On or near The Avenue,E01000491,Brent 030B,Burglary,Investigation complete; no suspect identified
13640cefb610ec26614b9e9619e0ad0743519e142c0622e60dea54390615a786,2024-07,Metropolitan Police Service,Metropolitan Police Service,-0.217906,51.544979,On or near Brondesbury Park,E01000491,Brent 030B,Burglary,Investigation complete; no suspect identified
bf3590109e806a36c1fa304feeac71cc4c9fd4bff01c0dce9893f4d392f34a72,2024-07,Metropolitan Police Service,Metropolitan Police Service,-0.210527,51.540452,On or near Brondesbury Park,E01000491,Brent 030B,Burglary,Investigation complete; no suspect identified
13606f550c04c6154f5991002df179c942a4205301b75908c607b973dd2d0b40,2024-07,Metropolitan Police Service,Metropolitan Police Service,-0.217906,51.544979,On or near Brondesbury Park,E01000491,Brent 030B,Burglary,Investigation complete; no suspect identified
7f779af45ba7659743e9b87183f094bb4c8e6f047be02f9d8fd34396eddd74d5,2024-07,Metropolitan Police Service,Metropolitan Police Service,-0.249872,51.539148,On or near Bolton Road,E01000523,Brent 031A,Burglary,Investigation complete; no suspect identified
deb6d3a243ab378e5b0c7b526dd5b525107057810fbc3cf006e3d6940a998f35,2024-07,Metropolitan Police Service,Metropolitan Police Service,-0.247746,51.535951,On or near Shopping Area,E01000524,Brent 031B,Burglary,Investigation complete; no suspect identified
dbb65898e56058f56a303ee8949b8554fa93c9dd4c13f73c276a09c8997774c3,2024-07,Metropolitan Police Service,Metropolitan Police Service,-0.253028,51.535445,On or near Minet Avenue,E01000525,Brent 031C,Burglary,Awaiting court outcome
b4145b1a095123c4fbca590b678cfee041afdc05a48e83c5922e70d65818a1b1,2024-07,Metropolitan Police Service,Metropolitan Police Service,-0.243353,51.536946,On or near Park Parade,E01000533,Brent 031E,Burglary,Investigation complete; no suspect identified
ce60fa51ad7a181e6b187860df91ec18c93fdea4482a8c9f945b32638c8069e3,2024-07,Metropolitan Police Service,Metropolitan Police Service,-0.237786,51.538841,On or near Dairy Close,E01000533,Brent 031E,Burglary,Investigation complete; no suspect identified
e503e55f3b13535a693fc261230d2630464eda9651242827382142441366697c,2024-07,Metropolitan Police Service,Metropolitan Police Service,-0.237363,51.533376,On or near Palermo Road,E01000535,Brent 031F,Burglary,Investigation complete; no suspect identified
5920299d2aa1ee4ad49f039d6c7cad5b643e0818d3730d3b21ad3a057e12a0f1,2024-07,Metropolitan Police Service,Metropolitan Police Service,-0.244554,51.535601,On or near Shopping Area,E01033455,Brent 031G,Burglary,Investigation complete; no suspect identified
1df634ea7abe42eff5ccdd23973732473fa92b205f07de99d202c028dbdd7dce,2024-07,Metropolitan Police Service,Metropolitan Police Service,-0.244882,51.536187,On or near Shopping Area,E01033455,Brent 031G,Burglary,Investigation complete; no suspect identified
65f463bd8d7bc2e374ba703f81d10fafeec66b9e29260fdc48bf28aa5c60330c,2024-07,Metropolitan Police Service,Metropolitan Police Service,-0.245902,51.534763,On or near Wendover Road,E01033485,Brent 031H,Burglary,Investigation complete; no suspect identified
82538db41e1b2224a0a71550f56f4d2c24b419fa1307d3bbad0e94c9c05eafbd,2024-07,Metropolitan Police Service,Metropolitan Police Service,-0.246125,51.53384,On or near Honeywood Road,E01033485,Brent 031H,Burglary,Investigation complete; no suspect identified
a0a2c4fd88ae85b0417db7cdd6a73c28968032854b784bf0902f574acbb37e28,2024-07,Metropolitan Police Service,Metropolitan Police Service,-0.206716,51.535412,On or near Summerfield Avenue,E01000580,Brent 032B,Burglary,Investigation complete; no suspect identified
635886cef1d9b22a1bac58a80c0c01287f06bf99cd8b287687b81a73a4102d9e,2024-07,Metropolitan Police Service,Metropolitan Police Service,-0.208089,51.541206,On or near Winchester Avenue,E01000580,Brent 032B,Burglary,Unable to prosecute suspect
2fdd71432e35c84f1e90c65247a9504a2f83782b04a72ed6ef2e0b5a7480d4b3,2024-07,Metropolitan Police Service,Metropolitan Police Service,-0.204896,51.540977,On or near Lincoln Mews,E01000580,Brent 032B,Burglary,Investigation complete; no suspect identified
da9b6abaf2c8d5828c532f2f04eda7383a7040350ef6f8e3cd6172496808fc7e,2024-07,Metropolitan Police Service,Metropolitan Police Service,-0.203596,51.536641,On or near Hartland Road,E01000583,Brent 032D,Burglary,Investigation complete; no suspect identified
510e6f7493cccd9ce4c2bca73e0e79ebe33568472339f9718e618f261f5c5788,2024-07,Metropolitan Police Service,Metropolitan Police Service,-0.210084,51.532244,On or near Beethoven Street,E01000586,Brent 032E,Burglary,Unable to prosecute suspect
255340f7037328f4f7a3789128835f11b327361163f27b38e769c1346df5f542,2024-07,Metropolitan Police Service,Metropolitan Police Service,-0.219961,51.534444,On or near Kensal Rise,E01000586,Brent 032E,Burglary,Investigation complete; no suspect identified
9ad4a8c87bc0bd6fa9a5f973504c1480fde9b27a533787d8c84b093c30890d39,2024-07,Metropolitan Police Service,Metropolitan Police Service,-0.216764,51.529918,On or near Buller Road,E01000586,Brent 032E,Burglary,Investigation complete; no suspect identified
49532ffc22a1f5bb55b1dfe81c5491659750c1d208f565480e7824fe1c6bfe23,2024-07,Metropolitan Police Service,Metropolitan Police Service,-0.219961,51.534444,On or near Kensal Rise,E01000586,Brent 032E,Burglary,Investigation complete; no suspect identified
e6dae8216aa4c074ce8e7814c34acc9d065d6688aa8d8dd75c13931322fa6955,2024-07,Metropolitan Police Service,Metropolitan Police Service,-0.231287,51.535749,On or near Herbert Gardens,E01000530,Brent 033A,Burglary,Unable to prosecute suspect
e57cf997bc5b10b1bb19788613ebf35c21ad8e8cf5ff175ee604224f692d6751,2024-07,Metropolitan Police Service,Metropolitan Police Service,-0.22703,51.53064,On or near Hazel Road,E01000532,Brent 033C,Burglary,Investigation complete; no suspect identified
76d19fd9777c9205a2f5d7822fd0eb69ba858a699e8a338aa780ddbef367c2f5,2024-07,Metropolitan Police Service,Metropolitan Police Service,-0.22703,51.53064,On or near Hazel Road,E01000532,Brent 033C,Burglary,Investigation complete; no suspect identified
15825aac3c0bf2d6af071f17a39f859b7e82b4456ee61638f18a7d953be7517d,2024-07,Metropolitan Police Service,Metropolitan Police Service,-0.222724,51.534217,On or near Clifford Gardens,E01000584,Brent 033E,Burglary,Investigation complete; no suspect identified
48b746bf70268b1305ef15cf66c0fed2b4b9506a066580be2eb434c423d3c2c9,2024-07,Metropolitan Police Service,Metropolitan Police Service,-0.197273,51.529179,On or near Stafford Close,E01000544,Brent 034A,Burglary,Unable to prosecute suspect
14529acb62d6d99d99d71019fc59607221404b2f69397f1c584652bba4362bc6,2024-07,Metropolitan Police Service,Metropolitan Police Service,-0.194121,51.531586,On or near Hansel Road,E01000552,Brent 034D,Burglary,Investigation complete; no suspect identified
0a5362aaf08d1f0f7b3b0535d00cce277393a8bbb78510119c1809f451737551,2024-07,Metropolitan Police Service,Metropolitan Police Service,-0.285259,51.561773,On or near Wembley Park Drive,E01033457,Brent 035A,Burglary,Investigation complete; no suspect identified
80f23df13d60b74cf04ac01fe293cf1174f683d1516cb990b20c9146e12fee4d,2024-07,Metropolitan Police Service,Metropolitan Police Service,-0.278631,51.560795,On or near Fulton Road,E01033940,Brent 035B,Burglary,Investigation complete; no suspect identified
2ff1b4b7c59eda83e242faf1d9b2c42cf4e449596ac500cf581c79942cd1fce8,2024-07,Metropolitan Police Service,Metropolitan Police Service,-0.277505,51.561192,On or near Albion Way,E01000615,Brent 036A,Burglary,Investigation complete; no suspect identified
f1283cc9d35ace4df2c8a56fb3817c7b4f5dbc4ed12c9f47350e64302a986d2e,2024-07,Metropolitan Police Service,Metropolitan Police Service,-0.284773,51.554384,On or near Wembley Stadium,E01000617,Brent 036B,Burglary,Investigation complete; no suspect identified
3df2f8a204c85f4867574eecf9040d9eed26d3719a76535ad691bc874e3d2efb,2024-07,Metropolitan Police Service,Metropolitan Police Service,0.037321,51.434099,On or near Grove Park Road,E01000779,Bromley 001A,Burglary,Investigation complete; no suspect identified
fb7260700136bebbbdb20b9cb069a84f0647a8c4c14055f5c4aa538f1f203b90,2024-07,Metropolitan Police Service,Metropolitan Police Service,0.053257,51.429171,On or near Dunkery Road,E01000781,Bromley 001C,Burglary,Status update unavailable
4eb0f28ccbbf39475a16e2a6bddaa9f66d5072cce495e8e60de40366e3b3a62a,2024-07,Metropolitan Police Service,Metropolitan Police Service,0.042184,51.430552,On or near Court Farm Road,E01000782,Bromley 001D,Burglary,Investigation complete; no suspect identified
e182efeac0f240004b1f565079270112d3a21f9023b133191a8224aeafd7d0f2,2024-07,Metropolitan Police Service,Metropolitan Police Service,0.049899,51.425498,On or near Morston Gardens,E01000783,Bromley 001E,Burglary,Unable to prosecute suspect
6709abd98f330ec7f58707996f4f57274824a85a370a82870d37d1d6a50a49d8,2024-07,Metropolitan Police Service,Metropolitan Police Service,0.045653,51.426741,On or near Supermarket,E01000785,Bromley 001F,Burglary,Unable to prosecute suspect
3891aac3884cbb0592c942c861969c6506c1c6b1c8235f0df9d42914c846a275,2024-07,Metropolitan Police Service,Metropolitan Police Service,0.045653,51.426741,On or near Supermarket,E01000785,Bromley 001F,Burglary,Unable to prosecute suspect
b5b161cc0a27ae6367ed3d0b41b6d8f138f386bf030e80373fb9e28ba9d79298,2024-07,Metropolitan Police Service,Metropolitan Police Service,0.045653,51.426741,On or near Supermarket,E01000785,Bromley 001F,Burglary,Unable to prosecute suspect
a66afeebec75d11027c3689d3b994a0270394aabd26f33946d67ab4b04c6db5d,2024-07,Metropolitan Police Service,Metropolitan Police Service,0.064484,51.423875,On or near Farmland Walk,E01000691,Bromley 002C,Burglary,Investigation complete; no suspect identified
ba3662759fff24a537b527063921ac2325bc07fad9f165dcc6906d29a3a72a24,2024-07,Metropolitan Police Service,Metropolitan Police Service,-0.053345,51.415568,On or near A234,E01000799,Bromley 004A,Burglary,Investigation complete; no suspect identified
8135ef8a12ee3df9ce261c833b51a85a462e0098e66114bf32b297ec39bbecde,2024-07,Metropolitan Police Service,Metropolitan Police Service,-0.057775,51.417925,On or near Kingswood Road,E01000802,Bromley 004B,Burglary,Investigation complete; no suspect identified
9a5bf6e9c575e5d21514866480c7c1a1da8e026d6584d8e3fab834c2e7a2caad,2024-07,Metropolitan Police Service,Metropolitan Police Service,-0.076694,51.417077,On or near Palace Square,E01000746,Bromley 005E,Burglary,Investigation complete; no suspect identified
0420f601b023f3bb286264ab75999eb6e0973fcae7d6f6d75f5d55418cc408cc,2024-07,Metropolitan Police Service,Metropolitan Police Service,-0.076694,51.417077,On or near Palace Square,E01000746,Bromley 005E,Burglary,Investigation complete; no suspect identified
08b08d7e904a2683906422c7f4e69e067be28c3113f98818b727aa5e1bd77fca,2024-07,Metropolitan Police Service,Metropolitan Police Service,-0.071878,51.412259,On or near Worcester Close,E01034384,Bromley 005G,Burglary,Investigation complete; no suspect identified
b9c33983d24d0ff69435c72121b1495edcdfe0a8409804c15fe84a8f5d87eb92,2024-07,Metropolitan Police Service,Metropolitan Police Service,-0.031319,51.415074,On or near Lawn Road,E01000711,Bromley 006C,Burglary,Investigation complete; no suspect identified
d4086aca5b71af7bd1e18235655c87d1909fd96b70aea8c38f5aa62d1fd3193a,2024-07,Metropolitan Police Service,Metropolitan Police Service,0.054804,51.411383,On or near Lubbock Road,E01000697,Bromley 007F,Burglary,Investigation complete; no suspect identified
5f4136bd0c8b951c61edd5011029111dfebde6f317e7026a5117f08c7e2d7c5c,2024-07,Metropolitan Police Service,Metropolitan Police Service,0.064454,51.407266,On or near Norlands Crescent,E01000697,Bromley 007F,Burglary,Investigation complete; no suspect identified
f47e3baa9b425688ba93dcfb8ae53efa3dac5c3d5a1aae175ec227e52e5ee386,2024-07,Metropolitan Police Service,Metropolitan Police Service,0.051179,51.411689,On or near Lower Camden,E01000697,Bromley 007F,Burglary,Investigation complete; no suspect identified
27d3d4cdc097a165c808cf291eea4ae521f46ad02e6b0209ac64627f263c9f78,2024-07,Metropolitan Police Service,Metropolitan Police Service,0.007083,51.409575,On or near Highland Road,E01000674,Bromley 008A,Burglary,Investigation complete; no suspect identified
d9088375621f3bb5ec93dfb2c6f84a6acbbf04008ce8c5cf2bc37e7ac5b22fac,2024-07,Metropolitan Police Service,Metropolitan Police Service,0.015169,51.405758,On or near Market Square,E01000676,Bromley 008B,Burglary,Investigation complete; no suspect identified
5ea432dfb1a7ad36fa9cd3dad95f9c50d023413d8761db8076eda09072f0b325,2024-07,Metropolitan Police Service,Metropolitan Police Service,0.022967,51.41468,On or near Ring Close,E01000820,Bromley 008C,Burglary,Investigation complete; no suspect identified
77e7054715ac50930e988f91a218c556341b60b2dfe861ff25ac3b4223aa73d8,2024-07,Metropolitan Police Service,Metropolitan Police Service,0.014177,51.411342,On or near Supermarket,E01000824,Bromley 008F,Burglary,Investigation complete; no suspect identified
4a4151d170894a9033371c05a0e12b024353e2621337d2e79fc262b50cd92e06,2024-07,Metropolitan Police Service,Metropolitan Police Service,0.014177,51.411342,On or near Supermarket,E01000824,Bromley 008F,Burglary,Investigation complete; no suspect identified
ad79b593c426448b39b23121b4498db01cd1c47fd4d572df1674fc2bb530d767,2024-07,Metropolitan Police Service,Metropolitan Police Service,0.014177,51.411342,On or near Supermarket,E01000824,Bromley 008F,Burglary,Investigation complete; no suspect identified
72dfca5e2422048b5255a9c9f9233f3e061831b8a8ffaa5b0d59d235e79fc581,2024-07,Metropolitan Police Service,Metropolitan Police Service,0.027642,51.410139,On or near Upper Park Road,E01000825,Bromley 008G,Burglary,Unable to prosecute suspect
1c6807f9fbb63f63182985d35ad2cdb83f8b8d60326e2a072193ba14b56e3c8d,2024-07,Metropolitan Police Service,Metropolitan Police Service,0.025966,51.409646,On or near Upper Park Road,E01000825,Bromley 008G,Burglary,Investigation complete; no suspect identified
5ad984454d21f320041fcd07e8e023f052d14e51421c533f07141c8591925eb5,2024-07,Metropolitan Police Service,Metropolitan Police Service,-0.06739,51.405809,On or near Derwent Road,E01000744,Bromley 009B,Burglary,Investigation complete; no suspect identified
b4edd3d312511c20936e0e28da13aa64f4fd7a7c98d7c4be4e03c6e0f2b371c3,2024-07,Metropolitan Police Service,Metropolitan Police Service,-0.06497,51.406929,On or near Weighton Road,E01000744,Bromley 009B,Burglary,Investigation complete; no suspect identified
679240561b13722559950746c303827ca1f0106b70a056c4293eb9fbebd7b43e,2024-07,Metropolitan Police Service,Metropolitan Police Service,-0.054111,51.413107,On or near Pawleyne Close,E01000798,Bromley 009D,Burglary,Investigation complete; no suspect identified
258f4bd6899ad3ae9c0aadba7591b7badab4b06ee796234ab809f79ca2a30702,2024-07,Metropolitan Police Service,Metropolitan Police Service,-0.053241,51.41428,On or near Parking Area,E01000798,Bromley 009D,Burglary,Investigation complete; no suspect identified
565be035e4c5698ae5d4b96485933cabbb0e3b979039ee70ef0466c7091cea96,2024-07,Metropolitan Police Service,Metropolitan Police Service,0.075497,51.411711,On or near Royal Parade,E01000693,Bromley 010A,Burglary,Investigation complete; no suspect identified
b9cb303312a83bac48f5e50028b69d67245bb9322060f172697bb7b7536e39c9,2024-07,Metropolitan Police Service,Metropolitan Police Service,0.10428,51.404983,On or near Parking Area,E01000737,Bromley 010D,Burglary,Investigation complete; no suspect identified
8cc1cf5893de1472b7af872a982230da3991c178c6640f0534db283f7140644b,2024-07,Metropolitan Police Service,Metropolitan Police Service,0.099304,51.400243,On or near Harvel Close,E01000737,Bromley 010D,Burglary,Investigation complete; no suspect identified
4fc07d66c9334d1434aaad68267c088b9678668638a246d60bab5b8b72084b21,2024-07,Metropolitan Police Service,Metropolitan Police Service,-0.003555,51.404047,On or near Beckenham Grove,E01000717,Bromley 011D,Burglary,Investigation complete; no suspect identified
089cbfa602a1956073d6515cee2c213b74dfbdf08d2d0c46033ecfd153fa94f8,2024-07,Metropolitan Police Service,Metropolitan Police Service,-0.016168,51.410933,On or near The Avenue,E01000712,Bromley 012A,Burglary,Investigation complete; no suspect identified
9ef9fd1016f0e4cfbfb5357a1ada3ec7860b2c95bf051119be4de3738e225487,2024-07,Metropolitan Police Service,Metropolitan Police Service,-0.020262,51.41004,On or near Sutton Close,E01000712,Bromley 012A,Burglary,Investigation complete; no suspect identified
8499e178bd605e9282fd095cd85c32ad43af4e9ce393ae332c2e04626f9decfa,2024-07,Metropolitan Police Service,Metropolitan Police Service,-0.016593,51.406759,On or near Bromley Road,E01000715,Bromley 012C,Burglary,Awaiting court outcome
326fb146bdabc50dec455c110f85686c6816a3d6cefececd6811c88f54ae0521,2024-07,Metropolitan Police Service,Metropolitan Police Service,-0.041616,51.409023,On or near Sidney Road,E01000703,Bromley 013C,Burglary,Unable to prosecute suspect
e777cba1632934d67a033866e77a5aa861c008a479ac7b5d5988a74b4f8ae579,2024-07,Metropolitan Police Service,Metropolitan Police Service,0.110566,51.407227,On or near Stilwell Close,E01000729,Bromley 014A,Burglary,Awaiting court outcome
111e836557e9fa18b5090bb0cfbce86a617157192e4bbb4a23dfdfe07f99df1c,2024-07,Metropolitan Police Service,Metropolitan Police Service,0.104552,51.396183,On or near Sayes Court Road,E01000730,Bromley 014B,Burglary,Investigation complete; no suspect identified
b509815a2a30a10d38734f10f9113ca2664e364ff8537c8ea3d539398e0447e2,2024-07,Metropolitan Police Service,Metropolitan Police Service,0.10885,51.395549,On or near Homefield Close,E01000730,Bromley 014B,Burglary,Investigation complete; no suspect identified
8faa8cc79b9fb88a9b7015055c2e670c5d0c8c53f3ce082e2b6ff58bbbed7e85,2024-07,Metropolitan Police Service,Metropolitan Police Service,0.114123,51.411695,On or near Cornwall Drive,E01000735,Bromley 014C,Burglary,Investigation complete; no suspect identified
099f594cf2f83edb711affc9e9802f0e0a0e339f31cc7062e30daca543da3c35,2024-07,Metropolitan Police Service,Metropolitan Police Service,0.10837,51.411367,On or near The Avenue,E01000735,Bromley 014C,Burglary,Unable to prosecute suspect
84ade78cfb2b2739a077103affa70b3664cc22b4e63dffc099827c8458ebe24c,2024-07,Metropolitan Police Service,Metropolitan Police Service,0.110976,51.399566,On or near Vernon Close,E01000738,Bromley 014D,Burglary,Investigation complete; no suspect identified
c424ff10710b516c607779171aa291775b33eef47d6a733019b1bafeedad070d,2024-07,Metropolitan Police Service,Metropolitan Police Service,0.110976,51.399566,On or near Vernon Close,E01000738,Bromley 014D,Burglary,Investigation complete; no suspect identified
4d80833648824c2bd6366196c18a810da7e0d34968c33423bbfac292675c0aa8,2024-07,Metropolitan Police Service,Metropolitan Police Service,0.111072,51.406021,On or near Walsingham Road,E01000738,Bromley 014D,Burglary,Status update unavailable
787deea5e5631c29732250f446b07eefb668a088507d9d56d70297c4bbac2aa3,2024-07,Metropolitan Police Service,Metropolitan Police Service,0.104099,51.399474,On or near Cygnet Close,E01000739,Bromley 014E,Burglary,Awaiting court outcome
48b98a3d5ebcca36c5a4142c72d8f06e25ff066007d24aab55209dfc3eedd1fc,2024-07,Metropolitan Police Service,Metropolitan Police Service,-0.060414,51.407223,On or near Worbeck Road,E01000699,Bromley 015A,Burglary,Unable to prosecute suspect
9965b32744cd70446c4599fd62ce60adab9a94e038bff728dc83e744d115173a,2024-07,Metropolitan Police Service,Metropolitan Police Service,-0.053945,51.410578,On or near Avenue Road,E01000801,Bromley 015E,Burglary,Investigation complete; no suspect identified
ef55157437521d4c0fdd815aaebfd7fefcfa3e14d9453f831eb9e9f08773c5d6,2024-07,Metropolitan Police Service,Metropolitan Police Service,0.035248,51.408181,On or near Copley Dene,E01000653,Bromley 016D,Burglary,Investigation complete; no suspect identified
0bc020c45ef13cbee613eaf728c0f6ab14e448d1252a8016bb97494f085ffec2,2024-07,Metropolitan Police Service,Metropolitan Police Service,0.024185,51.396673,On or near Devonshire Square,E01000678,Bromley 016E,Burglary,Investigation complete; no suspect identified
ef34eedaa233b391674af9a4305165db0bb82aca800a1aa14788cf966f120ba9,2024-07,Metropolitan Police Service,Metropolitan Police Service,0.024185,51.396673,On or near Devonshire Square,E01000678,Bromley 016E,Burglary,Investigation complete; no suspect identified
0ba745f83c3b245029b6fc2cf4ceb962a05746682d93dcb0fe2af1eae12d1b81,2024-07,Metropolitan Police Service,Metropolitan Police Service,0.02164,51.397625,On or near Masons Hill,E01000670,Bromley 018A,Burglary,Investigation complete; no suspect identified
b1262398d1c995f78f19b741badc334e70e963fe0560255ae7bb7342c9c6d399,2024-07,Metropolitan Police Service,Metropolitan Police Service,0.014448,51.403765,On or near Theatre/Concert Hall,E01000677,Bromley 018C,Burglary,Investigation complete; no suspect identified
ebc1f46ac1a3e5b7a279b1f2f4a22488a16a309f638e2823326eace73028ab98,2024-07,Metropolitan Police Service,Metropolitan Police Service,0.014448,51.403765,On or near Theatre/Concert Hall,E01000677,Bromley 018C,Burglary,Investigation complete; no suspect identified
64587c770c0e6275ec7736f9a5c9853e38036d30f406456dcd3e65d71450222e,2024-07,Metropolitan Police Service,Metropolitan Police Service,0.018864,51.407395,On or near Parking Area,E01034385,Bromley 018F,Burglary,Investigation complete; no suspect identified
534545e554d7c9e2d8dff76b873b52f51fdc9b48a34df697b84bc9eb81770216,2024-07,Metropolitan Police Service,Metropolitan Police Service,0.015263,51.401683,On or near Ringer'S Road,E01034386,Bromley 018G,Burglary,Investigation complete; no suspect identified
e79a64f398b62375ea663628d13144f38c7d0078c08cc01cd64534ced5626985,2024-07,Metropolitan Police Service,Metropolitan Police Service,0.11737,51.398884,On or near The Landway,E01000719,Bromley 019A,Burglary,Investigation complete; no suspect identified
00a020d85621ae246c33e4726ee6a89c90bd60ae9f806b03d3a70ec794c6b794,2024-07,Metropolitan Police Service,Metropolitan Police Service,0.113808,51.398319,On or near Springvale Way,E01000719,Bromley 019A,Burglary,Status update unavailable
c5ec4baa5358eb658ca9c3291cee5e8ae7e5335eee86faec3af17baf38ec3a08,2024-07,Metropolitan Police Service,Metropolitan Police Service,0.115211,51.397583,On or near Craylands,E01000719,Bromley 019A,Burglary,Investigation complete; no suspect identified
d311bb1a4f3b154916257342555d45782c00cbdf293054b46fe0933ab9997fe5,2024-07,Metropolitan Police Service,Metropolitan Police Service,0.144025,51.40965,On or near Petrol Station,E01000720,Bromley 019B,Burglary,Investigation complete; no suspect identified
f18ca5d6543e6207f21b3d9095f542beae0c18e5e7b181a1ff0dfd2a4ec3ee32,2024-07,Metropolitan Police Service,Metropolitan Police Service,0.123642,51.394922,On or near Admiral Close,E01000720,Bromley 019B,Burglary,Status update unavailable
9a7b8e3b6659e57eb6fa8867001ff85eaddc6762325031da54053a485fdc7705,2024-07,Metropolitan Police Service,Metropolitan Police Service,0.123446,51.391319,On or near Sweeps Lane,E01000721,Bromley 019C,Burglary,Awaiting court outcome
23ebf800dcd795361787937a74a3217cf80657be04628a2769c59d15b3d3a229,2024-07,Metropolitan Police Service,Metropolitan Police Service,0.1209,51.393137,On or near Shorne Close,E01000721,Bromley 019C,Burglary,Investigation complete; no suspect identified
60893ed00cf5a5c396d578dab9219f5c41eebe34916217986a3c9eff3df15aa1,2024-07,Metropolitan Police Service,Metropolitan Police Service,0.118663,51.392323,On or near Okemore Gardens,E01000724,Bromley 019D,Burglary,Status update unavailable
2b392bda51befb398213f1f21f552bd896abf2afb5788d992e7b6fb942cfd58f,2024-07,Metropolitan Police Service,Metropolitan Police Service,0.124694,51.397466,On or near Barnfield Road,E01000728,Bromley 019E,Burglary,Investigation complete; no suspect identified
0c0dedc7487a57cd9f8d270516a9e13433afc554b3d4a221a36552976081cb80,2024-07,Metropolitan Police Service,Metropolitan Police Service,0.035887,51.390184,On or near Waverley Close,E01000669,Bromley 020C,Burglary,Investigation complete; no suspect identified
e22e0584a0ab04238f1369cf902c646dc53579a8f2bbf4307427610c2dad7fe9,2024-07,Metropolitan Police Service,Metropolitan Police Service,0.035887,51.390184,On or near Waverley Close,E01000669,Bromley 020C,Burglary,Investigation complete; no suspect identified
9deef64ca411efcb8107619d15897d959ff194c720fafaa2dea539538509f814,2024-07,Metropolitan Police Service,Metropolitan Police Service,0.049652,51.391365,On or near The Fairway,E01000652,Bromley 022B,Burglary,Investigation complete; no suspect identified
f909dd9dc0eaa809e88fa769f33a2e20c86f3559cda38134e74b39c7c820bd2c,2024-07,Metropolitan Police Service,Metropolitan Police Service,0.102143,51.384077,On or near Wendover Way,E01000725,Bromley 023B,Burglary,Investigation complete; no suspect identified
74b82a51c441b2b286c897224785a7f548073c002aa5259dd98edfa670445b23,2024-07,Metropolitan Police Service,Metropolitan Police Service,0.103838,51.384694,On or near Coleridge Way,E01000725,Bromley 023B,Burglary,Investigation complete; no suspect identified
7e1de1996b937635884becfd5f921a125a689f3835b00e0e06032a0ea69f9ecf,2024-07,Metropolitan Police Service,Metropolitan Police Service,0.097078,51.392432,On or near Englefield Path,E01000733,Bromley 023E,Burglary,Awaiting court outcome
16521e82d788ca931f784c5d2669b43567a6d44b97e8c2fb3a84960f363dab85,2024-07,Metropolitan Police Service,Metropolitan Police Service,-0.026861,51.380664,On or near Eresby Drive,E01000769,Bromley 024A,Burglary,Investigation complete; no suspect identified
91d02da138e452e2271c2247bc8cc5530b54f7fbddfc3f2d80c6bd2c9f1dbe95,2024-07,Metropolitan Police Service,Metropolitan Police Service,-0.026408,51.381844,On or near Chancellors Close,E01000769,Bromley 024A,Burglary,Investigation complete; no suspect identified
fc5d707a7f97e81a430506955db30a7be46b2e05738ba549e2788ee4618d0f04,2024-07,Metropolitan Police Service,Metropolitan Police Service,-0.04241,51.392121,On or near Ambleside Avenue,E01000778,Bromley 024E,Burglary,Investigation complete; no suspect identified
d8ce9bb36870597a463a90c58df0cde06139b0c559988d685593c82dad730af1,2024-07,Metropolitan Police Service,Metropolitan Police Service,0.041982,51.385051,On or near Rayfield Close,E01000661,Bromley 026A,Burglary,Investigation complete; no suspect identified
0439b911dc7ca01ff0202b6a80b69a796675ae030b073a3f2bad1a67eab04cd4,2024-07,Metropolitan Police Service,Metropolitan Police Service,0.044835,51.38778,On or near Green Way,E01000662,Bromley 026B,Burglary,Investigation complete; no suspect identified
7dddfeb5e49019e39ff0e7d2c6c2d2e43d9a28a166bd3878a5f67478f2bdfc2e,2024-07,Metropolitan Police Service,Metropolitan Police Service,0.046585,51.388352,On or near Sunray Avenue,E01000662,Bromley 026B,Burglary,Investigation complete; no suspect identified
474c04bce3778be6d33a3f5e1d65e85378d8c158d1bedde7b3a9d1546c8c2c49,2024-07,Metropolitan Police Service,Metropolitan Police Service,0.008641,51.382462,On or near Mounthurst Road,E01000764,Bromley 027B,Burglary,Investigation complete; no suspect identified
41fe61ab0a429e55e4f8e5c23fee9d3c8d8390687647064eed670cf6122bb487,2024-07,Metropolitan Police Service,Metropolitan Police Service,0.00763,51.384314,On or near Draven Close,E01000764,Bromley 027B,Burglary,Investigation complete; no suspect identified
21c639bf6fb9052563cfef7c27c158b8aa5584494cedb2e3110f68cb308e5810,2024-07,Metropolitan Police Service,Metropolitan Police Service,0.100583,51.37576,On or near Supermarket,E01000790,Bromley 028C,Burglary,Investigation complete; no suspect identified
a641093ee6283c6a7fe955b2cf3d619c215a5be1d22b61d1dc63c426212eb3f4,2024-07,Metropolitan Police Service,Metropolitan Police Service,0.100583,51.37576,On or near Supermarket,E01000790,Bromley 028C,Burglary,Investigation complete; no suspect identified
e14710797623f754c79bbabd4116402c2e413e4ce2c762cf8acc1c1c80eb6f0b,2024-07,Metropolitan Police Service,Metropolitan Police Service,0.078985,51.376694,On or near Gleneagles Close,E01000755,Bromley 031C,Burglary,Investigation complete; no suspect identified
86a20d6d91e10c7dc9dec7858976f652cd0b44fbf509a1b86a0d02d694868e9b,2024-07,Metropolitan Police Service,Metropolitan Police Service,0.084878,51.369439,On or near Tubbenden Close,E01000758,Bromley 031E,Burglary,Investigation complete; no suspect identified
cd8abf6df3b7f72d533946632e4c33d9813ce039a8bdb61f9d936815ea3dc356,2024-07,Metropolitan Police Service,Metropolitan Police Service,0.108631,51.364221,On or near Abbey Close,E01000795,Bromley 032E,Burglary,Investigation complete; no suspect identified
9a367d2849fda4c6672fbf7a84691628865eb74508733d01e1bfabfe059b44a0,2024-07,Metropolitan Police Service,Metropolitan Police Service,0.056655,51.36707,On or near Parking Area,E01000756,Bromley 033D,Burglary,Unable to prosecute suspect
a6e9c6f20352e16fb591ee6c2db921c2fbe6139dc83a104df99d2e1bd9b0cae7,2024-07,Metropolitan Police Service,Metropolitan Police Service,-0.001018,51.369228,On or near South Walk,E01000760,Bromley 034B,Burglary,Investigation complete; no suspect identified
326d472600682029ed198a55ea69dc172718656fa24261c98d02a6cf10deaeb5,2024-07,Metropolitan Police Service,Metropolitan Police Service,0.02751,51.306974,On or near St Mary'S Grove,E01000654,Bromley 039A,Burglary,Investigation complete; no suspect identified
9773ea6e348543a7870029a535f70bb20b708c6f63adeb68e416597f82bd0fdf,2024-07,Metropolitan Police Service,Metropolitan Police Service,0.026325,51.310034,On or near Rosehill Road,E01000655,Bromley 039B,Burglary,Awaiting court outcome
7712d31c7d0a0c732e8eb147c55eae5276b578deb8f285eeb68a30fa785cb996,2024-07,Metropolitan Police Service,Metropolitan Police Service,0.026325,51.310034,On or near Rosehill Road,E01000655,Bromley 039B,Burglary,Status update unavailable
976735787039ff74e3eafe9c668732d53c07b5553c8c87fe534bf771949ed2d2,2024-07,Metropolitan Police Service,Metropolitan Police Service,0.035832,51.315742,On or near Spruce Road,E01000657,Bromley 039D,Burglary,Investigation complete; no suspect identified
70e6c7f329462cc0927a6562f4d540cf43de32201df37834ab64097b9070e98d,2024-07,Metropolitan Police Service,Metropolitan Police Service,0.033572,51.314603,On or near Supermarket,E01000657,Bromley 039D,Burglary,Investigation complete; no suspect identified
bd05c9992ac76b69680aa74dd00cb675dc526f7249f38a7d033f46b4d5a75239,2024-07,Metropolitan Police Service,Metropolitan Police Service,0.030591,51.424458,On or near Portland Road,E01000818,Bromley 040B,Burglary,Status update unavailable
6e48cae80a4a803ee1e0d4ca33e727d5dd0c75fd1e48e80ee99db5e9fcb3f224,2024-07,Metropolitan Police Service,Metropolitan Police Service,0.011776,51.421815,On or near Bonville Road,E01032562,Bromley 040D,Burglary,Investigation complete; no suspect identified
71f5f5204a66aa15384dacc04b0ef84784ed6b40c2b99581bae06275ef663198,2024-07,Metropolitan Police Service,Metropolitan Police Service,-0.050271,51.396551,On or near Supermarket,E01032568,Bromley 041E,Burglary,Unable to prosecute suspect
aaa90604e227dea3a5e6c292fcd47cb02a07983c7fafef2ec038cdd34c524fc3,2024-07,Metropolitan Police Service,Metropolitan Police Service,-0.142534,51.564511,On or near Raydon Street,E01000907,Camden 001A,Burglary,Unable to prosecute suspect
b3d3e2e36d00439aef5a6193681d0f8601bb3ae8cfbf41cc791fbda98b4df563,2024-07,Metropolitan Police Service,Metropolitan Police Service,-0.146569,51.566067,On or near Swain'S Lane,E01000908,Camden 001B,Burglary,Investigation complete; no suspect identified
3586567f1e5a4ecaa8244ddfad79e8b03fda50190ccdf35009d57945bf87b3ba,2024-07,Metropolitan Police Service,Metropolitan Police Service,-0.146569,51.566067,On or near Swain'S Lane,E01000908,Camden 001B,Burglary,Unable to prosecute suspect
873e9f3e1ac14245885eda5c9ef16f2dd22308b37ab0add15ed329e2785390a2,2024-07,Metropolitan Police Service,Metropolitan Police Service,-0.146183,51.561727,On or near Brookfield Park,E01000909,Camden 001C,Burglary,Investigation complete; no suspect identified
194d66872e00cdd95e6a1a0f481b7ec65a009675e0ee77965c22602b1ccacd57,2024-07,Metropolitan Police Service,Metropolitan Police Service,-0.146341,51.556415,On or near Highgate Road,E01000912,Camden 001D,Burglary,Investigation complete; no suspect identified
aac868b0a75cfa5267090fe8fe3e0731cf15bfe22e85152a85639572c0b15a4e,2024-07,Metropolitan Police Service,Metropolitan Police Service,-0.152008,51.566432,On or near Robin Grove,E01000913,Camden 001E,Burglary,Investigation complete; no suspect identified
3708c2cb131f481a0973e17d48eea7fd3cf8f45d961f8359e3b38ae2229f972d,2024-07,Metropolitan Police Service,Metropolitan Police Service,-0.172232,51.559006,On or near Gainsborough Gardens,E01000894,Camden 002B,Burglary,Investigation complete; no suspect identified
0222f9c557dc6bf92419f3d6f797624e971aef7671e42a011254fdbf808df76f,2024-07,Metropolitan Police Service,Metropolitan Police Service,-0.178005,51.555706,On or near Oriel Court,E01000895,Camden 002C,Burglary,Investigation complete; no suspect identified
27aaa57fc099451f7f2ac140a992c9fdb40d1122765a7b7ff530e9584670a35b,2024-07,Metropolitan Police Service,Metropolitan Police Service,-0.166594,51.555708,On or near South End Road,E01000896,Camden 002D,Burglary,Investigation complete; no suspect identified
0e4523c205ad8c5809bec8d36ce82820ae79394e7f14d32ebd5aec1b526d9c3f,2024-07,Metropolitan Police Service,Metropolitan Police Service,-0.166594,51.555708,On or near South End Road,E01000896,Camden 002D,Burglary,Investigation complete; no suspect identified
209e9d172fa34026b9ab2406a678d95605b9126e33f1cb6c09d4fe9c4c35da6f,2024-07,Metropolitan Police Service,Metropolitan Police Service,-0.171297,51.557499,On or near Willow Road,E01000896,Camden 002D,Burglary,Investigation complete; no suspect identified
fa49d543aebbf52300a2932b06234e663f7465ca862b87692008e6b7503b42e2,2024-07,Metropolitan Police Service,Metropolitan Police Service,-0.14697,51.559383,On or near Woodsome Road,E01000910,Camden 003A,Burglary,Investigation complete; no suspect identified
04546afd796beccdff0424e1037cbb1cce1c0b5720dc5e1401409455df6732e0,2024-07,Metropolitan Police Service,Metropolitan Police Service,-0.143108,51.556445,On or near Ingestre Road,E01000928,Camden 003E,Burglary,Unable to prosecute suspect
6f038fa9fc2b93e334147882322687d41dfd62b6b7aed42a3911e568bd1c8cca,2024-07,Metropolitan Police Service,Metropolitan Police Service,-0.192949,51.557169,On or near Kidderpore Avenue,E01000878,Camden 004A,Burglary,Investigation complete; no suspect identified
563b5340aeb9014f7ed9e2c0854039848f8e7c1a8a8eb8f5f8b774a90d591fce,2024-07,Metropolitan Police Service,Metropolitan Police Service,-0.190134,51.556496,On or near Heath Drive,E01000878,Camden 004A,Burglary,Investigation complete; no suspect identified
83c25c291e5e7d07f2dd75ce64e2bc0db0ab9b6a11e3fd47b5680a035358a941,2024-07,Metropolitan Police Service,Metropolitan Police Service,-0.179296,51.555879,On or near Yorkshire Grey Place,E01000879,Camden 004B,Burglary,Unable to prosecute suspect
56f7137590335de6019efe8c4b4776735aafaa9020c7e03131783415ae2ff5bd,2024-07,Metropolitan Police Service,Metropolitan Police Service,-0.179438,51.552329,On or near Arkwright Road,E01000879,Camden 004B,Burglary,Investigation complete; no suspect identified
95d2664c0c98da11561ad87f1628eb03997766f09b18052bccc02c9dfefd5ca3,2024-07,Metropolitan Police Service,Metropolitan Police Service,-0.179438,51.552329,On or near Arkwright Road,E01000879,Camden 004B,Burglary,Unable to prosecute suspect
c669d4305fc5f839fd445b2d6fbf0bc3c4c33f5e13165b1b566b148d4e6c01fd,2024-07,Metropolitan Police Service,Metropolitan Police Service,-0.183637,51.552637,On or near Lindfield Gardens,E01000880,Camden 004C,Burglary,Investigation complete; no suspect identified
3f514f83f17c876f96cc8fe39f55c102a5ab32a1102aeca5a571d9d760915fa2,2024-07,Metropolitan Police Service,Metropolitan Police Service,-0.196702,51.555293,On or near Fortune Green Road,E01000871,Camden 005A,Burglary,Investigation complete; no suspect identified
12dfaa55af47336b6ddd320e5c4e8e55a799859c6974e41edf86338cfbafae83,2024-07,Metropolitan Police Service,Metropolitan Police Service,-0.202888,51.55278,On or near Sarre Road,E01000871,Camden 005A,Burglary,Awaiting court outcome
cc3109a26300a5f81dc6b39bbc95e655392e87d363d4abe4d61061040fc8f16e,2024-07,Metropolitan Police Service,Metropolitan Police Service,-0.196702,51.555293,On or near Fortune Green Road,E01000871,Camden 005A,Burglary,Status update unavailable
949d05936ec311261168323173d7cb75a31dd6048f2866f87ee73ead553dd262,2024-07,Metropolitan Police Service,Metropolitan Police Service,-0.197842,51.558575,On or near Burgess Hill,E01000871,Camden 005A,Burglary,Investigation complete; no suspect identified
016dde7cb2e002e1d4b40afa34d845d45e781d50163af9b357a19b44b115464f,2024-07,Metropolitan Police Service,Metropolitan Police Service,-0.206175,51.553208,On or near Westbere Road,E01000872,Camden 005B,Burglary,Investigation complete; no suspect identified
a13a195edc01263f3898c24638486ed4f12b136a01381ad3b81f6920847855c3,2024-07,Metropolitan Police Service,Metropolitan Police Service,-0.212051,51.553802,On or near Cricklewood Broadway,E01000872,Camden 005B,Burglary,Unable to prosecute suspect
6f10fcc7b02364ee8c3880edca623e8f7eaff5eb4c3fc1d96b03ee71a8254e6e,2024-07,Metropolitan Police Service,Metropolitan Police Service,-0.210765,51.553135,On or near Supermarket,E01000872,Camden 005B,Burglary,Investigation complete; no suspect identified
ce35003cdf711c880ad0555778cad0a070a5d3493d320207b3a17f09da40c602,2024-07,Metropolitan Police Service,Metropolitan Police Service,-0.206175,51.553208,On or near Westbere Road,E01000872,Camden 005B,Burglary,Investigation complete; no suspect identified
4ec1240cbef14f8063b196029c980625b8c5e3b10fd55fd762d42da04a1071c2,2024-07,Metropolitan Police Service,Metropolitan Police Service,-0.192352,51.553671,On or near Lyncroft Gardens,E01000874,Camden 005D,Burglary,Investigation complete; no suspect identified
8682cd802fe4e4b522845c1fb5320f75930a6a0124d18f545de8c68d6155e8e0,2024-07,Metropolitan Police Service,Metropolitan Police Service,-0.195213,51.555369,On or near Ingham Road,E01000877,Camden 005E,Burglary,Investigation complete; no suspect identified
c7a7c6dbc392506f1702c25efd613b8a08b0f76499ac742219b18643369179d2,2024-07,Metropolitan Police Service,Metropolitan Police Service,-0.195213,51.555369,On or near Ingham Road,E01000877,Camden 005E,Burglary,Investigation complete; no suspect identified
09193556b407d866a3d4f4dfab9387ddb76ae9ea26d2f03b374394c721d23f9d,2024-07,Metropolitan Police Service,Metropolitan Police Service,-0.161676,51.553527,On or near Fleet Road,E01000887,Camden 006B,Burglary,Investigation complete; no suspect identified
6ffde1771d8e4b119d0b285008fb66620030461dad5aa84d3f501ead151b0a99,2024-07,Metropolitan Police Service,Metropolitan Police Service,-0.165193,51.55431,On or near South End Green,E01000887,Camden 006B,Burglary,Unable to prosecute suspect
5e7243dc77c3078ba4d58d562e0aae058002591b102e470eac5b285a748257d1,2024-07,Metropolitan Police Service,Metropolitan Police Service,-0.16106,51.554515,On or near Cressy Road,E01000887,Camden 006B,Burglary,Unable to prosecute suspect
d3cff3dfb9f7831c9493ab7e1d20401bf6213dbb163c057105dfa278e92d490d,2024-07,Metropolitan Police Service,Metropolitan Police Service,-0.154749,51.551485,On or near Haverstock Road,E01000890,Camden 007B,Burglary,Investigation complete; no suspect identified
e9d098bf894543a22ddb02b5d8a9aef46e9e0e7d908de362151762d4f05dbc12,2024-07,Metropolitan Police Service,Metropolitan Police Service,-0.150886,51.550336,On or near Weedington Road,E01000891,Camden 007C,Burglary,Investigation complete; no suspect identified
e0e65176c06956584a7003b77895c93619160cf2f0ce0a0937d5dff406f6c8ee,2024-07,Metropolitan Police Service,Metropolitan Police Service,-0.148086,51.550391,On or near Arctic Street,E01000891,Camden 007C,Burglary,Investigation complete; no suspect identified
d3cce9b483b3849c7c972f7e733d590327d6780b3eecf0ebc19f36af5ed1ee96,2024-07,Metropolitan Police Service,Metropolitan Police Service,-0.152943,51.549775,On or near Gilden Crescent,E01000891,Camden 007C,Burglary,Investigation complete; no suspect identified
80e3533ab35627b0ce1a8cc3740843708354728e4f2cbd2cb573fc282b07e59e,2024-07,Metropolitan Police Service,Metropolitan Police Service,-0.141268,51.548871,On or near Old Dairy Mews,E01000922,Camden 007E,Burglary,Investigation complete; no suspect identified
59ca0553628f81d38a860e3de903fb4086376d06824c0891e89733e9bcba8649,2024-07,Metropolitan Police Service,Metropolitan Police Service,-0.144199,51.550212,On or near Regis Road,E01000922,Camden 007E,Burglary,Unable to prosecute suspect
f3d3686d9b1a3e8fa97b47a1db07c373c1806a2c9ed3aa9b09dd097455c42b69,2024-07,Metropolitan Police Service,Metropolitan Police Service,-0.141383,51.549934,On or near York Mews,E01000922,Camden 007E,Burglary,Awaiting court outcome
0323e22728529bb8303190b39d8821693855e44f503e198b828e9cf332f8bb8b,2024-07,Metropolitan Police Service,Metropolitan Police Service,-0.141729,51.545695,On or near Kelly Street,E01000927,Camden 007F,Burglary,Awaiting court outcome
5408d1fbf1d51398e4cfae782da27ad59e95a4affd4a0821128a7c4d2e1074dc,2024-07,Metropolitan Police Service,Metropolitan Police Service,-0.179529,51.550055,On or near Netherhall Way,E01000881,Camden 008A,Burglary,Investigation complete; no suspect identified
1f6baaf39b9bb7c7025a7a8a2db51cce8cabcd093a31ccb2ec00b11c4630e1b2,2024-07,Metropolitan Police Service,Metropolitan Police Service,-0.179529,51.550055,On or near Netherhall Way,E01000881,Camden 008A,Burglary,Investigation complete; no suspect identified
f37623b077f35780157c7530931a7b05c84169b0f79b9154303e1c17ee46c725,2024-07,Metropolitan Police Service,Metropolitan Police Service,-0.175895,51.550026,On or near B511,E01000881,Camden 008A,Burglary,Investigation complete; no suspect identified
1e3d91a364a42ac502a1a9ba6372db3f769c1444c4e19772fdbfb8dcfb1ab596,2024-07,Metropolitan Police Service,Metropolitan Police Service,-0.172831,51.546939,On or near Belsize Park,E01000882,Camden 008B,Burglary,Investigation complete; no suspect identified
8f0e7667eb911145ac1adec3c9577019fbac939b60356b0eb745d23140513d08,2024-07,Metropolitan Police Service,Metropolitan Police Service,-0.173001,51.54918,On or near Belsize Park Mews,E01000882,Camden 008B,Burglary,Status update unavailable
7da0b1712a16515b8490ed425791f50cc9fc9f4ffa8ec3b829bd8fc468c4d51d,2024-07,Metropolitan Police Service,Metropolitan Police Service,-0.175109,51.544807,On or near College Crescent,E01000883,Camden 008C,Burglary,Investigation complete; no suspect identified
086b0f27af86edf4dc2a74997dd986c8413c8d697cc2f91e2b19d88473f48af2,2024-07,Metropolitan Police Service,Metropolitan Police Service,-0.175109,51.544807,On or near College Crescent,E01000883,Camden 008C,Burglary,Unable to prosecute suspect
2a871226e14ae4cd87bc1419f0dbe6c74aa6080a6e85903559a71d83a6b71b5f,2024-07,Metropolitan Police Service,Metropolitan Police Service,-0.175109,51.544807,On or near College Crescent,E01000883,Camden 008C,Burglary,Investigation complete; no suspect identified
d88be4494fcda685b1e61d4cc054679bf9921f43424d58b802a407cc3cf72bca,2024-07,Metropolitan Police Service,Metropolitan Police Service,-0.173308,51.545462,On or near Buckland Crescent,E01000883,Camden 008C,Burglary,Investigation complete; no suspect identified
d878b3fbf014fd68603b951e3e573ea982f171136965c8581adb89d3d7613f36,2024-07,Metropolitan Police Service,Metropolitan Police Service,-0.168335,51.551149,On or near Ornan Road,E01000898,Camden 008E,Burglary,Investigation complete; no suspect identified
3a8bbc36a0d1bbe94b14f81568772cb09ad55e0a13d3f4f25fd2479001b12584,2024-07,Metropolitan Police Service,Metropolitan Police Service,-0.164339,51.550457,On or near Belsize Park,E01000898,Camden 008E,Burglary,Investigation complete; no suspect identified
03742198f055ad22d70bfb69496aefa01499937b9d2a2883a34adc720e166686,2024-07,Metropolitan Police Service,Metropolitan Police Service,-0.190143,51.550094,On or near Fawley Road,E01000969,Camden 010A,Burglary,Investigation complete; no suspect identified
92f11affa4756555a5aa50cf10e6f2e284f9698a225b2faab26f805ff3d27dfb,2024-07,Metropolitan Police Service,Metropolitan Police Service,-0.190551,51.551431,On or near Honeybourne Road,E01000969,Camden 010A,Burglary,Investigation complete; no suspect identified
ecc57a5afe2b7eaf8147315f2378b97e91349855e22a5cdafd58fb69ffaddc5f,2024-07,Metropolitan Police Service,Metropolitan Police Service,-0.187004,51.551403,On or near Alvanley Gardens,E01000969,Camden 010A,Burglary,Awaiting court outcome
433672a50ccf6474ae87ed816f1697f0925d1e6ed9cbcb8692e5069d9597e284,2024-07,Metropolitan Police Service,Metropolitan Police Service,-0.193016,51.55074,On or near Inglewood Road,E01000970,Camden 010B,Burglary,Unable to prosecute suspect
a27dccb02259985441503524fb32ec6f056ac6c59012eabc287eb9c9c8ca16eb,2024-07,Metropolitan Police Service,Metropolitan Police Service,-0.193016,51.55074,On or near Inglewood Road,E01000970,Camden 010B,Burglary,Investigation complete; no suspect identified
421184db7bb8c9b880d7430f62356e27d2b4a97e4f5bee541304183a9a9f201f,2024-07,Metropolitan Police Service,Metropolitan Police Service,-0.186006,51.54931,On or near Dresden Close,E01000972,Camden 010D,Burglary,Investigation complete; no suspect identified
5c7dea2b36dac591878b0504397f9aed1f6d4b000ff09bf16bff63ae60407a5c,2024-07,Metropolitan Police Service,Metropolitan Police Service,-0.183801,51.549987,On or near Finchley Road And Frognal,E01000972,Camden 010D,Burglary,Unable to prosecute suspect
3de95c08b6f7e30b3d980eb622080411f54017b83e75a03b643a9e52eccb1ea5,2024-07,Metropolitan Police Service,Metropolitan Police Service,-0.192074,51.549395,On or near Sandwell Crescent,E01000973,Camden 010E,Burglary,Unable to prosecute suspect
fced90d5e9f0f58eec10a882fefbd713a2ab202b7afd434d75cd738d6425979b,2024-07,Metropolitan Police Service,Metropolitan Police Service,-0.19136,51.549231,On or near B510,E01000973,Camden 010E,Burglary,Investigation complete; no suspect identified
069cabc7b679ed7b2f25f87e109475675bbeef50f426a05fe1619f85f5240640,2024-07,Metropolitan Police Service,Metropolitan Police Service,-0.191463,51.547344,On or near West Hampstead,E01000973,Camden 010E,Burglary,Investigation complete; no suspect identified
02ff1d794885180ae566a7bd35d7a8abf19c4d5e7ce203c155a1983821192af3,2024-07,Metropolitan Police Service,Metropolitan Police Service,-0.168717,51.546659,On or near Lancaster Drive,E01000842,Camden 011A,Burglary,Status update unavailable
0e72a8fa0c4c983af3603da4fdeadee8e111b205d54e0ca4867cec46b5419c7a,2024-07,Metropolitan Police Service,Metropolitan Police Service,-0.165097,51.549534,On or near Howitt Road,E01000849,Camden 011D,Burglary,Investigation complete; no suspect identified
5fa295520c1c9a99e2380cada7bac2bd1845ba90021d115220c1946a865dc44e,2024-07,Metropolitan Police Service,Metropolitan Police Service,-0.164361,51.548479,On or near Belsize Grove,E01000849,Camden 011D,Burglary,Investigation complete; no suspect identified
58dd811273c31018aeb6bf04eb2bfed290c439cc5f5c9f0c3d60dc8c9e12691c,2024-07,Metropolitan Police Service,Metropolitan Police Service,-0.164361,51.548479,On or near Belsize Grove,E01000849,Camden 011D,Burglary,Unable to prosecute suspect
a87ca12b85713e8ef72c378ced65c40eb618f6bf5f4cbb6e5a384794432874e1,2024-07,Metropolitan Police Service,Metropolitan Police Service,-0.14905,51.54689,On or near Talacre Road,E01000900,Camden 012A,Burglary,Investigation complete; no suspect identified
f546011ede3fc3142bda3af75758bda549ef61ee4b7492f26894dca56a89a578,2024-07,Metropolitan Police Service,Metropolitan Police Service,-0.14905,51.54689,On or near Talacre Road,E01000900,Camden 012A,Burglary,Unable to prosecute suspect
2c881acb090d6d58404e4a1bc89cdec4516e55f886760ffd6f36ace2bf6e3dce,2024-07,Metropolitan Police Service,Metropolitan Police Service,-0.15093,51.547837,On or near Rhyl Street,E01000900,Camden 012A,Burglary,Status update unavailable
7809cc938823d7a67bac15ff4cd44ba69eeda75ded3d4a0ca97fbdeb6800c605,2024-07,Metropolitan Police Service,Metropolitan Police Service,-0.155913,51.547312,On or near Maitland Park Road,E01000902,Camden 012B,Burglary,Investigation complete; no suspect identified
42493f3cbb283bf4580666da0a48bef9b4587fea0a0528ebdbaf8c54bd805f13,2024-07,Metropolitan Police Service,Metropolitan Police Service,-0.149304,51.543117,On or near Nightclub,E01000904,Camden 012C,Burglary,Investigation complete; no suspect identified
24b8dd04c963fe70c6e15a9cf9e93edbbf19156ac85574f1933236711c631583,2024-07,Metropolitan Police Service,Metropolitan Police Service,-0.149304,51.543117,On or near Nightclub,E01000904,Camden 012C,Burglary,Investigation complete; no suspect identified
8e4682af25ac83733004e7de299af0fb51b6fb967d8bb0976ce101e8f9924e87,2024-07,Metropolitan Police Service,Metropolitan Police Service,-0.149141,51.543582,On or near Ferdinand Street,E01000904,Camden 012C,Burglary,Unable to prosecute suspect
f8caec5abe997df0cf01e93f3130584f8bfffe7c2c2d2ddc2724979672c192b7,2024-07,Metropolitan Police Service,Metropolitan Police Service,-0.148682,51.546003,On or near Prince Of Wales Road,E01000904,Camden 012C,Burglary,Unable to prosecute suspect
240efbcf51a41bf68a284a17a932365b8c45036de1dbbba03c9412d65c4bca54,2024-07,Metropolitan Police Service,Metropolitan Police Service,-0.205315,51.5494,On or near Kingscroft Road,E01000875,Camden 013A,Burglary,Investigation complete; no suspect identified
80cee488d48cb8bba07e6426f477c076f285bf6be0a0ae61b37c942018480eeb,2024-07,Metropolitan Police Service,Metropolitan Police Service,-0.205315,51.5494,On or near Kingscroft Road,E01000875,Camden 013A,Burglary,Investigation complete; no suspect identified
10264ddd5709ee018dd57aab1f6351eabca8912e4cc4f67052719463cfe3003a,2024-07,Metropolitan Police Service,Metropolitan Police Service,-0.204563,51.549092,On or near St Cuthberts Road,E01000875,Camden 013A,Burglary,Unable to prosecute suspect
cb24e924baa9d8e5c9181371c9b5fb83d55078060116f316a2c4fdf9483f2014,2024-07,Metropolitan Police Service,Metropolitan Police Service,-0.192784,51.543489,On or near Cotleigh Road,E01000932,Camden 013D,Burglary,Awaiting court outcome
8fcf5793a30cf4edca3dda2ce357562a8c46018d8103c8d7f2102dd618fb19db,2024-07,Metropolitan Police Service,Metropolitan Police Service,-0.192784,51.543489,On or near Cotleigh Road,E01000932,Camden 013D,Burglary,Investigation complete; no suspect identified
4dbef475a573cc8e86fda74e5f7bfc511ddccce0c626244c7154dfe638f5c68c,2024-07,Metropolitan Police Service,Metropolitan Police Service,-0.161485,51.547175,On or near Antrim Road,E01000843,Camden 014A,Burglary,Investigation complete; no suspect identified
774d8020652d36185d444b3f75a667cc625cda87b9bed48cc5fe21eb1177dd2a,2024-07,Metropolitan Police Service,Metropolitan Police Service,-0.162009,51.548487,On or near Antrim Grove,E01000843,Camden 014A,Burglary,Investigation complete; no suspect identified
36fd84cfaaa177db1aa98c18ace63a8101119b80d879c211c6e2eb5d56edc2a0,2024-07,Metropolitan Police Service,Metropolitan Police Service,-0.186651,51.545049,On or near Compayne Gardens,E01000964,Camden 016B,Burglary,Investigation complete; no suspect identified
2e5f6d595f685fa91b5b2d069b580cba0905e93ddb28f5b865d363fd1893b646,2024-07,Metropolitan Police Service,Metropolitan Police Service,-0.189221,51.542427,On or near Priory Road,E01000965,Camden 016C,Burglary,Investigation complete; no suspect identified
4e5a5ae3f3369566e667ab81a1fda80a993cb66227468119db40219b29f88eaf,2024-07,Metropolitan Police Service,Metropolitan Police Service,-0.189221,51.542427,On or near Priory Road,E01000965,Camden 016C,Burglary,Investigation complete; no suspect identified
e2991d2ba45463c84a7bd01b9ed1251521b26bd6193981a82853112eb4040bb9,2024-07,Metropolitan Police Service,Metropolitan Police Service,-0.184746,51.542187,On or near Aberdare Gardens,E01000966,Camden 016D,Burglary,Unable to prosecute suspect
01423a45cc57fd548459af2761dcf205cc7545fff0dc41a1140a6b3382fe4cf8,2024-07,Metropolitan Police Service,Metropolitan Police Service,-0.190657,51.545848,On or near West Hampstead Mews,E01000968,Camden 016E,Burglary,Investigation complete; no suspect identified
0f739668a9ef3e0d60929efea0029a01ef7d250a81d90834b6c0b26dc9360ab4,2024-07,Metropolitan Police Service,Metropolitan Police Service,-0.193038,51.545471,On or near Hilltop Road,E01000968,Camden 016E,Burglary,Awaiting court outcome
3bd58b67a12a68dbd64f83633483d5d0773fd445f1be6492f0ce8ea838c374ed,2024-07,Metropolitan Police Service,Metropolitan Police Service,-0.193972,51.545908,On or near Sherriff Road,E01000968,Camden 016E,Burglary,Investigation complete; no suspect identified
64da2fd2e93b1c7d4c447cf5fcf6bf56aa4c49c543af515ca5cd3452e2a3b0ac,2024-07,Metropolitan Police Service,Metropolitan Police Service,-0.177273,51.539724,On or near Marlborough Hill,E01000961,Camden 017B,Burglary,Investigation complete; no suspect identified
e5f2656fa40a731cca0d2acca34ec6d144db9a32efae8352b890968594222d10,2024-07,Metropolitan Police Service,Metropolitan Police Service,-0.166496,51.540563,On or near Elsworthy Road,E01000967,Camden 017D,Burglary,Investigation complete; no suspect identified
6315abfc89891974ec715ca53b195ad177779e9ef4e42cc300590315bbac000a,2024-07,Metropolitan Police Service,Metropolitan Police Service,-0.153075,51.543653,On or near Regent'S Park Road,E01000858,Camden 018B,Burglary,Investigation complete; no suspect identified
bd3751e647e28024728cd9c6afc7c08430b408b81b684f78d0e974485eb45b93,2024-07,Metropolitan Police Service,Metropolitan Police Service,-0.153075,51.543653,On or near Regent'S Park Road,E01000858,Camden 018B,Burglary,Investigation complete; no suspect identified
430109fcffc20d0a69e93da68759e4c968763ca53ba8da1f1e02a1a0c143affa,2024-07,Metropolitan Police Service,Metropolitan Police Service,-0.144062,51.544707,On or near Lewis Street,E01000858,Camden 018B,Burglary,Unable to prosecute suspect
492e0edb821361e9d41f04f03f079968ae54af8f5d9728032926ff5d1b2f2603,2024-07,Metropolitan Police Service,Metropolitan Police Service,-0.1569,51.540368,On or near Rothwell Street,E01000859,Camden 018C,Burglary,Unable to prosecute suspect
6c99d57ac5d3f0c72487cb2cd1e101b0b98c57bf31beba286d435ba5da277b4f,2024-07,Metropolitan Police Service,Metropolitan Police Service,-0.153108,51.540353,On or near Egbert Street,E01000859,Camden 018C,Burglary,Investigation complete; no suspect identified
b1247687dc152259ce3480d8edf78abcd0d50dc2c2fba155643b28b8e5079ce8,2024-07,Metropolitan Police Service,Metropolitan Police Service,-0.155289,51.539911,On or near Hopkinson'S Place,E01000860,Camden 018D,Burglary,Investigation complete; no suspect identified
a309a9477e78c5c99472f08a003a2f823ddeb5678bcf2005b3aaae099b60d176,2024-07,Metropolitan Police Service,Metropolitan Police Service,-0.146667,51.536322,On or near Prince Albert Road,E01000862,Camden 018E,Burglary,Investigation complete; no suspect identified
6eeef9c056f9979a079550e6c83712118d62680e0e3b109f19774659645253d2,2024-07,Metropolitan Police Service,Metropolitan Police Service,-0.134124,51.53981,On or near Rossendale Way,E01000957,Camden 019C,Burglary,Investigation complete; no suspect identified
37f881f691a8cd713a93161761c4bb6161ca6276d451e2c8c4a89fbd8eb634ed,2024-07,Metropolitan Police Service,Metropolitan Police Service,-0.132741,51.536946,On or near Granary Street,E01000958,Camden 019D,Burglary,Investigation complete; no suspect identified
444a930761cd918d696b6ae4caf1e46c9d292087d4d1f712cf017e16f32fd538,2024-07,Metropolitan Police Service,Metropolitan Police Service,-0.192868,51.538472,On or near Kilburn Place,E01000930,Camden 020B,Burglary,Investigation complete; no suspect identified
0adcf463b3d4221bf93b8b3a3888c4209a8c2ba0faa444bea5bb5d4806e81db8,2024-07,Metropolitan Police Service,Metropolitan Police Service,-0.190874,51.536391,On or near Greville Mews,E01000930,Camden 020B,Burglary,Investigation complete; no suspect identified
85e96cf6994c067d108a28e296595b25c52364d86fe46e46b0950ba524497899,2024-07,Metropolitan Police Service,Metropolitan Police Service,-0.191097,51.536952,On or near Springfield Lane,E01000930,Camden 020B,Burglary,Unable to prosecute suspect
71fa530aee82d6d219e03b990f6498745609b21ac566a5009e7b19289df0bb4c,2024-07,Metropolitan Police Service,Metropolitan Police Service,-0.18891,51.53646,On or near Greville Road,E01000930,Camden 020B,Burglary,Investigation complete; no suspect identified
776138b4e2865f5a7e1d0fa1e7da7223b06664ef5e0a80443b9a84d290f8c1cc,2024-07,Metropolitan Police Service,Metropolitan Police Service,-0.18891,51.53646,On or near Greville Road,E01000930,Camden 020B,Burglary,Investigation complete; no suspect identified
8eb4e5db3c15353f2d9c413f91e78e1a574433a700e8e328b17afba8e01ab3fa,2024-07,Metropolitan Police Service,Metropolitan Police Service,-0.18891,51.53646,On or near Greville Road,E01000930,Camden 020B,Burglary,Investigation complete; no suspect identified
25cf13f9b1c1b3d2cd1345b7461a43596a7df3e79ce6b6f7689909e24fa2a691,2024-07,Metropolitan Police Service,Metropolitan Police Service,-0.192868,51.538472,On or near Kilburn Place,E01000930,Camden 020B,Burglary,Investigation complete; no suspect identified
63b9cff0c4989d5958fb9ceb0fb2bbe2e4c70591ae1baa2b0e73b312db481091,2024-07,Metropolitan Police Service,Metropolitan Police Service,-0.194296,51.541381,On or near Mazenod Avenue,E01000933,Camden 020C,Burglary,Investigation complete; no suspect identified
1ef289c2e2f0ef463ee2e83c0b3ff8f74bc0596206a4f6edcef6a9e29450188e,2024-07,Metropolitan Police Service,Metropolitan Police Service,-0.193949,51.539218,On or near Colas Mews,E01000933,Camden 020C,Burglary,Investigation complete; no suspect identified
273be9eaa58a23bcbb16455518c1216cd8a9c8854430faa0e39335518a6f0c0e,2024-07,Metropolitan Police Service,Metropolitan Police Service,-0.190652,51.540543,On or near Abbot'S Place,E01000933,Camden 020C,Burglary,Formal action is not in the public interest
521335ecbab70a3d80644fe54eb2edee07eb2b72426d8e15a4763a7b3b77a083,2024-07,Metropolitan Police Service,Metropolitan Police Service,-0.179379,51.539721,On or near Boundary Road,E01000934,Camden 020D,Burglary,Investigation complete; no suspect identified
eab1851f5a4b4002380880ad97e67d2b2e8f93ecfe4c35480dcbc4d6e86b109c,2024-07,Metropolitan Police Service,Metropolitan Police Service,-0.179379,51.539721,On or near Boundary Road,E01000934,Camden 020D,Burglary,Investigation complete; no suspect identified
fcfd1c5d31f657565655f839370be128ef274c15336c299d8af8b38306d88b2d,2024-07,Metropolitan Police Service,Metropolitan Police Service,-0.187547,51.53991,On or near B507,E01000935,Camden 020E,Burglary,Investigation complete; no suspect identified
cd4a9f5594fa41e4fd4cba988ee46a2aaf29f9060b8d8912f963a47d574f7c8b,2024-07,Metropolitan Police Service,Metropolitan Police Service,-0.187547,51.53991,On or near B507,E01000935,Camden 020E,Burglary,Unable to prosecute suspect
e3f4322929ccc25614181e691f2acd797a92a85d7e2fc026b6121d64b39583ac,2024-07,Metropolitan Police Service,Metropolitan Police Service,-0.183584,51.540209,On or near Rowley Way,E01000935,Camden 020E,Burglary,Investigation complete; no suspect identified
042eced7a4ec94818324b8621e58d4b885b154345d1f8673a46c736cdd1885a6,2024-07,Metropolitan Police Service,Metropolitan Police Service,-0.144307,51.540595,On or near Theatre/Concert Hall,E01000863,Camden 021A,Burglary,Investigation complete; no suspect identified
08db60e13c235f1fb166753b764b189fdb1e815ff5c7968ae0e76f0dfd326800,2024-07,Metropolitan Police Service,Metropolitan Police Service,-0.142983,51.53969,On or near Sports/Recreation Area,E01000863,Camden 021A,Burglary,Unable to prosecute suspect
c513dbd7cc1ccfa46ff05c4388a1bb9ec69e679cfb3f4b55b7abe2581439d963,2024-07,Metropolitan Police Service,Metropolitan Police Service,-0.141909,51.537029,On or near Signmakers Yard,E01000863,Camden 021A,Burglary,Unable to prosecute suspect
62d23cd2c489d815eef5abd4f3cba3c36a9f640568fe3b78fe9c66401f9250f4,2024-07,Metropolitan Police Service,Metropolitan Police Service,-0.144625,51.539725,On or near Early Mews,E01000863,Camden 021A,Burglary,Investigation complete; no suspect identified
76f5ec0b6e20dec6d67c26c6b49fc413ec092214139bddd33d3a7d53f57869be,2024-07,Metropolitan Police Service,Metropolitan Police Service,-0.13921,51.536015,On or near King'S Terrace,E01000947,Camden 021C,Burglary,Investigation complete; no suspect identified
2e93bff54a8ed6ba1bf3d800d1fcc59b02f8fd06a96f82834f8da7ea8392101b,2024-07,Metropolitan Police Service,Metropolitan Police Service,-0.13921,51.536015,On or near King'S Terrace,E01000947,Camden 021C,Burglary,Unable to prosecute suspect
c718eba1eadeb0fc40ea6ed7202719bc1c928e7ae4499bee0f9478bb5bfb3526,2024-07,Metropolitan Police Service,Metropolitan Police Service,-0.13974,51.535412,On or near Symes Mews,E01000947,Camden 021C,Burglary,Investigation complete; no suspect identified
569b1edb3f6b002399171cc66ab4eec6bdf6cc4a0bc8c7943f07c77b1bbd3de0,2024-07,Metropolitan Police Service,Metropolitan Police Service,-0.142857,51.535695,On or near Albert Street,E01000948,Camden 021D,Burglary,Unable to prosecute suspect
fdabc75e080bd251dfe45cdb60404e705680de0cda59a53b8e1e7d9ea097bc29,2024-07,Metropolitan Police Service,Metropolitan Police Service,-0.14249,51.53479,On or near Mornington Street,E01000948,Camden 021D,Burglary,Investigation complete; no suspect identified
b49ba6cfa2bfdd78ec2829c8b426c1e9e1b2f381f69c3cce3df4da645dfae255,2024-07,Metropolitan Police Service,Metropolitan Police Service,-0.128136,51.528645,On or near Theatre/Concert Hall,E01000956,Camden 022E,Burglary,Unable to prosecute suspect
9446110f7be387f4a7b78e96dc6e50493ac1c7421cda5f9a32db3a74b9420308,2024-07,Metropolitan Police Service,Metropolitan Police Service,-0.122452,51.532933,On or near Railway Street,E01035708,Camden 022F,Burglary,Investigation complete; no suspect identified
be2fbc55c6affad7a10a693f667091c547d9163ca04f7f9851c761e1adc3f3b5,2024-07,Metropolitan Police Service,Metropolitan Police Service,-0.126919,51.537213,On or near Wollstonecraft Street,E01035708,Camden 022F,Burglary,Investigation complete; no suspect identified
d8f645552e3c5f1a039c5436288d5abfc3e4f677e3d376c98a38619a718c8bf3,2024-07,Metropolitan Police Service,Metropolitan Police Service,-0.125583,51.539206,On or near Canal Reach,E01035708,Camden 022F,Burglary,Investigation complete; no suspect identified
2382cc3c5ea3eac2c83cdc3026689a95fe5e043791244aaff5de44166b48a80a,2024-07,Metropolitan Police Service,Metropolitan Police Service,-0.123936,51.538586,On or near Beaconsfield Street,E01035708,Camden 022F,Burglary,Investigation complete; no suspect identified
b4eb76ee4e4f6ed28b40263a8286fc422f7d06abd88f0b95f8aafc0af34b7284,2024-07,Metropolitan Police Service,Metropolitan Police Service,-0.13535,51.526395,On or near Stephenson Way,E01035710,Camden 023F,Burglary,Investigation complete; no suspect identified
3f29de4d8b648d63bdd504ea0aa1a70dcfe31c6b60bbc13011dd56f001a0a0d6,2024-07,Metropolitan Police Service,Metropolitan Police Service,-0.140268,51.528109,On or near Everton Mews,E01035710,Camden 023F,Burglary,Status update unavailable
a89e970c4e91a8befd68180b78837501ca05b8405ddb64002a5d00a7569f6102,2024-07,Metropolitan Police Service,Metropolitan Police Service,-0.133209,51.518456,On or near Percy Street,E01000850,Camden 026A,Burglary,Investigation complete; no suspect identified
5b7f466a4351a5692375f45f9947a6376cc4b0e8baa9484af19f6eb06389b358,2024-07,Metropolitan Police Service,Metropolitan Police Service,-0.133899,51.519933,On or near Shopping Area,E01000850,Camden 026A,Burglary,Investigation complete; no suspect identified
799ba1cca8dbed00d91e3d9fe086cdf9fe7df8bdbbf8160d92c49f3d4a0c011f,2024-07,Metropolitan Police Service,Metropolitan Police Service,-0.136689,51.519375,On or near Goodge Place,E01000851,Camden 026B,Burglary,Investigation complete; no suspect identified
42209dd7e67a0f1ee74aa04dbab7de800d4bec3ae57714ee90de1d89a74d8a55,2024-07,Metropolitan Police Service,Metropolitan Police Service,-0.139937,51.522079,On or near Bromley Place,E01000851,Camden 026B,Burglary,Status update unavailable
c1888ee72ec71cd4ac89bf57357e127a5c1f0f7886eb814d09b6ee5881de290c,2024-07,Metropolitan Police Service,Metropolitan Police Service,-0.139937,51.522079,On or near Bromley Place,E01000851,Camden 026B,Burglary,Unable to prosecute suspect
3c8019b305699d564aa86456dbbd267a69ca0c35e9f5b786bc2a57d53a5cefce,2024-07,Metropolitan Police Service,Metropolitan Police Service,-0.139958,51.524049,On or near Warren Street,E01000851,Camden 026B,Burglary,Investigation complete; no suspect identified
24c1356641aa1a3e962e9ff18b6c2002e09ae0e3676feeffb531d18e369147c2,2024-07,Metropolitan Police Service,Metropolitan Police Service,-0.135737,51.519378,On or near Goodge Street,E01000851,Camden 026B,Burglary,Unable to prosecute suspect
a24ec3c4305408177d3de174590e2faec1ce84666089380c3416908ed046df17,2024-07,Metropolitan Police Service,Metropolitan Police Service,-0.141857,51.523432,On or near Warren Mews,E01000851,Camden 026B,Burglary,Unable to prosecute suspect
3e14545db9fbf2ef9542c718ca51dca0be953fc084cc3ea4414db598e78a6671,2024-07,Metropolitan Police Service,Metropolitan Police Service,-0.138152,51.523786,On or near Whitfield Place,E01035711,Camden 026E,Burglary,Unable to prosecute suspect
c70f968c5026fd168460dc18d105dbb1dd90d8149bbb0b1b96532323ba19556a,2024-07,Metropolitan Police Service,Metropolitan Police Service,-0.136098,51.523952,On or near Hospital,E01035711,Camden 026E,Burglary,Investigation complete; no suspect identified
809461d133fd24bf7a9d860636593c8ab64a686af54eacdce5a68202ccb91894,2024-07,Metropolitan Police Service,Metropolitan Police Service,-0.139115,51.523505,On or near Grafton Mews,E01035711,Camden 026E,Burglary,Investigation complete; no suspect identified
3c114fce9b9a99e7b56e6331fd4fb10aeed187cd8760862445e1f29b54795c56,2024-07,Metropolitan Police Service,Metropolitan Police Service,-0.129693,51.525828,On or near Conference/Exhibition Centre,E01035711,Camden 026E,Burglary,Investigation complete; no suspect identified
c6d751ba607d4db9c5b51089a405b3a3a871845177ef640eed64d6f69e2da048,2024-07,Metropolitan Police Service,Metropolitan Police Service,-0.135662,51.522641,On or near Mortimer Market,E01035711,Camden 026E,Burglary,Investigation complete; no suspect identified
5a82836c46a94891ef167e99a92579702ec199f4cd3d58151afa250c5c99c1a4,2024-07,Metropolitan Police Service,Metropolitan Police Service,-0.109493,51.52242,On or near Back Hill,E01000916,Camden 027B,Burglary,Status update unavailable
5b9cb0fc93412007535a39b76c02fd436ede8826ab909c5ca014ad28d8e849b8,2024-07,Metropolitan Police Service,Metropolitan Police Service,-0.107917,51.5194,On or near Greville Street,E01000916,Camden 027B,Burglary,Investigation complete; no suspect identified
8546965209698f45f438d34b6934fa2369a47cea7dcfc2e530029ea107f68c7e,2024-07,Metropolitan Police Service,Metropolitan Police Service,-0.107284,51.521809,On or near Onslow Street,E01000916,Camden 027B,Burglary,Investigation complete; no suspect identified
4c87e8985a5a5e2c0e7c2d490d03931b4a2ae2542781da5170c037641b9168ab,2024-07,Metropolitan Police Service,Metropolitan Police Service,-0.10701,51.52148,On or near Saffron Street,E01000916,Camden 027B,Burglary,Investigation complete; no suspect identified
7170615e1d5c8db5c7786f507085eb78512a698559ece0c3efff92efa0839e2a,2024-07,Metropolitan Police Service,Metropolitan Police Service,-0.11258,51.523414,On or near Mount Pleasant,E01000920,Camden 027D,Burglary,Investigation complete; no suspect identified
fe2ce4c5e61da0d4cd2018378039161f17af149ba9147a6484926033fb799c3e,2024-07,Metropolitan Police Service,Metropolitan Police Service,-0.114235,51.52175,On or near King'S Mews,E01000920,Camden 027D,Burglary,Status update unavailable
80e32add376f0327c2f4451e0e01c9d87e15a55d8ad63d00e04a475d46d4c5ec,2024-07,Metropolitan Police Service,Metropolitan Police Service,-0.118415,51.521736,On or near Lamb'S Conduit Street,E01000920,Camden 027D,Burglary,Unable to prosecute suspect
af34f1f9b0ed95d5cb53b1bad8a05049572e016e164b6f6ed6b56512c5848ecd,2024-07,Metropolitan Police Service,Metropolitan Police Service,-0.115494,51.523371,On or near Brownlow Mews,E01000920,Camden 027D,Burglary,Investigation complete; no suspect identified
a8cce7c3a4a17eff7eb6716cf3f3ab78207f4fcd5c64f72c7e87bb17e45d10c2,2024-07,Metropolitan Police Service,Metropolitan Police Service,-0.115494,51.523371,On or near Brownlow Mews,E01000920,Camden 027D,Burglary,Investigation complete; no suspect identified
a72d26c063551320ab864e7a9cd84c86fffbad43a43a08087b385d337419f5d2,2024-07,Metropolitan Police Service,Metropolitan Police Service,-0.127274,51.517319,On or near Streatham Street,E01000855,Camden 028A,Burglary,Unable to prosecute suspect
be486e549b0a7d1aaf76691e9a59b58b38452dc929b60669b9d3cffa9534987f,2024-07,Metropolitan Police Service,Metropolitan Police Service,-0.128612,51.517727,On or near Further/Higher Educational Building,E01000855,Camden 028A,Burglary,Court result unavailable
1bbd9af89df57ae7069bc417379bb3d223ea28672152a4e9987e8bb1502e2383,2024-07,Metropolitan Police Service,Metropolitan Police Service,-0.116125,51.519964,On or near Bedford Row,E01000914,Camden 028B,Burglary,Investigation complete; no suspect identified
7e2e98de49153b0dfa545165cbdd0c49bab3a020f670018ed9969e69037b47c6,2024-07,Metropolitan Police Service,Metropolitan Police Service,-0.112096,51.515942,On or near Nightclub,E01000914,Camden 028B,Burglary,Awaiting court outcome
735aa123fb7b6a453dc9674188575e79a49f7291b0480e2525451537d6dbf66e,2024-07,Metropolitan Police Service,Metropolitan Police Service,-0.119009,51.517114,On or near Gate Street,E01000914,Camden 028B,Burglary,Investigation complete; no suspect identified
1d6081e560b8ba33d09f487e08e475450290715337e4da3e728c3868513eef35,2024-07,Metropolitan Police Service,Metropolitan Police Service,-0.119009,51.517114,On or near Gate Street,E01000914,Camden 028B,Burglary,Investigation complete; no suspect identified
40c4338f2d4c6102cb2c42d68b2e489d3c0fe3465bdfb61c066059d0f933d5bc,2024-07,Metropolitan Police Service,Metropolitan Police Service,-0.119009,51.517114,On or near Gate Street,E01000914,Camden 028B,Burglary,Investigation complete; no suspect identified
8b9ec031b465e0a93f090faf43c69099ad9bdd5064e8087a18ba64f6de767dd8,2024-07,Metropolitan Police Service,Metropolitan Police Service,-0.122797,51.519639,On or near Bloomsbury Place,E01000914,Camden 028B,Burglary,Investigation complete; no suspect identified
66e7baaa0d54459dd73a89a6b3980c8cd692bf1de45aee62c48921d70379d8ff,2024-07,Metropolitan Police Service,Metropolitan Police Service,-0.126259,51.517482,On or near Coptic Street,E01000918,Camden 028C,Burglary,Unable to prosecute suspect
5d95f29195b88c7d8fbb29b9753e827b0939486d49a9bebf54e4bb6472889905,2024-07,Metropolitan Police Service,Metropolitan Police Service,-0.122976,51.516351,On or near Stukeley Street,E01000918,Camden 028C,Burglary,Investigation complete; no suspect identified
1e6a977eb68bd481c0337b329656f4c36eecb0de8ff6ccbb793a5b250cbad8c9,2024-07,Metropolitan Police Service,Metropolitan Police Service,-0.125614,51.517742,On or near Little Russell Street,E01000918,Camden 028C,Burglary,Investigation complete; no suspect identified
389cc36f10a218ee106a45a5a8e5ec6aa44d954ae3a45c7ea9f79dd70eca4b60,2024-07,Metropolitan Police Service,Metropolitan Police Service,-0.124236,51.518313,On or near Bury Place,E01000918,Camden 028C,Burglary,Investigation complete; no suspect identified
86544f72e249e8361c730eaac464b0a4b837d0bc8bbfc673b5023f1b3cc9a146,2024-07,Metropolitan Police Service,Metropolitan Police Service,-0.126349,51.513956,On or near Theatre/Concert Hall,E01000919,Camden 028D,Burglary,Investigation complete; no suspect identified
62e87ec2d900bf4e1946b614d82af275577ae87a3af447baf9a4a7115dcb1f4c,2024-07,Metropolitan Police Service,Metropolitan Police Service,-0.126984,51.514211,On or near Monmouth Street,E01000919,Camden 028D,Burglary,Unable to prosecute suspect
5e871dcdd72b6da991b827aa53dc604c0894ec28f6004b2a685bd1076554acd7,2024-07,Metropolitan Police Service,Metropolitan Police Service,-0.126984,51.514211,On or near Monmouth Street,E01000919,Camden 028D,Burglary,Unable to prosecute suspect
e01e520ba2dc55d3fad41dbee4cc49a963b81eff496a332fb81044b8a99e2f12,2024-07,Metropolitan Police Service,Metropolitan Police Service,-0.126369,51.514559,On or near Conference/Exhibition Centre,E01000919,Camden 028D,Burglary,Status update unavailable
dd9e0ece5daded68821834113f53838e138d105871ee9b38408a09de1cf0328e,2024-07,Metropolitan Police Service,Metropolitan Police Service,-0.12958,51.514523,On or near Theatre/Concert Hall,E01000919,Camden 028D,Burglary,Unable to prosecute suspect
ccb19b9093d5a284494175f187347bd088ca4547b9380c34f2b20e24f92b08a1,2024-07,Metropolitan Police Service,Metropolitan Police Service,-0.126984,51.514211,On or near Monmouth Street,E01000919,Camden 028D,Burglary,Investigation complete; no suspect identified
81558e0b779fec187db6741d8a2a8b365de759d1c70426c7daf352b7bc70c7c0,2024-07,Metropolitan Police Service,Metropolitan Police Service,-0.129653,51.515189,On or near Denmark Street,E01000919,Camden 028D,Burglary,Investigation complete; no suspect identified
ee3ec695d4f4d9720ef32559529969953c8d9c92f866a5dc2723f53da7ce30f0,2024-07,Metropolitan Police Service,Metropolitan Police Service,-0.127675,51.513161,On or near Tower Street,E01000919,Camden 028D,Burglary,Awaiting court outcome
2c1b734f4b96e38d469382b15ce0f9cceef53ae30a3e825603671876a28f1381,2024-07,Metropolitan Police Service,Metropolitan Police Service,-0.12833,51.513361,On or near Theatre/Concert Hall,E01000919,Camden 028D,Burglary,Investigation complete; no suspect identified
94e5c3c831530c108c4a5f05dba55491d2fb8ebe9a502dc06e1e82c9d26a87c8,2024-07,Metropolitan Police Service,Metropolitan Police Service,-0.125259,51.514445,On or near Nottingham Court,E01000919,Camden 028D,Burglary,Investigation complete; no suspect identified
3c687a4a1831e7752d3c4ade8786f72a715a5c0ac6a905f284dfb438537a9ae5,2024-07,Metropolitan Police Service,Metropolitan Police Service,-0.12958,51.514523,On or near Theatre/Concert Hall,E01000919,Camden 028D,Burglary,Awaiting court outcome
e1326d6359814c38f9492b84b8ea4ec7fe1e647868b684d59d896faf2c6de975,2024-07,Metropolitan Police Service,Metropolitan Police Service,-0.117385,51.528554,On or near Acton Street,E01000938,Camden 029A,Burglary,Investigation complete; no suspect identified
1641ff7b7de17243e2fa8729b6c7f6c6838fbf410ddce7d8a2e6169f76f44948,2024-07,Metropolitan Police Service,Metropolitan Police Service,-0.115591,51.528012,On or near King'S Cross Road,E01000938,Camden 029A,Burglary,Investigation complete; no suspect identified
4821f5a62340c7bd899010ae935458831d54e14f1e1f9017addcfa097bbceff4,2024-07,Metropolitan Police Service,Metropolitan Police Service,-0.120651,51.527653,On or near Harrison Street,E01000939,Camden 029B,Burglary,Investigation complete; no suspect identified
71d75b23e220aae413400da8173c267d537f2076dc0836e8d1254b0cd559017b,2024-07,Metropolitan Police Service,Metropolitan Police Service,-0.119428,51.529311,On or near Further/Higher Educational Building,E01000939,Camden 029B,Burglary,Investigation complete; no suspect identified
a36cd7abf8e9e05c7b71ddf01e297db6e3dd5dcc8b7a28cf75fd76070f6f1f77,2024-07,Metropolitan Police Service,Metropolitan Police Service,-0.12307,51.530183,On or near Crestfield Street,E01000939,Camden 029B,Burglary,Investigation complete; no suspect identified
f3d4e044d5952ffe5f9b1b4e6c7a888985a71c8823e3a863ed94bf22da4bafb5,2024-07,Metropolitan Police Service,Metropolitan Police Service,-0.12179,51.529766,On or near St Chad'S Street,E01000939,Camden 029B,Burglary,Investigation complete; no suspect identified
f37b25ac0304664577463366a902f1f8a8af12eee7bd237d91fb5ef6cd74b05b,2024-07,Metropolitan Police Service,Metropolitan Police Service,-0.124216,51.528267,On or near Tonbridge Street,E01000942,Camden 029C,Burglary,Investigation complete; no suspect identified
5ce21cfb0eb97b3ad0510cdd647ba8915ab0e5ee35f7798f3529e9bd47d0bc82,2024-07,Metropolitan Police Service,Metropolitan Police Service,-0.123368,51.5282,On or near Whidborne Street,E01000941,Camden 029D,Burglary,Unable to prosecute suspect
5b4ff3db155dce157a8aa6c098af5342063e8bc7abef0c58c0cbce3084718749,2024-07,Metropolitan Police Service,Metropolitan Police Service,-0.127384,51.52625,On or near Woolf Mews,E01000943,Camden 029F,Burglary,Investigation complete; no suspect identified
8d1f24f3e98111e7f6b4da366be9c9c87b5f99259bab7d38d7d84628292ebed3,2024-07,Metropolitan Police Service,Metropolitan Police Service,-0.124908,51.525806,On or near Tavistock Place,E01000853,Camden 029H,Burglary,Unable to prosecute suspect
e5ae3b27e1d1ee8650cb8210c794c62a3295de06c8959e962db10b335031eb34,2024-07,Metropolitan Police Service,Metropolitan Police Service,-0.100888,51.514448,On or near Amen Corner,E01032739,City of London 001F,Burglary,Status update unavailable
f9fab8aa4dbb84e85e2f7590f4f18116c2737ba5692badf40b85136fd4de9423,2024-07,Metropolitan Police Service,Metropolitan Police Service,-0.09446,51.512024,On or near Great Trinity Lane,E01032739,City of London 001F,Burglary,Investigation complete; no suspect identified
8313fba08e406cf244c486c9ab19ee0e5bd5f87411a0e9ff1ccbd86959a53dff,2024-07,Metropolitan Police Service,Metropolitan Police Service,-0.120197,51.417136,On or near Briar Avenue,E01001083,Croydon 003A,Burglary,Investigation complete; no suspect identified
8797e1baa5f5142150e2948057e2ad0bb435c023d690435109c1d8b2e2283797,2024-07,Metropolitan Police Service,Metropolitan Police Service,-0.110955,51.414208,On or near Croft Road,E01001083,Croydon 003A,Burglary,Investigation complete; no suspect identified
3c0dccd0d794d920511a622e679bfcbaab63ff97e368160ff4c4683e611d5f89,2024-07,Metropolitan Police Service,Metropolitan Police Service,-0.115128,51.405058,On or near Dunbar Avenue,E01001086,Croydon 003B,Burglary,Court result unavailable
5c10b8f5ef597d37ecc48065da9abc1f30823ad3a532355ffbe726ced52c5c93,2024-07,Metropolitan Police Service,Metropolitan Police Service,-0.113666,51.405637,On or near Dalmeny Avenue,E01001086,Croydon 003B,Burglary,Investigation complete; no suspect identified
967c5528060a3fbb4f84296268e6245fd4187e292281377832a5f7bde82e9298,2024-07,Metropolitan Police Service,Metropolitan Police Service,-0.115523,51.408742,On or near Manor Farm Road,E01001087,Croydon 003C,Burglary,Investigation complete; no suspect identified
bab72c3f738d5458ebd414f17a54977832fb5e3d4c1bde7ee261f917f6dcb193,2024-07,Metropolitan Police Service,Metropolitan Police Service,-0.12148,51.411095,On or near Norbury,E01001087,Croydon 003C,Burglary,Court result unavailable
2ea247214d6296c4c99483a1008965fee16c22ad4fbc7c1b908338006c521b06,2024-07,Metropolitan Police Service,Metropolitan Police Service,-0.112158,51.40769,On or near Norbury Avenue,E01001161,Croydon 003D,Burglary,Unable to prosecute suspect
3aae6b62032e9adbff916e635f14dd0a34e4cb94541e24ebe5b177f9eda32091,2024-07,Metropolitan Police Service,Metropolitan Police Service,-0.121061,51.413948,On or near Kuala Gardens,E01001085,Croydon 004A,Burglary,Unable to prosecute suspect
1f6f199d090f1189f1483cedbc8554884651a44314785d7174023da67ccf4905,2024-07,Metropolitan Police Service,Metropolitan Police Service,-0.124243,51.414215,On or near Streatham High Road,E01001085,Croydon 004A,Burglary,Unable to prosecute suspect
49cc7669977d9ad32e30644f59d2dafed70f1d9b75552eb1a4874014e6bbf7c9,2024-07,Metropolitan Police Service,Metropolitan Police Service,-0.122937,51.412045,On or near Parking Area,E01001085,Croydon 004A,Burglary,Investigation complete; no suspect identified
1a45b6b7f576baeae377d375b81680d3f4b5e4f2bafddccb615571e6dfa6bb33,2024-07,Metropolitan Police Service,Metropolitan Police Service,-0.125864,51.411849,On or near Bishops Park Road,E01001085,Croydon 004A,Burglary,Investigation complete; no suspect identified
3fe2af055ad1570d306e69c18bec66665283db9702040c936bc56fad73270aab,2024-07,Metropolitan Police Service,Metropolitan Police Service,-0.124958,51.404829,On or near Beech Road,E01001091,Croydon 004E,Burglary,Investigation complete; no suspect identified
7c940d98f4e59c0047a43863684fcc794a70e28a5936d02dd63077c794b6db27,2024-07,Metropolitan Police Service,Metropolitan Police Service,-0.125973,51.405664,On or near Norbury Court Road,E01001091,Croydon 004E,Burglary,Investigation complete; no suspect identified
cdd7e526bea3c630cf67192555b65bde7bf0438d690876aed3c19754127ab3e8,2024-07,Metropolitan Police Service,Metropolitan Police Service,-0.097428,51.404718,On or near Norbury Road,E01001152,Croydon 005D,Burglary,Investigation complete; no suspect identified
bf301801c18067417575859853769b5d6f240066dd4a9080bce6271daa9bbaf0,2024-07,Metropolitan Police Service,Metropolitan Police Service,-0.098422,51.400535,On or near Norwich Road,E01001152,Croydon 005D,Burglary,Investigation complete; no suspect identified
3aeefec650cabbd5003584e8b9fee1e21d12b2c035934645bbbfdb80e0beb6b8,2024-07,Metropolitan Police Service,Metropolitan Police Service,-0.092578,51.405197,On or near Hythe Road,E01001149,Croydon 006B,Burglary,Investigation complete; no suspect identified
e5f17b3cebfa8338d406dd628b08328d4affefe83408504089234c986b02cee5,2024-07,Metropolitan Police Service,Metropolitan Police Service,-0.071921,51.40645,On or near Warminster Square,E01001141,Croydon 008A,Burglary,Investigation complete; no suspect identified
3107bd0275d4d48c9c5a17765f4cbb3a7aaeb5c95cabe8cf90875fda0d1d3007,2024-07,Metropolitan Police Service,Metropolitan Police Service,-0.069044,51.401358,On or near Regina Road,E01001143,Croydon 008B,Burglary,Investigation complete; no suspect identified
768ee46c3605bf0898673bff9377255fe4398605909b3a7113d6180850f2e9ad,2024-07,Metropolitan Police Service,Metropolitan Police Service,-0.07154,51.401498,On or near Armistice Gardens,E01001143,Croydon 008B,Burglary,Unable to prosecute suspect
4d43aac88352b7d1bfd0ad11a7bde318446546fa44a70a50fdcf9c8cf859f075,2024-07,Metropolitan Police Service,Metropolitan Police Service,-0.07154,51.401498,On or near Armistice Gardens,E01001143,Croydon 008B,Burglary,Investigation complete; no suspect identified
adbab375330332598f9fb1003e4ab36a36a25fe60adba487081531637dbcc37c,2024-07,Metropolitan Police Service,Metropolitan Police Service,-0.070494,51.402425,On or near Penge Road,E01001143,Croydon 008B,Burglary,Investigation complete; no suspect identified
49cfd17faa5ea9f55264ef81af17a33632e23b79689b8770a0daca1aec3022db,2024-07,Metropolitan Police Service,Metropolitan Police Service,-0.070494,51.402425,On or near Penge Road,E01001143,Croydon 008B,Burglary,Investigation complete; no suspect identified
e334449b40199b967b1b7f6fca959b5d350b75349f2910ea74c863885cf8546d,2024-07,Metropolitan Police Service,Metropolitan Police Service,-0.071196,51.394982,On or near Shinners Close,E01001191,Croydon 008D,Burglary,Unable to prosecute suspect
9bc1d70ed00a3663da5300f430fa631ab572f06432f2f305b01d4820391b5adc,2024-07,Metropolitan Police Service,Metropolitan Police Service,-0.068049,51.396998,On or near Brierley Close,E01001192,Croydon 008E,Burglary,Investigation complete; no suspect identified
76b710debf9aea03b2c4011f3175b15f7867466a6979aa9285b1a091c9427c61,2024-07,Metropolitan Police Service,Metropolitan Police Service,-0.068867,51.396346,On or near Petrol Station,E01001192,Croydon 008E,Burglary,Investigation complete; no suspect identified
ce1b613c8528ea58ef4eae33bd85da48d42365dc3868694cc416a7b9520a8746,2024-07,Metropolitan Police Service,Metropolitan Police Service,-0.068867,51.396346,On or near Petrol Station,E01001192,Croydon 008E,Burglary,Investigation complete; no suspect identified
55bad47af2ae32326068a309dfbf34cc3be183f87982227e020dc9a25e38549d,2024-07,Metropolitan Police Service,Metropolitan Police Service,-0.116801,51.401092,On or near St Christophers Gardens,E01000995,Croydon 009B,Burglary,Investigation complete; no suspect identified
2cb8b3e94262c628d796a71320b5a59f3ad4c47e27ebbbbf85bfc38604280b24,2024-07,Metropolitan Police Service,Metropolitan Police Service,-0.108001,51.397641,On or near Kenley Gardens,E01000997,Croydon 009D,Burglary,Unable to prosecute suspect
997373a31520ab159695ae02fa847f6cab20bac38afae2e2302e0a06d7efce9f,2024-07,Metropolitan Police Service,Metropolitan Police Service,-0.110451,51.397834,On or near Beverstone Road,E01000999,Croydon 009E,Burglary,Investigation complete; no suspect identified
bb9d80cd75bc976d9b4e58f41c2ccfbae93dc29ea42512ce0be766e1607eedc1,2024-07,Metropolitan Police Service,Metropolitan Police Service,-0.10758,51.394253,On or near Penshurst Road,E01001002,Croydon 009F,Burglary,Investigation complete; no suspect identified
9ac160bf057e8e8cb2b1910af2beb44692c2856458d34d6596c99cb19917b657,2024-07,Metropolitan Police Service,Metropolitan Police Service,-0.104859,51.399919,On or near Carew Road,E01000998,Croydon 010A,Burglary,Unable to prosecute suspect
76989f6aa7d2f8f1e49441b8f96f4a5704d40418dc04c54503061e9371ce3e56,2024-07,Metropolitan Police Service,Metropolitan Police Service,-0.105474,51.400685,On or near Melfort Avenue,E01000998,Croydon 010A,Burglary,Investigation complete; no suspect identified
a9a9bfdcbbbd0e7bcbde9993cac428feb54f3725e61ff0f11f05b29933a2e450,2024-07,Metropolitan Police Service,Metropolitan Police Service,-0.105474,51.400685,On or near Melfort Avenue,E01000998,Croydon 010A,Burglary,Unable to prosecute suspect
fa232ec085e58a97fe46e0cf59f5218cf824225fbb02104148acd5b9d99b804c,2024-07,Metropolitan Police Service,Metropolitan Police Service,-0.097688,51.398814,On or near B266,E01001155,Croydon 010E,Burglary,Investigation complete; no suspect identified
f24de4925ab9eca3aa4280696773d4a0804bfe88922e8ea4eb0c827ddbee8ab2,2024-07,Metropolitan Police Service,Metropolitan Police Service,-0.108393,51.391263,On or near Buxton Road,E01001175,Croydon 011B,Burglary,Investigation complete; no suspect identified
b76b8abfb635e88d7f304ac4035b7cbb7e8459ab06950b3ca62947c81152a863,2024-07,Metropolitan Police Service,Metropolitan Police Service,-0.118517,51.3929,On or near Gonville Road,E01001176,Croydon 011C,Burglary,Investigation complete; no suspect identified
1e8b6a266cae052ada6123984a649e23e539e3d8db0e332e82efabf961035212,2024-07,Metropolitan Police Service,Metropolitan Police Service,-0.119808,51.390871,On or near Thornton Road,E01001176,Croydon 011C,Burglary,Investigation complete; no suspect identified
7c5b651d724b0d7efb1950d6011d426c2b071e46ee3ee123d370291af0c50bd1,2024-07,Metropolitan Police Service,Metropolitan Police Service,-0.116417,51.396797,On or near Supermarket,E01001183,Croydon 011E,Burglary,Investigation complete; no suspect identified
430e84be57c5f32a47d61a4dfd1a46906fd3e8e028eb91a00e1e1836aac98830,2024-07,Metropolitan Police Service,Metropolitan Police Service,-0.09297,51.388162,On or near Burdett Road,E01001109,Croydon 013B,Burglary,Investigation complete; no suspect identified
3a6d0421cd2c8d7c6d7cac8ccfdef5f347a6910faaa419f7f5216863d3b1bda7,2024-07,Metropolitan Police Service,Metropolitan Police Service,-0.091492,51.384658,On or near Neville Road,E01001109,Croydon 013B,Burglary,Awaiting court outcome
2281209104f8a2fefe877b211c2502d2310020e8730e79d21942186aa9f9dd79,2024-07,Metropolitan Police Service,Metropolitan Police Service,-0.092915,51.394312,On or near Ely Road,E01001114,Croydon 013E,Burglary,Unable to prosecute suspect
13a4f2ee1c7d81fddc530c6d7a5cc91691ffa4b4e929a3069e2518d0dc49febe,2024-07,Metropolitan Police Service,Metropolitan Police Service,-0.092915,51.394312,On or near Ely Road,E01001114,Croydon 013E,Burglary,Investigation complete; no suspect identified
8a38293815763a9f1b86a507e3e66884255474b7ced1a5a3089c02e6b0d8e2cb,2024-07,Metropolitan Police Service,Metropolitan Police Service,-0.092915,51.394312,On or near Ely Road,E01001114,Croydon 013E,Burglary,Investigation complete; no suspect identified
7b1fc1b38e66d783b58f1fe426019e49332f870317f54d6fd751d3a54014d1bb,2024-07,Metropolitan Police Service,Metropolitan Police Service,-0.066247,51.388246,On or near Cleaverholme Close,E01001185,Croydon 014B,Burglary,Investigation complete; no suspect identified
daee3b057e8c1b9feeae8e0476a82fd5afb28959eea33d5c4ae8e02c60068487,2024-07,Metropolitan Police Service,Metropolitan Police Service,-0.071573,51.391148,On or near Birchanger Road,E01001186,Croydon 014C,Burglary,Investigation complete; no suspect identified
102611605855cf6fbd0967b7ce6d158bc789c7a80213c40d91da485b2766bb44,2024-07,Metropolitan Police Service,Metropolitan Police Service,-0.0761,51.392517,On or near Sutton Gardens,E01001193,Croydon 014E,Burglary,Investigation complete; no suspect identified
0c94200cb03a1701f14f2afc577d99da24e0b20f899cd4640a50a14204ca29b9,2024-07,Metropolitan Police Service,Metropolitan Police Service,-0.102242,51.386046,On or near Singleton Close,E01001115,Croydon 015B,Burglary,Investigation complete; no suspect identified
0284f7aaaa881a53e9d6ab150d0718ea2f455c9181923cfa3388152ca1acc36a,2024-07,Metropolitan Police Service,Metropolitan Police Service,-0.113764,51.390675,On or near Dunheved Road North,E01001178,Croydon 015D,Burglary,Awaiting court outcome
77f5ccfab57d654da6e126ca6d88d232c2a6b06161a0e2be745a6acfdd14cd2a,2024-07,Metropolitan Police Service,Metropolitan Police Service,-0.113764,51.390675,On or near Dunheved Road North,E01001178,Croydon 015D,Burglary,Awaiting court outcome
8ca356a289f66e0be216500fcae0d49af99a3a6128c0481327e8c8de620e5643,2024-07,Metropolitan Police Service,Metropolitan Police Service,-0.111903,51.388397,On or near Fiveacre Close,E01001181,Croydon 015E,Burglary,Investigation complete; no suspect identified
5c8db175a9621a8715286e46273a64481c96d8073a61e385b59f09ba253feed2,2024-07,Metropolitan Police Service,Metropolitan Police Service,-0.104479,51.384761,On or near Hartley Road,E01034139,Croydon 015F,Burglary,Investigation complete; no suspect identified
737edea1c26e2883b3323dfaffd4994569e717c70c88aeec801800e543b10c0f,2024-07,Metropolitan Police Service,Metropolitan Police Service,-0.107045,51.383534,On or near Wellington Road,E01034139,Croydon 015F,Burglary,Investigation complete; no suspect identified
a948ab0abab38fb05c8cb3efa40999fd55b778325efe6b24d5337f32262a5910,2024-07,Metropolitan Police Service,Metropolitan Police Service,-0.108478,51.385733,On or near Kelling Gardens,E01034140,Croydon 015G,Burglary,Investigation complete; no suspect identified
1268faaa57952a38f13500f44378b6aca7aba687fe24fb300fc7a5e8f9a003ba,2024-07,Metropolitan Police Service,Metropolitan Police Service,-0.127672,51.385178,On or near Dacre Road,E01001006,Croydon 016A,Burglary,Investigation complete; no suspect identified
71fe4214ee3ae3f0a0be453b0f6a7e0fd13b610eb4ea860880793b311a9fc1fd,2024-07,Metropolitan Police Service,Metropolitan Police Service,-0.126851,51.393478,On or near Sports/Recreation Area,E01001177,Croydon 016C,Burglary,Investigation complete; no suspect identified
25e52e859edbe71823ef935a626a790a9a09391dd6017df9a6da8c409eb93fd1,2024-07,Metropolitan Police Service,Metropolitan Police Service,-0.114263,51.386231,On or near York Road,E01001180,Croydon 016E,Burglary,Investigation complete; no suspect identified
4d8d4ac4d63e44d481d8ac5f0532ad8aae873fa25d5b997e5521fcafd3517db6,2024-07,Metropolitan Police Service,Metropolitan Police Service,-0.117556,51.386545,On or near Wortley Road,E01001180,Croydon 016E,Burglary,Status update unavailable
8e934cab3ed228469fcee4f1ef2901da500be70535cebfc3413bf7f21ae4d0e7,2024-07,Metropolitan Police Service,Metropolitan Police Service,-0.082885,51.385641,On or near Edward Road,E01000980,Croydon 017A,Burglary,Unable to prosecute suspect
3deff0c685a798271629b625c8c6f01ed36d1ade22816886d3ac5f18a8b41fba,2024-07,Metropolitan Police Service,Metropolitan Police Service,-0.076577,51.385619,On or near Aschurch Road,E01000980,Croydon 017A,Burglary,Investigation complete; no suspect identified
9ad2c2dc004707cca460b85b8197b40711815925434fb9a70ff35083f5f6dc87,2024-07,Metropolitan Police Service,Metropolitan Police Service,-0.11164,51.385371,On or near Greenside Road,E01001009,Croydon 019C,Burglary,Investigation complete; no suspect identified
5baaa4b5fa007f67fcdc4fbd7dd315a34f20f4380f2d1a071af70ce41da3390f,2024-07,Metropolitan Police Service,Metropolitan Police Service,-0.111903,51.378289,On or near Watteau Square,E01001010,Croydon 019D,Burglary,Investigation complete; no suspect identified
4780181dc46a146e493a1a3ec9d94346860cd1cc3a7ce7247d60ab35e8651b3a,2024-07,Metropolitan Police Service,Metropolitan Police Service,-0.107167,51.38127,On or near Chatfield Road,E01001011,Croydon 019E,Burglary,Investigation complete; no suspect identified
1013548aa17a0bc14fc1995917200f7d7daebf9de2b69edb5029d4aac609429e,2024-07,Metropolitan Police Service,Metropolitan Police Service,-0.110127,51.382685,On or near Longley Road,E01001011,Croydon 019E,Burglary,Unable to prosecute suspect
c3c919037b79a8962068145e4bb049057c6ea253fc855255cca7bb86f9fa2810,2024-07,Metropolitan Police Service,Metropolitan Police Service,-0.107167,51.38127,On or near Chatfield Road,E01001011,Croydon 019E,Burglary,Unable to prosecute suspect
fe3a80884ac1156e46b706f03e99f5335189e36a9dc38ca4ae23d120487c977f,2024-07,Metropolitan Police Service,Metropolitan Police Service,-0.105157,51.38157,On or near Kidderminster Place,E01001012,Croydon 020A,Burglary,Investigation complete; no suspect identified
02cfb9c3fd4ec8aedbe9704cbe67f7a23ec7e558d3af6a552cfe8a52cfca1ca8,2024-07,Metropolitan Police Service,Metropolitan Police Service,-0.105,51.381208,On or near Panton Close,E01001012,Croydon 020A,Burglary,Investigation complete; no suspect identified
700fcccf1460b3d328f3ccbd1c9b4e1d2e67aed27fd4f37e654f785a4ecf8997,2024-07,Metropolitan Police Service,Metropolitan Police Service,-0.106731,51.380696,On or near Montague Road,E01001013,Croydon 020B,Burglary,Investigation complete; no suspect identified
5c72eef8e493d7ba3412b4aec105376a6f28329e78c83a2d50a6dc01eace2091,2024-07,Metropolitan Police Service,Metropolitan Police Service,-0.103892,51.37949,On or near Theatre/Concert Hall,E01001013,Croydon 020B,Burglary,Investigation complete; no suspect identified
6174752a3deaa83d6fffd8ee94dd10326ed1fc51eb9fd536cfb967a1373abc9f,2024-07,Metropolitan Police Service,Metropolitan Police Service,-0.096308,51.382875,On or near Tavistock Grove,E01001110,Croydon 020D,Burglary,Investigation complete; no suspect identified
6d148b9793aa799e2fdb6f1e166b54fd4d5783a9950a1a9c722b29eaf5ddf7c0,2024-07,Metropolitan Police Service,Metropolitan Police Service,-0.099657,51.383567,On or near Hogarth Crescent,E01001110,Croydon 020D,Burglary,Investigation complete; no suspect identified
841010b2b01a84e12f64fdffc8b60b9626b07b145dfc378d82ed47adf6178653,2024-07,Metropolitan Police Service,Metropolitan Police Service,-0.095658,51.38504,On or near Johnson Road,E01001118,Croydon 020E,Burglary,Investigation complete; no suspect identified
29a71eb0572ea10fc8590de8cf10ff9af069a7af5c947b480067e42f1a97a742,2024-07,Metropolitan Police Service,Metropolitan Police Service,-0.096124,51.384544,On or near Cromwell Road,E01001118,Croydon 020E,Burglary,Unable to prosecute suspect
ba8b2740e651deae9d74165a19889d49425c4c4009e161ca1723f0f24fccb45f,2024-07,Metropolitan Police Service,Metropolitan Police Service,-0.101076,51.379078,On or near Bus/Coach Station,E01034143,Croydon 020H,Burglary,Investigation complete; no suspect identified
bc5e480cf405089a99a0cbcfbbd9110fa0179ae27b7ea981a4bbf7f674ba63bc,2024-07,Metropolitan Police Service,Metropolitan Police Service,-0.084618,51.383727,On or near Stretton Road,E01000984,Croydon 022F,Burglary,Unable to prosecute suspect
defdafc45fe3b7058d0769534a535cd77ff1670bb8305306f52c87c394c141be,2024-07,Metropolitan Police Service,Metropolitan Police Service,-0.08594,51.366842,On or near Brownlow Road,E01001044,Croydon 023A,Burglary,Unable to prosecute suspect
9e5a42024fc1bcf61c26d3aabc31930cc6115b188f6b655047bc10fe52e6a17e,2024-07,Metropolitan Police Service,Metropolitan Police Service,-0.08594,51.366842,On or near Brownlow Road,E01001044,Croydon 023A,Burglary,Unable to prosecute suspect
2616e26c426fa53ed3a69d1bf0558efc4dad07dfb34580ccb2a5e42f85b33e67,2024-07,Metropolitan Police Service,Metropolitan Police Service,-0.069077,51.37224,On or near Mapledale Avenue,E01001049,Croydon 023C,Burglary,Investigation complete; no suspect identified
d571b29ac527918826e3fd2b801f380c79376f483db307ae52e2d4e4b3478776,2024-07,Metropolitan Police Service,Metropolitan Police Service,-0.102041,51.373174,On or near Fellmongers Yard,E01001042,Croydon 024B,Burglary,Investigation complete; no suspect identified
762213e3f7dd5669be2a88b349cca342a57cb1a23c8f7c7ea94bc9943dce0a3c,2024-07,Metropolitan Police Service,Metropolitan Police Service,-0.104671,51.372821,On or near Old Palace Road,E01001042,Croydon 024B,Burglary,Investigation complete; no suspect identified
9b88f75bfe225d46f2034c074031c9814d09f24af80186bedc01afa5d291d2cb,2024-07,Metropolitan Police Service,Metropolitan Police Service,-0.107398,51.374268,On or near Bourne Street,E01001166,Croydon 024D,Burglary,Investigation complete; no suspect identified
c10cd839f7a6edf41c03930b94505de8eb863e2c4fe4b9cd9297c55dd1f75af8,2024-07,Metropolitan Police Service,Metropolitan Police Service,-0.10321,51.368184,On or near Southbridge Place,E01001166,Croydon 024D,Burglary,Unable to prosecute suspect
a58a6120c5f4d8699fa5026843f7d55d7728c5af01a25fef24b9eda2e89b43d4,2024-07,Metropolitan Police Service,Metropolitan Police Service,-0.108512,51.372362,On or near Sylverdale Road,E01001166,Croydon 024D,Burglary,Unable to prosecute suspect
401f9c51f1fd529ca0548d2283983a73cfcda45407722b08801f3f5c9d98069c,2024-07,Metropolitan Police Service,Metropolitan Police Service,-0.05896,51.376371,On or near Petrol Station,E01001062,Croydon 026A,Burglary,Investigation complete; no suspect identified
fd1d53926a9746fb429bfa987a8afb6931dec14632451d8d029b1cd4e44b081b,2024-07,Metropolitan Police Service,Metropolitan Police Service,-0.047027,51.370927,On or near Sports/Recreation Area,E01001063,Croydon 026B,Burglary,Unable to prosecute suspect
7c5afe3dabe544b318fe1a5e4c0bbe0b92e128039c2d16ddc16473318e4f8c14,2024-07,Metropolitan Police Service,Metropolitan Police Service,-0.042147,51.353816,On or near Kerr Close,E01001064,Croydon 026C,Burglary,Investigation complete; no suspect identified
4129a2f86222d9556a3f377f82e48803ee0176b2ad7f2c8976319e7403740501,2024-07,Metropolitan Police Service,Metropolitan Police Service,-0.030149,51.362995,On or near Fuller'S Wood,E01001064,Croydon 026C,Burglary,Investigation complete; no suspect identified
f8eb2e0767e674ea9f4049d08aa5e2ea606fc6dc8c478c5cb8a47895a0969bdd,2024-07,Metropolitan Police Service,Metropolitan Police Service,-0.120328,51.363793,On or near Stafford Gardens,E01001167,Croydon 028A,Burglary,Investigation complete; no suspect identified
34333f41e902d859513ea3f1cbdf8e4f350f2c045e9819654d710dad7f6e8a80,2024-07,Metropolitan Police Service,Metropolitan Police Service,-0.102646,51.356458,On or near Nicola Close,E01001173,Croydon 028E,Burglary,Investigation complete; no suspect identified
f948ca054ae6112e2ceb4cb5b00efc21382c75b4daa4697bec098ebea7e8cba0,2024-07,Metropolitan Police Service,Metropolitan Police Service,-0.078378,51.359416,On or near Benchfield,E01001036,Croydon 029A,Burglary,Investigation complete; no suspect identified
bfbbe0c55d5432c2f97198a117cc3e3fab997f4850f9e17a39f58e3942193763,2024-07,Metropolitan Police Service,Metropolitan Police Service,-0.021101,51.347959,On or near Westcott Close,E01001057,Croydon 030E,Burglary,Investigation complete; no suspect identified
0d6542e60f6b396bd5fdad3755cc22794fb0fa04e96701b107b9d80476b7cafa,2024-07,Metropolitan Police Service,Metropolitan Police Service,-0.018978,51.354218,On or near Ashwood Gardens,E01001055,Croydon 032B,Burglary,Unable to prosecute suspect
4c8ba2b00bab181385a5659191db408dd6d540ca31dd2411276bfcc83ddf7a22,2024-07,Metropolitan Police Service,Metropolitan Police Service,-0.010332,51.348595,On or near Parking Area,E01001082,Croydon 032E,Burglary,Investigation complete; no suspect identified
f3d6238125d3269ed749d05c633de5fb582b9c4f9c8d823753e899badf84c405,2024-07,Metropolitan Police Service,Metropolitan Police Service,-0.005555,51.346158,On or near Rowdown Crescent,E01001082,Croydon 032E,Burglary,Investigation complete; no suspect identified
6233ac5b0924638b60b62ce5d6c65dc5a109d9451b3207b1ac8ecdc9c74c880b,2024-07,Metropolitan Police Service,Metropolitan Police Service,-0.037791,51.348878,On or near Viney Bank,E01001065,Croydon 034E,Burglary,Investigation complete; no suspect identified
0cc49f2f39ffbc9bc1c94459fcef17b3ea59220113477634ec558b461cedd9bd,2024-07,Metropolitan Police Service,Metropolitan Police Service,-0.041954,51.34857,On or near Woodpecker Mount,E01001065,Croydon 034E,Burglary,Unable to prosecute suspect
01b8330f555130c38435c97e38263a64c57044342943efa95013b2f5f730c2a2,2024-07,Metropolitan Police Service,Metropolitan Police Service,-0.048686,51.344933,On or near Thorold Close,E01001126,Croydon 034H,Burglary,Investigation complete; no suspect identified
e12d8651602bceec8fff8ddb247bbdf8c13a31ec66d1e0ff6f3c3a2fd7a0dd72,2024-07,Metropolitan Police Service,Metropolitan Police Service,-0.084961,51.3359,On or near North Down,E01001102,Croydon 035C,Burglary,Status update unavailable
52727166da16c417c9b214eb5e2253ea4fe9e0947d8840473d7a2d0415646228,2024-07,Metropolitan Police Service,Metropolitan Police Service,-0.084961,51.3359,On or near North Down,E01001102,Croydon 035C,Burglary,Status update unavailable
6e0bd01453fb651a48f6afc345ae358a6ff246f33092b9009e5b00f5d66fdb05,2024-07,Metropolitan Police Service,Metropolitan Police Service,-0.098606,51.34025,On or near Whimbrel Close,E01001107,Croydon 035D,Burglary,Investigation complete; no suspect identified
d06e5d6872db4460ce98055df10bcd838cf0e24530ce30ce0773301fae961d7f,2024-07,Metropolitan Police Service,Metropolitan Police Service,-0.082735,51.341772,On or near Briton Hill Road,E01001108,Croydon 035E,Burglary,Status update unavailable
754ece607618fafbf29da4eb77e1204ef3c490e62d029a070301ab99d1ef9096,2024-07,Metropolitan Police Service,Metropolitan Police Service,-0.082735,51.341772,On or near Briton Hill Road,E01001108,Croydon 035E,Burglary,Status update unavailable
31fd8f3735fa2e191eb7faf17f8a2ce5bfa34ae68b758639a29945e5ebd8d381,2024-07,Metropolitan Police Service,Metropolitan Police Service,-0.005494,51.337973,On or near Uvedale Crescent,E01001079,Croydon 036B,Burglary,Investigation complete; no suspect identified
8511f710198a4178d85ceb4b206fa07955c42ab74faefdbcfab971ac2fb6c044,2024-07,Metropolitan Police Service,Metropolitan Police Service,-0.110414,51.346394,On or near Edgehill Road,E01001092,Croydon 037B,Burglary,Investigation complete; no suspect identified
47ae6792282b00efeb8f560c7a12d31144030577fc719c0a3d8ebdd17376eb70,2024-07,Metropolitan Police Service,Metropolitan Police Service,-0.113561,51.33864,On or near Whytecliffe Road South,E01001097,Croydon 037E,Burglary,Status update unavailable
c5cdf2cd6cae0a34d027e4dd61b65534e23c11aae53a4ca7e1da01b4f2f34b91,2024-07,Metropolitan Police Service,Metropolitan Police Service,-0.144375,51.32361,On or near Appledown Rise,E01001031,Croydon 038D,Burglary,Status update unavailable
548b4b03193df6b49983568a3dfe2519ca58ff9c05ef90a3dedd54b24bbba7a3,2024-07,Metropolitan Police Service,Metropolitan Police Service,-0.142178,51.324358,On or near Howard Road,E01001031,Croydon 038D,Burglary,Status update unavailable
6c529163d0dd0c090751879be25fea1e6916bdf3e26e7153d17a4461f6085fc0,2024-07,Metropolitan Police Service,Metropolitan Police Service,-0.137902,51.333903,On or near Upper Woodcote Village,E01001094,Croydon 038E,Burglary,Investigation complete; no suspect identified
2003cc729e3d2bd4f94b6ca0a2e7ff9aa91c6be3872c465a28e1384cf582bb62,2024-07,Metropolitan Police Service,Metropolitan Police Service,-0.131659,51.3441,On or near Peaks Hill,E01001094,Croydon 038E,Burglary,Investigation complete; no suspect identified
0405ff1366a48b83d6b0b8b343ee8fa93626e60b3a06c3b6410503a8ebfcee28,2024-07,Metropolitan Police Service,Metropolitan Police Service,-0.05658,51.338571,On or near Old Farleigh Road,E01001121,Croydon 039D,Burglary,Investigation complete; no suspect identified
5500b750b8cfc1ff9215a076de33e95fd57f0365ffb071bdccc7dd9fc64aef79,2024-07,Metropolitan Police Service,Metropolitan Police Service,-0.109758,51.332679,On or near Partridge Knoll,E01001099,Croydon 040D,Burglary,Investigation complete; no suspect identified
71f861608289d05e0b50c655d1c1b4b9ddbc82d22091422f3be7dce80bd1aeca,2024-07,Metropolitan Police Service,Metropolitan Police Service,-0.127462,51.31567,On or near Birchfield Close,E01001015,Croydon 041A,Burglary,Investigation complete; no suspect identified
b5f3ee65c8004564329610576b3ef9f3826d6c0dbca66d305074dbd4b894fef4,2024-07,Metropolitan Police Service,Metropolitan Police Service,-0.128329,51.316916,On or near Alder Croft,E01001016,Croydon 041B,Burglary,Investigation complete; no suspect identified
a7f73817458bab1648ceca94e474b662c2c8c99ded0d5b00aaa8a02605202e7b,2024-07,Metropolitan Police Service,Metropolitan Police Service,-0.086353,51.315212,On or near New Barn Lane,E01001071,Croydon 042B,Burglary,Investigation complete; no suspect identified
9c9c3062ae5d253bc28fc38cfc0af209546a6f78b4a7aadf43807c892a3b7139,2024-07,Metropolitan Police Service,Metropolitan Police Service,-0.156024,51.314082,On or near Ridgemount Avenue,E01001027,Croydon 043E,Burglary,Investigation complete; no suspect identified
0098f4a38b1b9245d0ade365f2f5883bf8638897000ca03521b6cad1ac102e0f,2024-07,Metropolitan Police Service,Metropolitan Police Service,-0.1509,51.312697,On or near Courage Close,E01001027,Croydon 043E,Burglary,Investigation complete; no suspect identified
1161feb4f993083124c9a58a4e022712f2ac37003990420f87946a2a28645f08,2024-07,Metropolitan Police Service,Metropolitan Police Service,-0.119648,51.307065,On or near Coulsdon Road,E01001018,Croydon 044A,Burglary,Investigation complete; no suspect identified
f4ac541f01b9db611598713d207f0d1da08a6ac56079e320b62e081694c097d7,2024-07,Metropolitan Police Service,Metropolitan Police Service,-0.122093,51.307275,On or near Blakefield Gardens,E01001020,Croydon 044C,Burglary,Investigation complete; no suspect identified
c47375d4eb5fff1c414bfdaf06a97d7822267a9078ab2b77f7b15c1141c11a5e,2024-07,Metropolitan Police Service,Metropolitan Police Service,-0.064143,51.389407,On or near St Luke'S Close,E01001189,Croydon 045B,Burglary,Investigation complete; no suspect identified
63a34011abcec37c3afd3e9c9bb8b4468f19a3a8750338152ad22dd0b658a765,2024-07,Metropolitan Police Service,Metropolitan Police Service,-0.065894,51.398662,On or near Archer Road,E01001190,Croydon 045C,Burglary,Investigation complete; no suspect identified
e5c027c2235cc3f7db4b937e6ec9194a315903f73ea7982b695575b4edb14e3d,2024-07,Metropolitan Police Service,Metropolitan Police Service,-0.061684,51.399645,On or near Love Lane,E01001190,Croydon 045C,Burglary,Investigation complete; no suspect identified
218974007d06320937dc537321dc26c391282ece3efb6dbbc2e437b91ebac739,2024-07,Metropolitan Police Service,Metropolitan Police Service,-0.097819,51.376244,On or near Supermarket,E01034148,Croydon 046B,Burglary,Investigation complete; no suspect identified
f40f0544d8ae315445f149c5874c2fb615bd4cdefd44e9080dff06233270d8b3,2024-07,Metropolitan Police Service,Metropolitan Police Service,-0.095536,51.376891,On or near Dingwall Road,E01034148,Croydon 046B,Burglary,Investigation complete; no suspect identified
f99503c6b316766846c1b958f0d87717ece211f28a8bb967778744265db271ce,2024-07,Metropolitan Police Service,Metropolitan Police Service,-0.097819,51.376244,On or near Supermarket,E01034148,Croydon 046B,Burglary,Investigation complete; no suspect identified
6a13988772958b137ecc207b55c06fb5911717c937e7e3deab8dce4290bce556,2024-07,Metropolitan Police Service,Metropolitan Police Service,-0.097819,51.376244,On or near Supermarket,E01034148,Croydon 046B,Burglary,Investigation complete; no suspect identified
580f5a199d35cebc35c504b7028c9242a44c8ea0408d8c06352570f3ffd714a1,2024-07,Metropolitan Police Service,Metropolitan Police Service,-0.091751,51.373574,On or near Hazledean Road,E01034149,Croydon 046C,Burglary,Status update unavailable
071efac2a33ef6c7d7df6cd97029576ce6f0cb950280c20a96f24c650479c564,2024-07,Metropolitan Police Service,Metropolitan Police Service,-0.095206,51.373414,On or near Further/Higher Educational Building,E01034149,Croydon 046C,Burglary,Unable to prosecute suspect
75effc81024de45ed0a34a50ecf80274b97268249532be157107d2d49ddcc6a2,2024-07,Metropolitan Police Service,Metropolitan Police Service,-0.093806,51.369417,On or near Chatsworth Road,E01034149,Croydon 046C,Burglary,Investigation complete; no suspect identified
52c9e6cfdffcc2589682de7080e0de7a2c0d67c692cc2a2d0e424c4862617212,2024-07,Metropolitan Police Service,Metropolitan Police Service,-0.091751,51.373574,On or near Hazledean Road,E01034149,Croydon 046C,Burglary,Unable to prosecute suspect
c37b32a658fe39aa0e57e42c66c1508d5968d053f9b213d05e9a13d27ed38b1d,2024-07,Metropolitan Police Service,Metropolitan Police Service,-0.095968,51.37099,On or near Friends' Road,E01034149,Croydon 046C,Burglary,Investigation complete; no suspect identified
64ba6a9322374db3da80fd0d0116edb9d3bb83f8b4551819a9f861a1677e09c9,2024-07,Metropolitan Police Service,Metropolitan Police Service,-0.090648,51.371784,On or near Fairfield Path,E01034149,Croydon 046C,Burglary,Investigation complete; no suspect identified
7fa7a0ed82fc800e8251cf547c79afb24bcb19552e0796bfb59fab765f7b600e,2024-07,Metropolitan Police Service,Metropolitan Police Service,-0.092527,51.377732,On or near East Croydon,E01034149,Croydon 046C,Burglary,Investigation complete; no suspect identified
171e41a842b3ab7036c3041d5489a688d0b151834503fc31aa2ce992015a980c,2024-07,Metropolitan Police Service,Metropolitan Police Service,-0.097268,51.372899,On or near Smith'S Yard,E01034150,Croydon 046D,Burglary,Unable to prosecute suspect
73c39a6382f32be8a8424947c8f6378a43f66ca9c67e021b2eeec84789ab01b4,2024-07,Metropolitan Police Service,Metropolitan Police Service,-0.0994,51.373464,On or near Nightclub,E01034150,Croydon 046D,Burglary,Investigation complete; no suspect identified
acdd76089f3eea65d8ef03e35208f23320e3497195fa13ce806ae6aec9104a8b,2024-07,Metropolitan Police Service,Metropolitan Police Service,-0.099755,51.371123,On or near Robert Street,E01034150,Croydon 046D,Burglary,Investigation complete; no suspect identified
d1595164e0060934a9b52d2983894ce6da30fff57e329a20fb09698a3e7beb41,2024-07,Metropolitan Police Service,Metropolitan Police Service,-0.098014,51.364251,On or near Ledbury Road,E01034152,Croydon 047B,Burglary,Investigation complete; no suspect identified
a4947651969283a6677675c05200dabe184bc049bcd4763503b08bad1028dbee,2024-07,Metropolitan Police Service,Metropolitan Police Service,-0.098995,51.364843,On or near A235,E01034152,Croydon 047B,Burglary,Awaiting court outcome
45456055705b89770ae55b85a264e207284f47750562781b4f8ead62fe778629,2024-07,Metropolitan Police Service,Metropolitan Police Service,-0.091137,51.365542,On or near Birdhurst Gardens,E01001035,Croydon 047C,Burglary,Investigation complete; no suspect identified
3cdedb4e1ecb578f471c4eb8e42c3d8a1cac61e4f20c3abfe3a725374b84ec2b,2024-07,Metropolitan Police Service,Metropolitan Police Service,-0.103781,51.364794,On or near Bramley Hill,E01001170,Croydon 047D,Burglary,Unable to prosecute suspect
a1fed65021a3e66edc3c8f5bbb084a6fd31da5771643a049127d2b7ed427b671,2024-07,Metropolitan Police Service,Metropolitan Police Service,-0.102165,51.36288,On or near Nottingham Road,E01001170,Croydon 047D,Burglary,Investigation complete; no suspect identified
40d29cae8bb8dbd8188cd56fb29b4df4fd2a610c17d69bdfb021a0505dc7db33,2024-07,Metropolitan Police Service,Metropolitan Police Service,-0.345174,51.550269,On or near Clare Road,E01001269,Ealing 001A,Burglary,Investigation complete; no suspect identified
950eb3f328faca7aba3957c41857afabd0df94103f239011dc2f75231d62a2db,2024-07,Metropolitan Police Service,Metropolitan Police Service,-0.361011,51.556292,On or near Petrol Station,E01001310,Ealing 001D,Burglary,Investigation complete; no suspect identified
c2d2c3199c055aca657a153c2143c2fba378b402b9b8270260b91cc5e5a455fb,2024-07,Metropolitan Police Service,Metropolitan Police Service,-0.361011,51.556292,On or near Petrol Station,E01001310,Ealing 001D,Burglary,Investigation complete; no suspect identified
14630cdc27257a74f36332f124d6ff4db1a27916ea886025c3caf67f3c11a249,2024-07,Metropolitan Police Service,Metropolitan Police Service,-0.361011,51.556292,On or near Petrol Station,E01001310,Ealing 001D,Burglary,Unable to prosecute suspect
cab98ab406d79dd26031705c1795afa8e6c4932183c17bc00ef9bbab59fe4c21,2024-07,Metropolitan Police Service,Metropolitan Police Service,-0.361011,51.556292,On or near Petrol Station,E01001310,Ealing 001D,Burglary,Awaiting court outcome
f476dbdc5083969e32b17e6e92adec53df6ea0641b1a95024b066890adfad1ea,2024-07,Metropolitan Police Service,Metropolitan Police Service,-0.367923,51.552611,On or near Ascot Close,E01001318,Ealing 003D,Burglary,Awaiting court outcome
c67ff0056f3cbc35abc2c3801bfd4a8d085151b37f931c918341069a30ef3cd8,2024-07,Metropolitan Police Service,Metropolitan Police Service,-0.380831,51.549391,On or near Priors Field,E01001320,Ealing 003E,Burglary,Investigation complete; no suspect identified
d3c9a9edab96111c8741a1fb91dbc689155e9f0fd8301ed50aa5528a44ac880b,2024-07,Metropolitan Police Service,Metropolitan Police Service,-0.364585,51.546324,On or near Belvue Road,E01001322,Ealing 004C,Burglary,Investigation complete; no suspect identified
6310bd6dfab9bb38c80699b840c5a02a94b7298157c1bc670051745798aaed99,2024-07,Metropolitan Police Service,Metropolitan Police Service,-0.31371,51.540703,On or near Launceston Road,E01001341,Ealing 005A,Burglary,Investigation complete; no suspect identified
59b0b3e9627aa3559c5b85bdb614bb31f22f5aa2b7c688b3fb628ab4888b5ed6,2024-07,Metropolitan Police Service,Metropolitan Police Service,-0.307127,51.538181,On or near Brooklands Drive,E01001345,Ealing 005D,Burglary,Court result unavailable
4a85be85a1d3465b6f548de25d441346991a3eed67e242a45cefba1a8e940ed8,2024-07,Metropolitan Police Service,Metropolitan Police Service,-0.336402,51.533348,On or near South Greenford,E01001349,Ealing 006E,Burglary,Unable to prosecute suspect
342e6aa34e41b614a34e3b6ce886a7b7d50273410b7134471f0bdf51f22133d8,2024-07,Metropolitan Police Service,Metropolitan Police Service,-0.32379,51.53637,On or near Chilham Close,E01001344,Ealing 007A,Burglary,Awaiting court outcome
40c87adc9a761306366f59cd826269c9ddf563fe5a038ce45e9859ee9895ded3,2024-07,Metropolitan Police Service,Metropolitan Police Service,-0.378841,51.54288,On or near Petrol Station,E01001326,Ealing 008C,Burglary,Investigation complete; no suspect identified
5af8faf49fe5c30f0dec2a9bfbe6a757e0d1d0e07ed66e9ec8262a3cda5f495d,2024-07,Metropolitan Police Service,Metropolitan Police Service,-0.386363,51.532859,On or near Concord Close,E01001330,Ealing 008D,Burglary,Investigation complete; no suspect identified
9fc2286c337d2625b19160ff8e5a564d3e9e80baddb00cdb2e453a98e0582596,2024-07,Metropolitan Police Service,Metropolitan Police Service,-0.403779,51.536172,On or near Hartfield Avenue,E01001325,Ealing 009A,Burglary,Unable to prosecute suspect
81c1f31705a6ee3cbda8811675357b4fa03574e21ee930406c94124770f0c9e0,2024-07,Metropolitan Police Service,Metropolitan Police Service,-0.408373,51.535102,On or near Longhook Gardens,E01001325,Ealing 009A,Burglary,Court result unavailable
4506aec036cd9a27e1d40e9a2077d8727f6ef9f1c412f1673083623159e959a1,2024-07,Metropolitan Police Service,Metropolitan Police Service,-0.408373,51.535102,On or near Longhook Gardens,E01001325,Ealing 009A,Burglary,Investigation complete; no suspect identified
2a512541526e690266c40cda515da4a5972393ab3605e13f91ebe918c0b138da,2024-07,Metropolitan Police Service,Metropolitan Police Service,-0.387353,51.537063,On or near Parkfield Drive,E01001328,Ealing 009C,Burglary,Investigation complete; no suspect identified
05fe69daa200af0607d5fa878d69e5ef1ed90c7db9f1d40e05537259d77a036f,2024-07,Metropolitan Police Service,Metropolitan Police Service,-0.369668,51.534462,On or near Marley Close,E01001262,Ealing 010C,Burglary,Investigation complete; no suspect identified
09164ea439f3796b74f6965bf2eed1dce0c712141cf5bf901913eaf5be0466ef,2024-07,Metropolitan Police Service,Metropolitan Police Service,-0.281739,51.535375,On or near Iveagh Close,E01001276,Ealing 011A,Burglary,Investigation complete; no suspect identified
5f4f55938ae25523b9776cbda09de8a62241a2985e6c4786f974a983ccbd7d0d,2024-07,Metropolitan Police Service,Metropolitan Police Service,-0.284167,51.526768,On or near Park Royal,E01001278,Ealing 011C,Burglary,Investigation complete; no suspect identified
a153dd1c69cb781dc63dea2df5ff7d9b9e14bb3b773a24dc5f0edd5ba8155e58,2024-07,Metropolitan Police Service,Metropolitan Police Service,-0.292986,51.529568,On or near Royal Parade,E01001278,Ealing 011C,Burglary,Investigation complete; no suspect identified
6e5412d44065aa22880948d2e5a800a0697ad7ab7f452962855f1e94c46f1c76,2024-07,Metropolitan Police Service,Metropolitan Police Service,-0.28965,51.523171,On or near Dallas Road,E01001278,Ealing 011C,Burglary,Investigation complete; no suspect identified
a20f0b40ab4be3e4bb831bbd44e67ed30030c86e6d146f99d05a79d64a68186c,2024-07,Metropolitan Police Service,Metropolitan Police Service,-0.288002,51.527922,On or near Connell Crescent,E01001278,Ealing 011C,Burglary,Investigation complete; no suspect identified
248a71df2f875341ea343ebe6b32a444530c29d6f118a128020ff29afca09adc,2024-07,Metropolitan Police Service,Metropolitan Police Service,-0.349878,51.531479,On or near A4127,E01001260,Ealing 012B,Burglary,Investigation complete; no suspect identified
9b6694d999aa2c8c4e5f7492532d27cc0e5c03bfc2d33819a38f39ae64cdeb2c,2024-07,Metropolitan Police Service,Metropolitan Police Service,-0.359214,51.525657,On or near Mansell Road,E01001292,Ealing 014D,Burglary,Unable to prosecute suspect
4e0f62ebe1f735a9113a6e45bedf4e4f30733b7d2f5c2ecceaa707106beed7f7,2024-07,Metropolitan Police Service,Metropolitan Police Service,-0.26592,51.518326,On or near A4000,E01001196,Ealing 015A,Burglary,Investigation complete; no suspect identified
3a28837eacec951b5cc63c2eb63da47ae92f789a9f035b58c88a44cb9cf207dc,2024-07,Metropolitan Police Service,Metropolitan Police Service,-0.249826,51.530209,On or near Channel Gate Road,E01001246,Ealing 015D,Burglary,Investigation complete; no suspect identified
9cc1eb9405dc017e7c90c9b29fe3c9e68250c033f514d60cc9687ad928bd03e4,2024-07,Metropolitan Police Service,Metropolitan Police Service,-0.261649,51.530564,On or near Newark Crescent,E01001246,Ealing 015D,Burglary,Investigation complete; no suspect identified
b0d3ce7efd766598f47ea61cca82321a2187ce404ae384ebb5bc9695f54af13f,2024-07,Metropolitan Police Service,Metropolitan Police Service,-0.247806,51.530619,On or near Webb Place,E01001246,Ealing 015D,Burglary,Investigation complete; no suspect identified
3559ef855f1a41b01fbcf64f13faf36eabe5d86018a6632362bcd4ff4c033d96,2024-07,Metropolitan Police Service,Metropolitan Police Service,-0.278624,51.528117,On or near Johnsons Way,E01001247,Ealing 015E,Burglary,Investigation complete; no suspect identified
85814d933288af0ef27c7611ed9a829bbcb1e67e91185babc8d52ffc99026c34,2024-07,Metropolitan Police Service,Metropolitan Police Service,-0.269801,51.524318,On or near Canada Crescent,E01001247,Ealing 015E,Burglary,Investigation complete; no suspect identified
b7e00f2c852f2cff44bf1daa78f0c314b6c1362ee2d678a4fb2c5ac117c6aa41,2024-07,Metropolitan Police Service,Metropolitan Police Service,-0.276034,51.52316,On or near Shopping Area,E01001247,Ealing 015E,Burglary,Investigation complete; no suspect identified
4b45e3f7d07d084bd5369fb35208506991081ea9b02f20d2984070d8843962af,2024-07,Metropolitan Police Service,Metropolitan Police Service,-0.281229,51.52401,On or near Parking Area,E01001247,Ealing 015E,Burglary,Investigation complete; no suspect identified
96c9ec3c1ba9e16874fb7d3d53fa331da853bf60b5a2412d36723096ed245d5d,2024-07,Metropolitan Police Service,Metropolitan Police Service,-0.262037,51.521506,On or near Portal Way,E01034027,Ealing 015G,Burglary,Investigation complete; no suspect identified
1918d51a0fa23fc234905970cf91b74fc677c960cbbd60b64ab9bd81adfc73b0,2024-07,Metropolitan Police Service,Metropolitan Police Service,-0.331377,51.528412,On or near Pelham Place,E01001210,Ealing 016A,Burglary,Investigation complete; no suspect identified
7337fa113c532eff2333260572fcad8ad79c0185f0e5ef4b006e3e9d22023c2f,2024-07,Metropolitan Police Service,Metropolitan Police Service,-0.331083,51.528183,On or near Gurnell Grove,E01001210,Ealing 016A,Burglary,Investigation complete; no suspect identified
d942d686d75d4f796068d3e6c5367c9b6b751328c5df5b7532d2666d81fad245,2024-07,Metropolitan Police Service,Metropolitan Police Service,-0.338708,51.527023,On or near Riverside Close,E01001283,Ealing 016C,Burglary,Court result unavailable
d8bc4ab6513258ec6c58079c6bf7cb7674541be70bd0131402891b1626e6eeac,2024-07,Metropolitan Police Service,Metropolitan Police Service,-0.346289,51.519523,On or near Hobbayne Road,E01001287,Ealing 016F,Burglary,Investigation complete; no suspect identified
853a6760439be2cd0c7ac7e871342cf675b502e9a2a7a5ed75afb0501fba695b,2024-07,Metropolitan Police Service,Metropolitan Police Service,-0.375452,51.521018,On or near Lynwood Gardens,E01001294,Ealing 017A,Burglary,Investigation complete; no suspect identified
7872abc44ef39a47567239cc8344d2ce101921a5a4315731465a2460fe01a93e,2024-07,Metropolitan Police Service,Metropolitan Police Service,-0.371852,51.521337,On or near St Stephen'S Close,E01001294,Ealing 017A,Burglary,Investigation complete; no suspect identified
6bd7bd454523a77617533b320713fb069e46815dbbf9485e303ab0d0ebe8901b,2024-07,Metropolitan Police Service,Metropolitan Police Service,-0.370992,51.518753,On or near Dormer'S Avenue,E01001298,Ealing 017E,Burglary,Unable to prosecute suspect
c06a510fc8f2562388249028e23d8d9fe9a4574f8262e37fc12a9a5819ca26ca,2024-07,Metropolitan Police Service,Metropolitan Police Service,-0.325744,51.515356,On or near Drayton Green,E01001205,Ealing 018B,Burglary,Investigation complete; no suspect identified
9866c0321f1d3aa05b4f03669fe582bfea9ac19e25a1f5b0326bc3ac64b178a5,2024-07,Metropolitan Police Service,Metropolitan Police Service,-0.309847,51.519246,On or near Charlbury Grove,E01001226,Ealing 019C,Burglary,Unable to prosecute suspect
ce0648266d81e43b0644f1a20ccbfbe405d361918ff1c973ce116e32f86aa45c,2024-07,Metropolitan Police Service,Metropolitan Police Service,-0.312776,51.519549,On or near Heronsforde,E01001226,Ealing 019C,Burglary,Status update unavailable
7c854172f5ad62da3873de574275ef2412a707955fd973aecd8dd953ba4d2f41,2024-07,Metropolitan Police Service,Metropolitan Police Service,-0.308291,51.515717,On or near Longfield Road,E01001228,Ealing 019E,Burglary,Investigation complete; no suspect identified
df2eab553572f97a8a3c5ff0f51b5e403a7c1e54c25c5b4d42a1f563934d6a6c,2024-07,Metropolitan Police Service,Metropolitan Police Service,-0.277144,51.518824,On or near The Link,E01001195,Ealing 021A,Burglary,Investigation complete; no suspect identified
8364accd041a6776a11cdab48a3c2b06dc48debbe20f331d1e61fbf64f6f2948,2024-07,Metropolitan Police Service,Metropolitan Police Service,-0.279682,51.516487,On or near Churchill Gardens,E01001197,Ealing 021B,Burglary,Investigation complete; no suspect identified
173e0a3a29e2967b890efeae0bca2d751af9c2a92e6a3ecfb58ac29010d85b02,2024-07,Metropolitan Police Service,Metropolitan Police Service,-0.277647,51.514281,On or near Mayfield Road,E01001197,Ealing 021B,Burglary,Investigation complete; no suspect identified
49376c1bac56f1c2f466ca471f504ae57384c331fbcfc4cad636dabe59cc709e,2024-07,Metropolitan Police Service,Metropolitan Police Service,-0.279682,51.516487,On or near Churchill Gardens,E01001197,Ealing 021B,Burglary,Investigation complete; no suspect identified
814ab0f8aa793f257840c48179cc42319072487fc5725bbadc3c9ac662295511,2024-07,Metropolitan Police Service,Metropolitan Police Service,-0.269165,51.512583,On or near Nemoure Road,E01001199,Ealing 021D,Burglary,Investigation complete; no suspect identified
e5c7686afd4b5d613ba19cb50df492cddc5c7792560b458a2e5fd8aa68589578,2024-07,Metropolitan Police Service,Metropolitan Police Service,-0.339883,51.51651,On or near Elmwood Gardens,E01001288,Ealing 022B,Burglary,Investigation complete; no suspect identified
a598adb4152ebb16376d4f9a94d4858ac09e413e038ff2b6386ecec875e4f41b,2024-07,Metropolitan Police Service,Metropolitan Police Service,-0.379022,51.512219,On or near Alexandra Avenue,E01001213,Ealing 023A,Burglary,Investigation complete; no suspect identified
fb980c8a2b8f6d3c31ad6c8dd05cca41ee2008ec0ae55833925d33385004f2bd,2024-07,Metropolitan Police Service,Metropolitan Police Service,-0.367133,51.514221,On or near Kenton Avenue,E01001214,Ealing 023B,Burglary,Investigation complete; no suspect identified
ac708193383fcd870e66ee20b1dce8d2af9828644c86b3ab0290f2712a75f981,2024-07,Metropolitan Police Service,Metropolitan Police Service,-0.36545,51.512534,On or near Longford Avenue,E01001216,Ealing 023D,Burglary,Investigation complete; no suspect identified
2a8d3d6c54bee8fabac9f238680836eb922d63e493b0e3751af0f352b954693f,2024-07,Metropolitan Police Service,Metropolitan Police Service,-0.365568,51.511241,On or near A4020,E01001216,Ealing 023D,Burglary,Investigation complete; no suspect identified
1496a4a93fe89391ec7d48c7ef3dbd7cca39d5cdcfc61e93cdccecb9c46ed982,2024-07,Metropolitan Police Service,Metropolitan Police Service,-0.377322,51.506126,On or near Southall,E01001361,Ealing 023E,Burglary,Investigation complete; no suspect identified
7fa7d04253b7aeb988d6443773168ffcfb54d4306d7011ed22a46ca0d47428f8,2024-07,Metropolitan Police Service,Metropolitan Police Service,-0.376253,51.510661,On or near Shopping Area,E01001361,Ealing 023E,Burglary,Investigation complete; no suspect identified
2ca2bca5593139bbe89b42ef80d7c770e07da1ef6610feae2a7623f6d90dbd4d,2024-07,Metropolitan Police Service,Metropolitan Police Service,-0.377322,51.506126,On or near Southall,E01001361,Ealing 023E,Burglary,Investigation complete; no suspect identified
07a43efa545532e9f10227efeda7bf80c662bd70525a9d583d253bba2b452603,2024-07,Metropolitan Police Service,Metropolitan Police Service,-0.377322,51.506126,On or near Southall,E01001361,Ealing 023E,Burglary,Investigation complete; no suspect identified
e162af4cfadbef1bec40bbf6e24a1e40513fae83b3fef9cf16dbe1bd0d133db4,2024-07,Metropolitan Police Service,Metropolitan Police Service,-0.376607,51.511242,On or near Shopping Area,E01001361,Ealing 023E,Burglary,Investigation complete; no suspect identified
23f179d70969e0c814fac14db4b35748eab86632f3ebc13ffbf6ba81fbf0b98c,2024-07,Metropolitan Police Service,Metropolitan Police Service,-0.251282,51.514773,On or near Sunningdale Avenue,E01001240,Ealing 024A,Burglary,Investigation complete; no suspect identified
15a5c34050e95ae5458c20a610fb698fc1977d44bafabcb1eb129559e20ff212,2024-07,Metropolitan Police Service,Metropolitan Police Service,-0.250869,51.509398,On or near Bromyard Avenue,E01001243,Ealing 024D,Burglary,Investigation complete; no suspect identified
692d90db5e87b351ace2a45037fdc2ca9e2781cd9436f12c585d3d343155085d,2024-07,Metropolitan Police Service,Metropolitan Police Service,-0.247677,51.504692,On or near Oldfield Road,E01001245,Ealing 024F,Burglary,Unable to prosecute suspect
af55a12b93622896da9095a757f73507d65e661914f4e1997c97c41e7f4da875,2024-07,Metropolitan Police Service,Metropolitan Police Service,-0.268103,51.507891,On or near Grove Place,E01001202,Ealing 025C,Burglary,Unable to prosecute suspect
3335e602e8830de2d4528f2a1fa2f817e8da73a239bb0ecb72edd8d201fa263c,2024-07,Metropolitan Police Service,Metropolitan Police Service,-0.272752,51.507276,On or near Mount Place,E01001351,Ealing 025E,Burglary,Investigation complete; no suspect identified
f49e618ecd99b77a3d821007f2ca3beeb02096cb665de4247ae523d7dcc78503,2024-07,Metropolitan Police Service,Metropolitan Police Service,-0.386155,51.512237,On or near Trinity Road,E01001359,Ealing 026A,Burglary,Investigation complete; no suspect identified
26ad980740e9ab5e49e6c849d714b92411ea188fecc5193dc88c845ceb3edd58,2024-07,Metropolitan Police Service,Metropolitan Police Service,-0.381294,51.516009,On or near Viking Road,E01001364,Ealing 026E,Burglary,Investigation complete; no suspect identified
5d2003b387835f4cb20e6d8fbedda4b00501e371d9eaf0aff661f952e4f079d3,2024-07,Metropolitan Police Service,Metropolitan Police Service,-0.288154,51.510029,On or near Ealing Common,E01001234,Ealing 027B,Burglary,Awaiting court outcome
2b3f433ab4083422612e21115ed66248b219ff44eabf75121231b607f9ff8075,2024-07,Metropolitan Police Service,Metropolitan Police Service,-0.283725,51.514389,On or near Oakley Avenue,E01001350,Ealing 027C,Burglary,Investigation complete; no suspect identified
1e52039059221cb27a2e179042001fb0189bc799d10fd2115998d2f20c524417,2024-07,Metropolitan Police Service,Metropolitan Police Service,-0.285764,51.509976,On or near Fordhook Avenue,E01001352,Ealing 027D,Burglary,Unable to prosecute suspect
8139d6c71cd04303decc8ec6965fa4fb1a47c3f078cacd63b88e1f1cbbb4f118,2024-07,Metropolitan Police Service,Metropolitan Police Service,-0.287611,51.510678,On or near Fordhook Avenue,E01001352,Ealing 027D,Burglary,Unable to prosecute suspect
ff86b3ce602da9f90a353a1356b397b8e63f6dddcdb6b3800835c357741ccd4c,2024-07,Metropolitan Police Service,Metropolitan Police Service,-0.277793,51.508097,On or near Denehurst Gardens,E01001354,Ealing 027E,Burglary,Investigation complete; no suspect identified
8bad0d40a24321a5e9853e0d317a132ec845d1bfa50023220d3e6a6b2f288815,2024-07,Metropolitan Police Service,Metropolitan Police Service,-0.319673,51.513093,On or near Alexandria Road,E01001249,Ealing 028A,Burglary,Investigation complete; no suspect identified
0bc5ee870cc1dc153617434979e521300017d7b00760abb4da1599522fb44c66,2024-07,Metropolitan Police Service,Metropolitan Police Service,-0.325683,51.509932,On or near Brownlow Road,E01001249,Ealing 028A,Burglary,Investigation complete; no suspect identified
42fc455daf5ed350211d512573326c998429d9320425c8f0572387796f023faf,2024-07,Metropolitan Police Service,Metropolitan Police Service,-0.3251,51.511282,On or near William'S Road,E01001249,Ealing 028A,Burglary,Investigation complete; no suspect identified
81513433b7a3836553c9a2792103216b26c0fb91813704af11c963bc5fb46211,2024-07,Metropolitan Police Service,Metropolitan Police Service,-0.319673,51.513093,On or near Alexandria Road,E01001249,Ealing 028A,Burglary,Investigation complete; no suspect identified
6bcee28847329a95a3ebd12ecfce63c7410ddb69719f63730e2d74672f253cbb,2024-07,Metropolitan Police Service,Metropolitan Police Service,-0.329111,51.503669,On or near Elthorne Avenue,E01001255,Ealing 028C,Burglary,Investigation complete; no suspect identified
b9f683b4ea8215d40dd9f508b60302d2c382d59d8d39a99c1b5f1afae8207938,2024-07,Metropolitan Police Service,Metropolitan Police Service,-0.316249,51.510571,On or near Princes Road,E01001388,Ealing 028E,Burglary,Unable to prosecute suspect
5cd5e0f6c733275bd757801bda9292f1cc5e658c929b2984eb7d43bc64539ed8,2024-07,Metropolitan Police Service,Metropolitan Police Service,-0.324331,51.50985,On or near Supermarket,E01001389,Ealing 028F,Burglary,Status update unavailable
f87a6529275562e8b9eb8496783abf8e1604545fd74a50bc736ae06e95226355,2024-07,Metropolitan Police Service,Metropolitan Police Service,-0.362487,51.515991,On or near Brindley Way,E01001219,Ealing 029A,Burglary,Investigation complete; no suspect identified
d685ffba2a816d855af98adfa9ef9302c3807d4ff6dce2b9b3a182748c3268ff,2024-07,Metropolitan Police Service,Metropolitan Police Service,-0.369339,51.502481,On or near Quaker Lane,E01001334,Ealing 029C,Burglary,Investigation complete; no suspect identified
a8f2d970216c74cc6e9ff5668b008f7fda75403d829434acf9b0a0df45973f48,2024-07,Metropolitan Police Service,Metropolitan Police Service,-0.370663,51.502545,On or near Waterside Road,E01001334,Ealing 029C,Burglary,Unable to prosecute suspect
0a0e10ec206647eb764f54532b1f9be35856eac19e2b2101016d86fffa65f2b5,2024-07,Metropolitan Police Service,Metropolitan Police Service,-0.346076,51.507893,On or near Hospital,E01001337,Ealing 029D,Burglary,Investigation complete; no suspect identified
206daa4c1bc78c0e6a2afc50028f173e101c3750b7710d6fac9d664c5411a9fe,2024-07,Metropolitan Police Service,Metropolitan Police Service,-0.359507,51.503046,On or near Park/Open Space,E01001337,Ealing 029D,Burglary,Unable to prosecute suspect
669564492089c4424c5e966e420aa1166ec666c8163c09287b5e78748dccbd15,2024-07,Metropolitan Police Service,Metropolitan Police Service,-0.360106,51.506822,On or near Dean Way,E01001338,Ealing 029E,Burglary,Unable to prosecute suspect
f7e404a65aa824d7f81343e441f773c897419aee840ce6f732b969a8e0fe2e79,2024-07,Metropolitan Police Service,Metropolitan Police Service,-0.354762,51.508788,On or near Windmill Place,E01001339,Ealing 029F,Burglary,Status update unavailable
55920c462a730b11d299d2e1d64a23dd8dfcb6eaac0c950df96eb8d159233bb2,2024-07,Metropolitan Police Service,Metropolitan Police Service,-0.354206,51.505408,On or near River Close,E01001340,Ealing 029G,Burglary,Unable to prosecute suspect
2ad26fcb89d340b08e71d16e7ba47dfa9279db404184c12d395965ed1a0d224e,2024-07,Metropolitan Police Service,Metropolitan Police Service,-0.334603,51.505995,On or near Jasper Avenue,E01001252,Ealing 030B,Burglary,Unable to prosecute suspect
b0f7f757bd61cf5be6848676b998489c719e66d6cf36b61bdfee71008bc2a8fa,2024-07,Metropolitan Police Service,Metropolitan Police Service,-0.341694,51.50355,On or near Billetts Hart Close,E01001254,Ealing 030D,Burglary,Investigation complete; no suspect identified
9f23f350c0d733176ff1387acf74228e9893454b5447a0f9f3cdcf60a2941337,2024-07,Metropolitan Police Service,Metropolitan Police Service,-0.342615,51.503977,On or near Mallard Close,E01001254,Ealing 030D,Burglary,Investigation complete; no suspect identified
9be10e712aa7ca20620e5ff4a42a1a36629a3e5650e2b64434095b6ab0ab0a97,2024-07,Metropolitan Police Service,Metropolitan Police Service,-0.339825,51.503452,On or near St Margaret'S Road,E01001254,Ealing 030D,Burglary,Investigation complete; no suspect identified
91b37454d30ba409d5b47dc8851bc2573f90121c59abc4418e9edc15815ba859,2024-07,Metropolitan Police Service,Metropolitan Police Service,-0.339825,51.503452,On or near St Margaret'S Road,E01001254,Ealing 030D,Burglary,Investigation complete; no suspect identified
d93f1ff44f56715d1edbe8d474fd19931b588331088852ef8289033c36ff4a87,2024-07,Metropolitan Police Service,Metropolitan Police Service,-0.299751,51.499677,On or near Lionel Road North,E01001229,Ealing 031A,Burglary,Investigation complete; no suspect identified
4ac6e1e516e6c4dfd50efe8f0200e1150366bff933ecab28ff429b87627f9e79,2024-07,Metropolitan Police Service,Metropolitan Police Service,-0.299751,51.499677,On or near Lionel Road North,E01001229,Ealing 031A,Burglary,Investigation complete; no suspect identified
0b8773f14bd420ce1a5b9ab353d9285f41d3100e2dbe3c15045e3b3fd9ed61a6,2024-07,Metropolitan Police Service,Metropolitan Police Service,-0.306895,51.507495,On or near Sunnyside Road,E01001386,Ealing 031F,Burglary,Investigation complete; no suspect identified
94d6dbb7a0979b26b133b2f33f06517f5e20c72bfc5013e7b290c7f4662a2ec2,2024-07,Metropolitan Police Service,Metropolitan Police Service,-0.306835,51.510291,On or near Further/Higher Educational Building,E01001386,Ealing 031F,Burglary,Investigation complete; no suspect identified
cef36b90929e59a61df4147e9eb7e5e8053120e604e1b5a5102010d0155bf436,2024-07,Metropolitan Police Service,Metropolitan Police Service,-0.316584,51.506583,On or near Lancaster Gardens,E01001382,Ealing 032B,Burglary,Investigation complete; no suspect identified
0433e1d140665ccaffdd68bd0f5a8563da8ca44f1808bb3a552928aeca4fb1eb,2024-07,Metropolitan Police Service,Metropolitan Police Service,-0.319322,51.502656,On or near Graham Avenue,E01001385,Ealing 032D,Burglary,Investigation complete; no suspect identified
d270a9205aa0b00eaeda29a68e986737efdf3cfa21651462fa71de71f47c422e,2024-07,Metropolitan Police Service,Metropolitan Police Service,-0.30865,51.512637,On or near Uxbridge Road,E01001387,Ealing 032E,Burglary,Investigation complete; no suspect identified
437e2de0f93f7848ea5effb64badcebf3f7673aa3d38f20ad3000b33aa8d458d,2024-07,Metropolitan Police Service,Metropolitan Police Service,-0.315656,51.507514,On or near Rathgar Avenue,E01001387,Ealing 032E,Burglary,Unable to prosecute suspect
912e82c3e63d7d3ee2e4fbd2c13ddb952bd8e07faae86a245759654af42f88e8,2024-07,Metropolitan Police Service,Metropolitan Police Service,-0.271719,51.503358,On or near Newport Road,E01001356,Ealing 033C,Burglary,Investigation complete; no suspect identified
b4e99b28407eff3de7a3af36345a9f1a1fa993a6544c7d68bd8a129e3dc4b726,2024-07,Metropolitan Police Service,Metropolitan Police Service,-0.271683,51.50164,On or near Bollo Bridge Road,E01001357,Ealing 033D,Burglary,Investigation complete; no suspect identified
5dca690db5a5717c739fe3437ba5a25b54d3c8d889bd6b64e5ce4b5f97335363,2024-07,Metropolitan Police Service,Metropolitan Police Service,-0.256308,51.505441,On or near Warple Way,E01001381,Ealing 034D,Burglary,Investigation complete; no suspect identified
8be137aef68e47702e7707b8da7cf5465058f767615e6a68797eef6c030d7ee1,2024-07,Metropolitan Police Service,Metropolitan Police Service,-0.324193,51.503419,On or near Chamberlain Road,E01001305,Ealing 035C,Burglary,Unable to prosecute suspect
ccae2206925558423b57c94535e7c9a53a091372006baa8d76898c1647974367,2024-07,Metropolitan Police Service,Metropolitan Police Service,-0.318375,51.49981,On or near Jefferson Close,E01001306,Ealing 035D,Burglary,Investigation complete; no suspect identified
fd412c23921f3e523dfd6c0231cd95b64a3902c06908caea87ed3e9e13475fbe,2024-07,Metropolitan Police Service,Metropolitan Police Service,-0.37784,51.504505,On or near Hortus Road,E01001333,Ealing 038A,Burglary,Investigation complete; no suspect identified
9ad4b31fd6d474a5b5cf7f85e259d830c51f3c307ee9fba4654293524676623f,2024-07,Metropolitan Police Service,Metropolitan Police Service,-0.37784,51.504505,On or near Hortus Road,E01001333,Ealing 038A,Burglary,Unable to prosecute suspect
a7f83fdf08f3456b0f28d2ca7fa35b62fbefb25562cacb1587bfaa8498cc2fa0,2024-07,Metropolitan Police Service,Metropolitan Police Service,-0.371914,51.503407,On or near Grand Union Way,E01001333,Ealing 038A,Burglary,Unable to prosecute suspect
9e682c948f10b6bf835ec4ec8da2c224b145cc20d1a979de7217b4bc5d5a9a87,2024-07,Metropolitan Police Service,Metropolitan Police Service,-0.382072,51.501794,On or near Further/Higher Educational Building,E01001333,Ealing 038A,Burglary,Investigation complete; no suspect identified
78c9960e80c2c6359ad87b53d217e28d5b329ca59f1086db3731811b5b016598,2024-07,Metropolitan Police Service,Metropolitan Police Service,-0.379317,51.49699,On or near Gilding Way,E01001369,Ealing 038D,Burglary,Investigation complete; no suspect identified
a0218bb8265f282c93b9a902aeda640edfd53cb034f6f9dbb7e85269d9f2d2c9,2024-07,Metropolitan Police Service,Metropolitan Police Service,-0.306018,51.498904,On or near South Ealing Road,E01001301,Ealing 039B,Burglary,Investigation complete; no suspect identified
35e3bc88c76bdb15d2b53c6fb416d8a0c0e25e5bb7e6d5b504e8fb5636928528,2024-07,Metropolitan Police Service,Metropolitan Police Service,-0.298884,51.495087,On or near Hospital,E01001301,Ealing 039B,Burglary,Unable to prosecute suspect
c93ac3baa3480ab336d7036dbe07ef074c2b71645c7ba0ed38c3802354c054f3,2024-07,Metropolitan Police Service,Metropolitan Police Service,-0.304387,51.497433,On or near South Road,E01001301,Ealing 039B,Burglary,Investigation complete; no suspect identified
f3c9eff4584db7712327c604f1ba1d8680e6cbb62798ede50232b799f1a95720,2024-07,Metropolitan Police Service,Metropolitan Police Service,-0.301966,51.514888,On or near Ealing Broadway,E01001225,Ealing 041A,Burglary,Investigation complete; no suspect identified
481d3f5fdd88f608d93c3a8d2f61ef5ebc05567492b6c7d6aaaf979957fe9f5b,2024-07,Metropolitan Police Service,Metropolitan Police Service,-0.28305,51.519297,On or near Monks Drive,E01001274,Ealing 041E,Burglary,Investigation complete; no suspect identified
786d1fbf1cae71dce914675ee0c729404ddc693b3a4554c3216b21f4ceb53efd,2024-07,Metropolitan Police Service,Metropolitan Police Service,-0.2824,51.520871,On or near Vale Lane,E01001274,Ealing 041E,Burglary,Investigation complete; no suspect identified
2c6fdf45ad6a5d53ad8083d238dd17827b5b1ba9c4ca5a77985e051d96d3627c,2024-07,Metropolitan Police Service,Metropolitan Police Service,-0.304135,51.512374,On or near Parking Area,E01034030,Ealing 042A,Burglary,Investigation complete; no suspect identified
46920a0511c25486b3fda957fe3d9ab12a522e0eac63bd6394d6d7052156a278,2024-07,Metropolitan Police Service,Metropolitan Police Service,-0.302532,51.51441,On or near Nightclub,E01034030,Ealing 042A,Burglary,Unable to prosecute suspect
419e110ee448216d5522e2e3a1e7468ace19527bd10f73d17a697a8021d0c6e0,2024-07,Metropolitan Police Service,Metropolitan Police Service,-0.298238,51.512064,On or near Florence Road,E01001235,Ealing 042D,Burglary,Investigation complete; no suspect identified
82106ddae3a310adaa96b47fb2cede5cdbf92d922a22f791072ac4aa02d04fc9,2024-07,Metropolitan Police Service,Metropolitan Police Service,-0.298737,51.513744,On or near The Mall,E01001235,Ealing 042D,Burglary,Investigation complete; no suspect identified
7ecd4f67c67cf1af0683a784f4bfb53a56723c6454dd6754709dbd69d5684d44,2024-07,Metropolitan Police Service,Metropolitan Police Service,-0.385524,51.50034,On or near Belmont Avenue,E01001367,Ealing 043B,Burglary,Unable to prosecute suspect
40b44ca42074f36b3c6c4703246fc3c91399b9fad7ee2b8235945d7291dccfcc,2024-07,Metropolitan Police Service,Metropolitan Police Service,-0.387608,51.500881,On or near Bus/Coach Station,E01001367,Ealing 043B,Burglary,Investigation complete; no suspect identified
8791b57a89fa163c5d0ace919b22cc972edb87bccd18e0b8da795504a2d824d1,2024-07,Metropolitan Police Service,Metropolitan Police Service,-0.38136,51.502774,On or near Shopping Area,E01001367,Ealing 043B,Burglary,Investigation complete; no suspect identified
f673b599286dac38c6d90e60bdc4fe4ea283c3d4f38ab0bd1c6daff43c52a45e,2024-07,Metropolitan Police Service,Metropolitan Police Service,-0.382918,51.500673,On or near King Street,E01001367,Ealing 043B,Burglary,Unable to prosecute suspect
9408f7d06705ffdd915acfff1c6245b37bd4ac63606743c7aea035c8b8bdfafe,2024-07,Metropolitan Police Service,Metropolitan Police Service,-0.03564,51.674789,On or near Allandale Road,E01001446,Enfield 001B,Burglary,Unable to prosecute suspect
3fee8b04c1bc249e659ba287f47aba1577343818bfbb12ff997c3fe7b5c074a1,2024-07,Metropolitan Police Service,Metropolitan Police Service,-0.036537,51.67913,On or near Broadoak Avenue,E01001552,Enfield 001D,Burglary,Investigation complete; no suspect identified
ee656309f9dde27dd12be072e45c71e637ad4fcbfd4b78b822f48492be19bdaf,2024-07,Metropolitan Police Service,Metropolitan Police Service,-0.043797,51.674791,On or near Cobbett Close,E01001545,Enfield 002B,Burglary,Investigation complete; no suspect identified
a1a63e86cf8550c23e479a9ef032698ce1cefa722d3097d5d802347b3fbbaba1,2024-07,Metropolitan Police Service,Metropolitan Police Service,-0.043592,51.670147,On or near Elmhurst Road,E01001547,Enfield 002C,Burglary,Investigation complete; no suspect identified
e2f0191161323565da9a36a9a88e9cd1277a97e49009423603f4c76a7ff7a04e,2024-07,Metropolitan Police Service,Metropolitan Police Service,-0.049089,51.671803,On or near Auckland Close,E01001548,Enfield 002D,Burglary,Investigation complete; no suspect identified
43b7fafeed4182176f083a65121ae3c4d9dec5a5ecff3526077a36f59835006f,2024-07,Metropolitan Police Service,Metropolitan Police Service,-0.051421,51.672049,On or near Dendridge Close,E01001548,Enfield 002D,Burglary,Investigation complete; no suspect identified
af77a4ad4a2b28fefd3bd499126a4beec5e1ea8b43f4b9f7e8108ea486981d81,2024-07,Metropolitan Police Service,Metropolitan Police Service,-0.017457,51.670536,On or near Government Row,E01001445,Enfield 003B,Burglary,Investigation complete; no suspect identified
d0523725534c5cd1fb95864533f59fc7e1e907a2c7abde06aebf3a77236308b6,2024-07,Metropolitan Police Service,Metropolitan Police Service,-0.02775,51.666627,On or near Lytton Avenue,E01001449,Enfield 003E,Burglary,Investigation complete; no suspect identified
7cab6372780f9a76c31348f26c990734d4c08fd3a912f0d0a6c8ab381ecdc83b,2024-07,Metropolitan Police Service,Metropolitan Police Service,-0.02775,51.666627,On or near Lytton Avenue,E01001449,Enfield 003E,Burglary,Investigation complete; no suspect identified
15d3abe0a541580bb06bbdde0d4a6c115d3f410d60b80f513855ae6f58a174b9,2024-07,Metropolitan Police Service,Metropolitan Police Service,-0.025561,51.666419,On or near Bideford Road,E01001449,Enfield 003E,Burglary,Investigation complete; no suspect identified
14d84083b8d124bfbce948dd52a0aea690829c0ea911d752737cc86a4cf6401d,2024-07,Metropolitan Police Service,Metropolitan Police Service,-0.017695,51.665747,On or near Parking Area,E01033148,Enfield 003F,Burglary,Investigation complete; no suspect identified
3aa871952a9afa1d1c0d59eb57ba6f1b697c48d55378be628b06664af27a4f7f,2024-07,Metropolitan Police Service,Metropolitan Police Service,-0.079311,51.664388,On or near Lavender Road,E01001411,Enfield 004B,Burglary,Investigation complete; no suspect identified
95b5f70ae24bd455ffef7f7a5e0a3d05bd13f66c4aee68985a631169c78d412f,2024-07,Metropolitan Police Service,Metropolitan Police Service,-0.052782,51.677413,On or near Manor Court,E01001412,Enfield 004C,Burglary,Unable to prosecute suspect
5667c1200f2750b82b73b436b772bc15f49b727237c66dc9a2d000edd5d63687,2024-07,Metropolitan Police Service,Metropolitan Police Service,-0.058658,51.660425,On or near Carterhatch Lane,E01001409,Enfield 005B,Burglary,Awaiting court outcome
3f5ca2303b9d0b20e0acbd0fe4efc9ba2c1dd6e12e595c1044181f14c7e233d1,2024-07,Metropolitan Police Service,Metropolitan Police Service,-0.058658,51.660425,On or near Carterhatch Lane,E01001409,Enfield 005B,Burglary,Awaiting court outcome
4145c475882d4a49304f6c821f04cec25aec510dadc6cc4c506ea47add9dd4f0,2024-07,Metropolitan Police Service,Metropolitan Police Service,-0.058974,51.666563,On or near Pentrich Avenue,E01001410,Enfield 005C,Burglary,Investigation complete; no suspect identified
8bfad2923e38be0aff5cbd979e3af01535dc6fdba7f5fdb508776cf6a34dff3e,2024-07,Metropolitan Police Service,Metropolitan Police Service,-0.062188,51.66274,On or near Abercrombie Drive,E01001410,Enfield 005C,Burglary,Investigation complete; no suspect identified
aec992063d1467d6b6fb53012f6da6e094435671499ddfdb94f9dc2895f16cfe,2024-07,Metropolitan Police Service,Metropolitan Police Service,-0.060005,51.659359,On or near Peachtree Close,E01001516,Enfield 005D,Burglary,Awaiting court outcome
ecad87ec61dd81e050c9a9510a4663b17f41eb15a57ee8240c3dd2cfd0d1dbc4,2024-07,Metropolitan Police Service,Metropolitan Police Service,-0.058558,51.659029,On or near Petrol Station,E01001516,Enfield 005D,Burglary,Investigation complete; no suspect identified
b019bcb8c9f91ba02f7d22bd58e44fc96bd1a09909c7e56a97c15c4cd5c09e0a,2024-07,Metropolitan Police Service,Metropolitan Police Service,-0.057403,51.658327,On or near Oldbury Road,E01001516,Enfield 005D,Burglary,Unable to prosecute suspect
24189c62e26052c9cbb7f89601428302c772e2013382ee4ff8ba336b1c4a9754,2024-07,Metropolitan Police Service,Metropolitan Police Service,-0.06813,51.665823,On or near Russell Road,E01001537,Enfield 005E,Burglary,Investigation complete; no suspect identified
620f9c88bb5678b305bb00b1f56f2cfc4b4959fc65d2ca01200bc9e1373ecdb9,2024-07,Metropolitan Police Service,Metropolitan Police Service,-0.046865,51.657262,On or near Supermarket,E01001439,Enfield 006A,Burglary,Awaiting court outcome
e18e3847ee60e04a184e455fbcd397735058d3ff9dd0f07df8da889f60ac97a9,2024-07,Metropolitan Police Service,Metropolitan Police Service,-0.045975,51.656446,On or near Ashley Road,E01001439,Enfield 006A,Burglary,Investigation complete; no suspect identified
4c0eded432259f701fe6fad71d342eb953dc39f12979638ea0eb47908f35a6a7,2024-07,Metropolitan Police Service,Metropolitan Police Service,-0.042628,51.664673,On or near Riley Road,E01001441,Enfield 006B,Burglary,Investigation complete; no suspect identified
067a35efb0162577f5855c94acba8a454d83b50e0f094a496ce096079acc8ddc,2024-07,Metropolitan Police Service,Metropolitan Police Service,-0.04084,51.66824,On or near Parking Area,E01001441,Enfield 006B,Burglary,Investigation complete; no suspect identified
63c22d4d5f23cea52feed77ab379f33ee5d17466fa925f61dba78e388191615b,2024-07,Metropolitan Police Service,Metropolitan Police Service,-0.047404,51.660867,On or near Moorfield Road,E01001517,Enfield 006C,Burglary,Investigation complete; no suspect identified
b620ea9081637bb57e9da7b5e439d27d1eac47a70777f00687c28afa7014d089,2024-07,Metropolitan Police Service,Metropolitan Police Service,-0.044518,51.665433,On or near Crest Drive,E01001549,Enfield 006D,Burglary,Investigation complete; no suspect identified
23b1bc8c986274b95d90146c3435097a80e197efd7aedab66b7f19cc495c9d19,2024-07,Metropolitan Police Service,Metropolitan Police Service,-0.03837,51.658469,On or near Bowood Road,E01001436,Enfield 007D,Burglary,Investigation complete; no suspect identified
162e84e78e841e5d37d75ab8b7ce3dc4d37b434e164623030c5d9247741a54a6,2024-07,Metropolitan Police Service,Metropolitan Police Service,-0.030738,51.657415,On or near Stonycroft Close,E01001438,Enfield 007E,Burglary,Awaiting court outcome
306b2b4f90c961940e511fcd6c43b04006fc2cd59e66e08983ce39c24f2975dc,2024-07,Metropolitan Police Service,Metropolitan Police Service,-0.03098,51.655162,On or near Brimsdown,E01001438,Enfield 007E,Burglary,Awaiting court outcome
0c245039fd9e8666831d8b5a268f35268f8f1bc4cda1bb6284bb363f7ca05026,2024-07,Metropolitan Police Service,Metropolitan Police Service,-0.087478,51.660673,On or near Petrol Station,E01001540,Enfield 008C,Burglary,Investigation complete; no suspect identified
57ded1fbeb8c62a79cc0ec3c185d975ecbe4d2355c198e9bf61c890b6b00b14a,2024-07,Metropolitan Police Service,Metropolitan Police Service,-0.068862,51.656429,On or near Ladysmith Road,E01001543,Enfield 009C,Burglary,Awaiting court outcome
4cd31f745ef941c8c86dc2df9899aab7e0cb83abbe7beb71b88de2e22fc48cd8,2024-07,Metropolitan Police Service,Metropolitan Police Service,-0.105922,51.665324,On or near Enders Close,E01001468,Enfield 010B,Burglary,Investigation complete; no suspect identified
77694208e33e3fd19555aefc2064f3f2b45c966d9b9fdd22be42b38add45052b,2024-07,Metropolitan Police Service,Metropolitan Police Service,-0.10482,51.662626,On or near Farmlands,E01001471,Enfield 010C,Burglary,Investigation complete; no suspect identified
27bcdd0f7c58354f783e916434a2caccf4fa61f5d86b6f48b2b139200e003584,2024-07,Metropolitan Police Service,Metropolitan Police Service,-0.092805,51.653646,On or near Windmill Hill,E01001472,Enfield 010D,Burglary,Investigation complete; no suspect identified
336c99c762e724860a5a958328fead1a0f52bf75076f3c86fb2e75808b13d3cb,2024-07,Metropolitan Police Service,Metropolitan Police Service,-0.153682,51.6572,On or near Petrol Station,E01001417,Enfield 011B,Burglary,Offender given a caution
b369e04e21a614c51ef17a3f4924a71883bba99e50ff993d2b0ddfc13f6a91a7,2024-07,Metropolitan Police Service,Metropolitan Police Service,-0.170512,51.665413,On or near Wood Ride,E01001422,Enfield 011D,Burglary,Unable to prosecute suspect
b54f03c2faf3729aa49863d6dd883b7815cf3d3b7bde42362016a3540bae2f9f,2024-07,Metropolitan Police Service,Metropolitan Police Service,-0.178696,51.663265,On or near Parkgate Crescent,E01001422,Enfield 011D,Burglary,Investigation complete; no suspect identified
0ccb75a7d69ab3a48384a06a4e16f8721f6919edc7be3f1950c1fb3af57dd51b,2024-07,Metropolitan Police Service,Metropolitan Police Service,-0.047553,51.647984,On or near Supermarket,E01001507,Enfield 012D,Burglary,Investigation complete; no suspect identified
f4f73f88be46504e8b2533725e8d17b43e6f6dabf1a932877c1daf9068010fa8,2024-07,Metropolitan Police Service,Metropolitan Police Service,-0.043765,51.646662,On or near Walters Road,E01001507,Enfield 012D,Burglary,Unable to prosecute suspect
85bd37350886cc16a09cc3e2fe00fc52a79cca34ca649545f0e53a15def2a763,2024-07,Metropolitan Police Service,Metropolitan Police Service,-0.045784,51.645418,On or near Stonehorse Road,E01001507,Enfield 012D,Burglary,Investigation complete; no suspect identified
08e0c5860c193623996bfb991e087eb3595504bf81f4c05b3ad80e1e13e6dc62,2024-07,Metropolitan Police Service,Metropolitan Police Service,-0.047122,51.644892,On or near Parking Area,E01001507,Enfield 012D,Burglary,Investigation complete; no suspect identified
40ccca8646acaf9282931138019372e4036118388a7eae8865e03afa45d65271,2024-07,Metropolitan Police Service,Metropolitan Police Service,-0.043765,51.646662,On or near Walters Road,E01001507,Enfield 012D,Burglary,Investigation complete; no suspect identified
f5e0a59e5cff8ea85c9fe4d1ffe5a2023872b28e7347b5f53ba71d9514d9a540,2024-07,Metropolitan Police Service,Metropolitan Police Service,-0.042369,51.643824,On or near Cromwell Court,E01001507,Enfield 012D,Burglary,Investigation complete; no suspect identified
592661bd29ab700ac9c86bbd578b0fedec3c7a1d3bc8a6633fef74bdbe260a5d,2024-07,Metropolitan Police Service,Metropolitan Police Service,-0.049029,51.642892,On or near Clarence Road,E01001508,Enfield 012E,Burglary,Investigation complete; no suspect identified
616c29d16cc762fa24cf37020ad64b563fa818f8d588f14bc5765031c540f440,2024-07,Metropolitan Police Service,Metropolitan Police Service,-0.050202,51.646886,On or near Queensway,E01001508,Enfield 012E,Burglary,Investigation complete; no suspect identified
1dd78f13aff62e5d3b9ec77ec45576bf761ed22cb02dcca3648c0c4fbb09e497,2024-07,Metropolitan Police Service,Metropolitan Police Service,-0.050202,51.646886,On or near Queensway,E01001508,Enfield 012E,Burglary,Investigation complete; no suspect identified
0bf75bd9e89691bdceb94eb1cbe573e086b592b0ddb19038c01a1ebea93cbe9d,2024-07,Metropolitan Police Service,Metropolitan Police Service,-0.058143,51.651496,On or near Dearsley Road,E01001513,Enfield 012F,Burglary,Investigation complete; no suspect identified
6a54d3c3f4a7d972ebfbac1678b3794860f6c445b04437dc4397925fea945ecf,2024-07,Metropolitan Police Service,Metropolitan Police Service,-0.114885,51.653535,On or near Enfield Road,E01001473,Enfield 013C,Burglary,Investigation complete; no suspect identified
8d679463610210381966c450b1f1b7094b7da25787636f63eeb64a321f98e361,2024-07,Metropolitan Police Service,Metropolitan Police Service,-0.02161,51.658853,On or near Edison Road,E01001437,Enfield 014A,Burglary,Investigation complete; no suspect identified
39409e836a303ac23ebc9d9f69264eac1481ecf2a523d66279870a3bb45aefd6,2024-07,Metropolitan Police Service,Metropolitan Police Service,-0.033426,51.654106,On or near Celadon Close,E01001437,Enfield 014A,Burglary,Investigation complete; no suspect identified
79081c95163dad4380f4abdf3c729f9636798ddda11e5ce6e6ec6e8230af5d6f,2024-07,Metropolitan Police Service,Metropolitan Police Service,-0.037029,51.643645,On or near Napier Road,E01033926,Enfield 014E,Burglary,Investigation complete; no suspect identified
de68b34dbd1035f506ad784452003df9f5c6aafbe927d967154931beb0320d2f,2024-07,Metropolitan Police Service,Metropolitan Police Service,-0.029554,51.648052,On or near Petrol Station,E01033926,Enfield 014E,Burglary,Investigation complete; no suspect identified
d093ce11631ec2f2f74ca75e207a26b5b81e76f614468ccf6d0eed18c496f02c,2024-07,Metropolitan Police Service,Metropolitan Police Service,-0.029554,51.648052,On or near Petrol Station,E01033926,Enfield 014E,Burglary,Investigation complete; no suspect identified
517e86a8ce87f51167555573042ebad505c531dec828ea1804b90428b2b345a7,2024-07,Metropolitan Police Service,Metropolitan Police Service,-0.034842,51.646765,On or near Scotland Green Road North,E01033926,Enfield 014E,Burglary,Investigation complete; no suspect identified
4a9a8f47b636a62031cc16367391727f600fb92884ab9d68e9525694569822be,2024-07,Metropolitan Police Service,Metropolitan Police Service,-0.037029,51.643645,On or near Napier Road,E01033926,Enfield 014E,Burglary,Investigation complete; no suspect identified
9d210ed16a048acf2d35c2d3fb163e2e0e0a38bea23fd70e262f714f0758216f,2024-07,Metropolitan Police Service,Metropolitan Police Service,-0.037029,51.643645,On or near Napier Road,E01033926,Enfield 014E,Burglary,Investigation complete; no suspect identified
04099ff7e9494fb3d8b82a061edbda0ba95553f4be02311d8609441a6600f310,2024-07,Metropolitan Police Service,Metropolitan Police Service,-0.06639,51.642846,On or near Supermarket,E01001406,Enfield 015B,Burglary,Investigation complete; no suspect identified
90749d0f396656466c405e34af70a6a807bdeb6ee3d0a08779253eb901a2c6d7,2024-07,Metropolitan Police Service,Metropolitan Police Service,-0.06639,51.642846,On or near Supermarket,E01001406,Enfield 015B,Burglary,Investigation complete; no suspect identified
0cc82066729fad6592f3278ee4d458eba0b3423ce06528e8f4ef771740bce056,2024-07,Metropolitan Police Service,Metropolitan Police Service,-0.079819,51.651958,On or near Nightclub,E01001450,Enfield 015C,Burglary,Investigation complete; no suspect identified
412d01707bb4d8a98c0a8550c01ac8cdfbf6b77d5807b565f64c44ce0722d543,2024-07,Metropolitan Police Service,Metropolitan Police Service,-0.081809,51.649744,On or near Sydney Road,E01001450,Enfield 015C,Burglary,Investigation complete; no suspect identified
3bd71f9d2334ab85f0e18c23295a7f160c666118b38bbc109922b0317a24aa55,2024-07,Metropolitan Police Service,Metropolitan Police Service,-0.080937,51.645063,On or near Castleleigh Court,E01001450,Enfield 015C,Burglary,Awaiting court outcome
d0aa89377228c518de01136c98844841c7f319771e0f9a81bbdcbb67a2962e7a,2024-07,Metropolitan Police Service,Metropolitan Police Service,-0.079819,51.651958,On or near Nightclub,E01001450,Enfield 015C,Burglary,Investigation complete; no suspect identified
e7b9626f0944097adbec9003454ba1b990b029a6baf39aabaa78ba3a7fbad490,2024-07,Metropolitan Police Service,Metropolitan Police Service,-0.059417,51.643325,On or near Lumina Way,E01001484,Enfield 016C,Burglary,Awaiting court outcome
04c2cdd1da12e4352233b6278bc5f4b628edcd615a2748f476bcbf9b6ea43163,2024-07,Metropolitan Police Service,Metropolitan Police Service,-0.071914,51.646174,On or near Lincoln Crescent,E01001514,Enfield 016E,Burglary,Investigation complete; no suspect identified
92293ebc35af4352249eb5443c4c7e8835855a39f8321dc960fac127eb7a1d88,2024-07,Metropolitan Police Service,Metropolitan Police Service,-0.063461,51.650172,On or near Southbury Road,E01001518,Enfield 016F,Burglary,Investigation complete; no suspect identified
6d77cb9abf2db053faee01a6845d1e3bc6356e8826cf669eb3e55687601963cb,2024-07,Metropolitan Police Service,Metropolitan Police Service,-0.069716,51.652316,On or near Craddock Road,E01001518,Enfield 016F,Burglary,Investigation complete; no suspect identified
8d9eec0487054cea8460317545e0c1b364b522abcf61829858204efa71546f0d,2024-07,Metropolitan Police Service,Metropolitan Police Service,-0.064197,51.651227,On or near Jules Thorn Avenue,E01001518,Enfield 016F,Burglary,Investigation complete; no suspect identified
e48abba9690ad236c8928011fe65e5ad2d5014a1ee4c0b81cce2d460af09cc2f,2024-07,Metropolitan Police Service,Metropolitan Police Service,-0.083984,51.641363,On or near The Orchard,E01001451,Enfield 017A,Burglary,Investigation complete; no suspect identified
1b3eb54c9d01a54262b6819f8509ade5b5f63d897ca778a3048b9f4deb8645dd,2024-07,Metropolitan Police Service,Metropolitan Police Service,-0.106258,51.642696,On or near Gibson Close,E01001453,Enfield 017C,Burglary,Investigation complete; no suspect identified
e304f58aa2dcbe829358dadba3f42ee4e08e436cb4453962091c07bf6c62eaf5,2024-07,Metropolitan Police Service,Metropolitan Police Service,-0.046131,51.641728,On or near Supermarket,E01001502,Enfield 018D,Burglary,Investigation complete; no suspect identified
b3afa0d6875dba0c28bc4e42d5482a42f605ee417e07ed7b5966af3c71ad8de7,2024-07,Metropolitan Police Service,Metropolitan Police Service,-0.120956,51.635729,On or near Crowland Gardens,E01001520,Enfield 019A,Burglary,Investigation complete; no suspect identified
58bd126c24a7c125066d31d221833b0b86f1ff4d6d848b43aa6373718400dcc6,2024-07,Metropolitan Police Service,Metropolitan Police Service,-0.130187,51.648059,On or near Petrol Station,E01001419,Enfield 020A,Burglary,Investigation complete; no suspect identified
b130dd7c9a20ec5a3db762d294242a82a765d8aabfab3869d0c779f5a803d18d,2024-07,Metropolitan Police Service,Metropolitan Police Service,-0.141778,51.644945,On or near Bramley Close,E01001420,Enfield 020B,Burglary,Investigation complete; no suspect identified
8b97aa144a7ca073e5da3036c8184531d75c9cd2623b6814f64ce7518de03462,2024-07,Metropolitan Police Service,Metropolitan Police Service,-0.130071,51.637907,On or near The Rye,E01001525,Enfield 020E,Burglary,Investigation complete; no suspect identified
f06e7fd345c98a266b510de575b6fa988c97d061a9e82dfd3117d5945d1cea22,2024-07,Metropolitan Police Service,Metropolitan Police Service,-0.130711,51.632539,On or near Crown Lane,E01033927,Enfield 020F,Burglary,Investigation complete; no suspect identified
4f9878ed87369f807e2145f8d265ec4f765c24c9ad87350c44fcae8131c942ee,2024-07,Metropolitan Police Service,Metropolitan Police Service,-0.131318,51.634285,On or near Supermarket,E01033927,Enfield 020F,Burglary,Investigation complete; no suspect identified
85e5b4fa701fd000bd1eda5c91feae4acd2b3d5812bb891c7f4ff11f28914e11,2024-07,Metropolitan Police Service,Metropolitan Police Service,-0.138306,51.636554,On or near Osidge Lane,E01033927,Enfield 020F,Burglary,Investigation complete; no suspect identified
dc6cde7b6db08c552cb62fb449fc70f8bb29ce498acda218a4959a78fd3eaf56,2024-07,Metropolitan Police Service,Metropolitan Police Service,-0.131318,51.634285,On or near Supermarket,E01033927,Enfield 020F,Burglary,Investigation complete; no suspect identified
4bd992a7e9fd06cf57350a1cc485eb0ac3a8f5dfe0591ca64374fd450328680c,2024-07,Metropolitan Police Service,Metropolitan Police Service,-0.13084,51.632559,On or near Crown Lane,E01033927,Enfield 020F,Burglary,Investigation complete; no suspect identified
673ec22f43d62cd3ef54336eb97d9adddaa753ff792af028d5f05fb7ac72f81d,2024-07,Metropolitan Police Service,Metropolitan Police Service,-0.128904,51.631162,On or near Ashfield Parade,E01033927,Enfield 020F,Burglary,Unable to prosecute suspect
118e638d406c8dbb9d6fc18ba0e3ab0a3db8f2d2b84de3b69bca84c82f7d4802,2024-07,Metropolitan Police Service,Metropolitan Police Service,-0.070744,51.635931,On or near Sennen Road,E01001399,Enfield 021B,Burglary,Investigation complete; no suspect identified
d1849150058ef04c7ff8e12f5d2e6b8a27cdfdb3e169ab594f07352bc012b49c,2024-07,Metropolitan Police Service,Metropolitan Police Service,-0.072628,51.63446,On or near Amberley Gardens,E01001399,Enfield 021B,Burglary,Investigation complete; no suspect identified
2a467434c7cfaac00d24a0913c0c95a3f0b75983bc5f27506fb07cf72324874e,2024-07,Metropolitan Police Service,Metropolitan Police Service,-0.069717,51.637326,On or near Countisbury Avenue,E01001399,Enfield 021B,Burglary,Investigation complete; no suspect identified
de4d44075b43d137b1a359de84a040a124c32628dad3bd885aff5206b40d1566,2024-07,Metropolitan Police Service,Metropolitan Police Service,-0.090552,51.63635,On or near Shopping Area,E01001402,Enfield 021D,Burglary,Investigation complete; no suspect identified
1bd411f95913d81fae5de9547e13fa6a1dc4ec61d49eff06332d1868d4179d88,2024-07,Metropolitan Police Service,Metropolitan Police Service,-0.090552,51.63635,On or near Shopping Area,E01001402,Enfield 021D,Burglary,Investigation complete; no suspect identified
06fc7fc8dd57682267451f6755a7e8fbeac7fb7b591cb897a2252c90029b035a,2024-07,Metropolitan Police Service,Metropolitan Police Service,-0.090552,51.63635,On or near Shopping Area,E01001402,Enfield 021D,Burglary,Investigation complete; no suspect identified
6af7eb4e6f6701e9c5ff82317b3656c96fd7f07582005cf714d1b3902baed2e9,2024-07,Metropolitan Police Service,Metropolitan Police Service,-0.084863,51.632169,On or near Halstead Road,E01001403,Enfield 021E,Burglary,Investigation complete; no suspect identified
8aab10ea2de549ec428f357e7b22aa6c80537672b6bd02d2ba2b8c48661ff3b5,2024-07,Metropolitan Police Service,Metropolitan Police Service,-0.101622,51.627037,On or near Lytton Avenue,E01001564,Enfield 022B,Burglary,Investigation complete; no suspect identified
79cb32fda90890e5692f9a8de6e96af09c5b00043fd64553a8a840cfcb1167ae,2024-07,Metropolitan Police Service,Metropolitan Police Service,-0.102954,51.634243,On or near The Green,E01001569,Enfield 022E,Burglary,Investigation complete; no suspect identified
0abe77ea99904de0067e051f29ed00ac5d5c8f519c19c28aa4bd20abf5dabb63,2024-07,Metropolitan Police Service,Metropolitan Police Service,-0.09547,51.63111,On or near Queen'S Avenue,E01001569,Enfield 022E,Burglary,Investigation complete; no suspect identified
c576805045778772f3ef35fa5cd03e4ca970c65ce0cdb4739615ad0ef5d9c095,2024-07,Metropolitan Police Service,Metropolitan Police Service,-0.09547,51.63111,On or near Queen'S Avenue,E01001569,Enfield 022E,Burglary,Investigation complete; no suspect identified
06be74b0e7294a6d1e9c2ecec50d634410b4b06bbad29227b35b5a7ed8d4b03c,2024-07,Metropolitan Police Service,Metropolitan Police Service,-0.095132,51.633658,On or near Berry Close,E01001569,Enfield 022E,Burglary,Awaiting court outcome
9b1612cf465cee950b7256745d3218361408336f4e00d64594a66d6dfa37c808,2024-07,Metropolitan Police Service,Metropolitan Police Service,-0.102954,51.634243,On or near The Green,E01001569,Enfield 022E,Burglary,Awaiting court outcome
9b0dbe5814fe912a9a4194772b402c4a4dc565423887b5da1faf7064a9fa2096,2024-07,Metropolitan Police Service,Metropolitan Police Service,-0.057513,51.632412,On or near Colville Road,E01001479,Enfield 023A,Burglary,Investigation complete; no suspect identified
614e01fc5b8208178c3a34d5f53a99ea62b41c09fd50b05a3c7865395d600c88,2024-07,Metropolitan Police Service,Metropolitan Police Service,-0.052682,51.636226,On or near Lingfield Gardens,E01001479,Enfield 023A,Burglary,Investigation complete; no suspect identified
8272074be92b739ca9372807b3db81015b0c217c03e6834b81ac9afdd44b525d,2024-07,Metropolitan Police Service,Metropolitan Police Service,-0.052301,51.632317,On or near Forest Road,E01001487,Enfield 023C,Burglary,Investigation complete; no suspect identified
d81285835326ce2b9a04004581f990c9bb48ec873371d6c8957a54bf6f856cfb,2024-07,Metropolitan Police Service,Metropolitan Police Service,-0.051027,51.63101,On or near St Peter'S Road,E01001487,Enfield 023C,Burglary,Investigation complete; no suspect identified
ce4849359e9d86763a4536a53856b4cb79ffab5a47d861abdf08a81b5f3efd1d,2024-07,Metropolitan Police Service,Metropolitan Police Service,-0.067652,51.6332,On or near Darley Road,E01001459,Enfield 024A,Burglary,Investigation complete; no suspect identified
54a0fc34b9ae0b4a41ee7029673f27e6cac52305456dc467759007d096f9fd7a,2024-07,Metropolitan Police Service,Metropolitan Police Service,-0.067681,51.632526,On or near Rugby Avenue,E01001459,Enfield 024A,Burglary,Status update unavailable
8da256293b2609bbbc9356548475001076e67a28c1f024be99a33d795241aa94,2024-07,Metropolitan Police Service,Metropolitan Police Service,-0.064484,51.629884,On or near Winchester Road,E01001459,Enfield 024A,Burglary,Awaiting court outcome
5fdefa96ec9a9812d74957cf6c4cedc2fd62c328883d897e66eaa28744a26655,2024-07,Metropolitan Police Service,Metropolitan Police Service,-0.067681,51.632526,On or near Rugby Avenue,E01001459,Enfield 024A,Burglary,Investigation complete; no suspect identified
7b164f1975d608358682a304c04bc15892a339b0e03817f8d888b18e6d6ca889,2024-07,Metropolitan Police Service,Metropolitan Police Service,-0.065745,51.630822,On or near Malvern Terrace,E01001459,Enfield 024A,Burglary,Investigation complete; no suspect identified
6cbd3f922c2f35101db5c041144edc2f6a5e56add204a575355e3589553af43a,2024-07,Metropolitan Police Service,Metropolitan Police Service,-0.062807,51.627878,On or near Milestone Close,E01001460,Enfield 024B,Burglary,Investigation complete; no suspect identified
58c270865ea6e13744b1091f55a963da1b968b39d4582bc46238d7a9c298f3a8,2024-07,Metropolitan Police Service,Metropolitan Police Service,-0.067579,51.627111,On or near Wyldfield Gardens,E01001462,Enfield 024C,Burglary,Investigation complete; no suspect identified
fe4fa6df935613b06e59d893ebf2a16a56b94da20692c6f7b5423b7e17a3ac0d,2024-07,Metropolitan Police Service,Metropolitan Police Service,-0.067579,51.627111,On or near Wyldfield Gardens,E01001462,Enfield 024C,Burglary,Investigation complete; no suspect identified
bb4bee99e23f1140ae045b92a8559f99408ee6bdc132df61d651de8d3684100b,2024-07,Metropolitan Police Service,Metropolitan Police Service,-0.056783,51.631573,On or near Sutherland Road,E01001488,Enfield 024E,Burglary,Investigation complete; no suspect identified
f7fc35c8901a8421c5324bcb627ca0ede6ffa6d0cfa1a1ae88d0a4f5c841799e,2024-07,Metropolitan Police Service,Metropolitan Police Service,-0.057154,51.631012,On or near Findon Road,E01001488,Enfield 024E,Burglary,Investigation complete; no suspect identified
5c211f3c4b179d21ee194b46983a771ecce0e2930c49c19e1a07a8a65bed8b88,2024-07,Metropolitan Police Service,Metropolitan Police Service,-0.057154,51.631012,On or near Findon Road,E01001488,Enfield 024E,Burglary,Investigation complete; no suspect identified
b43c74d318953ab7fd0556837379551dc073bf38c766d04883c72e7dcbbe7fbb,2024-07,Metropolitan Police Service,Metropolitan Police Service,-0.057154,51.631012,On or near Findon Road,E01001488,Enfield 024E,Burglary,Investigation complete; no suspect identified
215b7b444d4c2a472f8c9e60fc958ca7d109e3a8388d02f72675347dbb1c07d5,2024-07,Metropolitan Police Service,Metropolitan Police Service,-0.042678,51.630286,On or near Linnet Close,E01001483,Enfield 025A,Burglary,Investigation complete; no suspect identified
cd418ad50717d60f8b92487b29c4730fa7b92002ebb1e72c9485776016221b62,2024-07,Metropolitan Police Service,Metropolitan Police Service,-0.041439,51.630536,On or near Chaffinch Close,E01001483,Enfield 025A,Burglary,Investigation complete; no suspect identified
5e324ddc1a047af553b3e22ac7b506edbe7135106cae059ff8aaea1d4f943a90,2024-07,Metropolitan Police Service,Metropolitan Police Service,-0.054634,51.626088,On or near Marsden Road,E01001485,Enfield 025B,Burglary,Awaiting court outcome
0ea1b1ed610f62896587fafe307ecd2697fbabc15316d85f120f2e205dd23fa1,2024-07,Metropolitan Police Service,Metropolitan Police Service,-0.053059,51.625756,On or near Harton Road,E01001485,Enfield 025B,Burglary,Investigation complete; no suspect identified
9bcc22756393b85d26c6f6ea2aa564c719ea317a550e6ddbdbc5c46d78b52670,2024-07,Metropolitan Police Service,Metropolitan Police Service,-0.054634,51.626088,On or near Marsden Road,E01001485,Enfield 025B,Burglary,Investigation complete; no suspect identified
5fb5f049ed8ffa70c4ed4b5c0787fbeeee11b706d38f597b48322a340fe97f62,2024-07,Metropolitan Police Service,Metropolitan Police Service,-0.053892,51.624178,On or near Nelson Road,E01001486,Enfield 025C,Burglary,Status update unavailable
aaa1ad10f90b2bfe36fdd03fde04e701138f1cd34240983886a68bb7b6940e70,2024-07,Metropolitan Police Service,Metropolitan Police Service,-0.046705,51.627026,On or near Nash Road,E01001492,Enfield 025E,Burglary,Investigation complete; no suspect identified
4e232684dc473949cb3b3192c7ee661879f18019d01b71c7303351c043627671,2024-07,Metropolitan Police Service,Metropolitan Police Service,-0.086253,51.631068,On or near Firs Park Gardens,E01001404,Enfield 026A,Burglary,Investigation complete; no suspect identified
b7c1105d445c0ca339ed621b01daaab46f73ecc02a20b64c3eb2a8c5031e40e7,2024-07,Metropolitan Police Service,Metropolitan Police Service,-0.099882,51.62477,On or near Greenwood Gardens,E01001493,Enfield 026B,Burglary,Investigation complete; no suspect identified
ff59511755468e5ad110cbbd2b4e06048da15f23b92bc87089ad78d6cd00c816,2024-07,Metropolitan Police Service,Metropolitan Police Service,-0.099655,51.618777,On or near Bayswater Close,E01001496,Enfield 026D,Burglary,Unable to prosecute suspect
44b8f01f567b1f8a4dff6dd60de5fe1d92a74195db13bcb67b7d851c873fc393,2024-07,Metropolitan Police Service,Metropolitan Police Service,-0.094661,51.620746,On or near Hedge Lane,E01001496,Enfield 026D,Burglary,Investigation complete; no suspect identified
66643cb29b09129303d0f40a2968c8afd008fc69731fbb4ad9f8368ad9955964,2024-07,Metropolitan Police Service,Metropolitan Police Service,-0.093844,51.63129,On or near Parking Area,E01001570,Enfield 026E,Burglary,Unable to prosecute suspect
cb5012de440ac905b06820b8267348cbaa794ba8f6106c4965eccd03393683d6,2024-07,Metropolitan Police Service,Metropolitan Police Service,-0.094308,51.629184,On or near Highfield Road,E01001570,Enfield 026E,Burglary,Investigation complete; no suspect identified
44ea58cc9cac70e0e776a1aa059e16d6306a3027c720e6f8f156128f5216aa7b,2024-07,Metropolitan Police Service,Metropolitan Police Service,-0.093844,51.63129,On or near Parking Area,E01001570,Enfield 026E,Burglary,Investigation complete; no suspect identified
61efd9d4c16b0b105b163a021a8d25780c0705e65b1522673758c9f470f43fe3,2024-07,Metropolitan Police Service,Metropolitan Police Service,-0.063804,51.62177,On or near Barbot Close,E01001428,Enfield 027C,Burglary,Investigation complete; no suspect identified
43e8d378f94989d1327a4edffafa3a3d04228c5fece2b62835049574447d69ab,2024-07,Metropolitan Police Service,Metropolitan Police Service,-0.071999,51.621348,On or near Briary Lane,E01001464,Enfield 027E,Burglary,Investigation complete; no suspect identified
33468b6b333ac570b4f31364791e07ca9ca903baf0ce59c1444a670d9e3b8998,2024-07,Metropolitan Police Service,Metropolitan Police Service,-0.130506,51.624875,On or near Sports/Recreation Area,E01001521,Enfield 028A,Burglary,Investigation complete; no suspect identified
769bc99a369a71ac2b586dad332b72ebf09ed9bcbceeaa0e3863f9b4a389d2d5,2024-07,Metropolitan Police Service,Metropolitan Police Service,-0.122883,51.624402,On or near Cannon Hill Mews,E01001532,Enfield 028C,Burglary,Investigation complete; no suspect identified
9b3047356475171276b143286b8e8f2f075b1838594713a12c09deddcc877440,2024-07,Metropolitan Police Service,Metropolitan Police Service,-0.122883,51.624402,On or near Cannon Hill Mews,E01001532,Enfield 028C,Burglary,Investigation complete; no suspect identified
9f78f9b8b2720e53a292565004abcc05f4c1e09ef9873328c5aec2d36bfd6822,2024-07,Metropolitan Police Service,Metropolitan Police Service,-0.122883,51.624402,On or near Cannon Hill Mews,E01001532,Enfield 028C,Burglary,Investigation complete; no suspect identified
f0a3e43adbb630af365688bd7960ba2b5df9921deffe20370a6ca04f688cfc39,2024-07,Metropolitan Police Service,Metropolitan Police Service,-0.130082,51.619365,On or near Morton Crescent,E01001533,Enfield 028D,Burglary,Unable to prosecute suspect
9f13598c3d8d5c0f5fb40c3fc7516aeb9fdc1a2af644cdda9104933b4b149499,2024-07,Metropolitan Police Service,Metropolitan Police Service,-0.12536,51.622131,On or near Langside Crescent,E01001533,Enfield 028D,Burglary,Investigation complete; no suspect identified
1a6477429f400baba38a9126d2ff71972959426d37beb53b920649119b9525c9,2024-07,Metropolitan Police Service,Metropolitan Police Service,-0.129436,51.619624,On or near Morton Way,E01001533,Enfield 028D,Burglary,Investigation complete; no suspect identified
3c9dd775d3f48e89be7eeee2c86a3c64a6e8d096548b520e84eaa213bd2bfb61,2024-07,Metropolitan Police Service,Metropolitan Police Service,-0.12536,51.622131,On or near Langside Crescent,E01001533,Enfield 028D,Burglary,Investigation complete; no suspect identified
1bb25b29857df289b02408bce9f7af168e75b3dd353cb3f4cdb102353172c9ef,2024-07,Metropolitan Police Service,Metropolitan Police Service,-0.106121,51.61997,On or near Springfield Parade Mews,E01001495,Enfield 029A,Burglary,Investigation complete; no suspect identified
364f0eace22acc1ed2d995de726b9e5ebea1bda42e2693a85cbfea73ebedea33,2024-07,Metropolitan Police Service,Metropolitan Police Service,-0.108018,51.618121,On or near Supermarket,E01001498,Enfield 029B,Burglary,Investigation complete; no suspect identified
3743b7c49c97fd1bd5b429118d4d51cac11707235fa7f0364aaba68b7ac6669a,2024-07,Metropolitan Police Service,Metropolitan Police Service,-0.108018,51.618121,On or near Supermarket,E01001498,Enfield 029B,Burglary,Investigation complete; no suspect identified
844f94fceaef41d6ba9bc332ccc22584e0bbb9a75c8f0c2ba0a8466e48ee466d,2024-07,Metropolitan Police Service,Metropolitan Police Service,-0.10859,51.617204,On or near Trade Close,E01001498,Enfield 029B,Burglary,Investigation complete; no suspect identified
be5e4fe3f93395237220dc6d13b2f43b2c21bfd106c1cd9a1b7f5bf3e91c163f,2024-07,Metropolitan Police Service,Metropolitan Police Service,-0.104539,51.625331,On or near Cinnamon Mews,E01001563,Enfield 029C,Burglary,Investigation complete; no suspect identified
271c67162422525cdb1fab152c89201b08b217e5f54e4f5e1733cffbd2cfecb0,2024-07,Metropolitan Police Service,Metropolitan Police Service,-0.105091,51.623181,On or near Cromie Close,E01001563,Enfield 029C,Burglary,Investigation complete; no suspect identified
d92b6e856cd1e2bd559c2bbfaea53483c84c1fe11b9c60e59bf4c9b3d5d6137c,2024-07,Metropolitan Police Service,Metropolitan Police Service,-0.106728,51.621355,On or near Pellipar Close,E01001565,Enfield 029D,Burglary,Investigation complete; no suspect identified
98c533b6a30602607af21a4e20661afcf5d8fb4ad60e54483584b70054e3ceb2,2024-07,Metropolitan Police Service,Metropolitan Police Service,-0.057518,51.62012,On or near Brookfield Road,E01001426,Enfield 030B,Burglary,Investigation complete; no suspect identified
9f7d1c5e977c43a67aa8991bfb4990aff0b1222b02dc64eabbac763b28088764,2024-07,Metropolitan Police Service,Metropolitan Police Service,-0.051914,51.618741,On or near Jeremy'S Green,E01001426,Enfield 030B,Burglary,Investigation complete; no suspect identified
9e8d779ab7f2b50e132ddfd6b0a446fc1ca0c80da0a63ee2936d1a8a69aec6c1,2024-07,Metropolitan Police Service,Metropolitan Police Service,-0.057518,51.62012,On or near Brookfield Road,E01001426,Enfield 030B,Burglary,Investigation complete; no suspect identified
d22e3e63a6f0d37dab557af0c0752e845b03f561d585d6f012042b3ec9c90136,2024-07,Metropolitan Police Service,Metropolitan Police Service,-0.050679,51.617237,On or near Daniel Close,E01001427,Enfield 030C,Burglary,Investigation complete; no suspect identified
85eb9099eff12ecffd57e46ce740bac4f01c37cc023ab1bb1a822735da36e2ea,2024-07,Metropolitan Police Service,Metropolitan Police Service,-0.059078,51.625541,On or near The Green,E01001429,Enfield 030D,Burglary,Investigation complete; no suspect identified
f949ebf89ed49d7fb685a112a3e5bb3178980606ad59852470c7c403f4a76e51,2024-07,Metropolitan Police Service,Metropolitan Police Service,-0.080068,51.62424,On or near Perry Gardens,E01001463,Enfield 031A,Burglary,Investigation complete; no suspect identified
ba29a6af15864c3e8a22ec60784630ff14efd6ef6fa8199d986704a986298c47,2024-07,Metropolitan Police Service,Metropolitan Police Service,-0.091108,51.616957,On or near Ashley Gardens,E01001499,Enfield 031F,Burglary,Investigation complete; no suspect identified
d8bb22db469ee2caca59cf5f893c55923afdb00fe468e5100ea2cea1afcd87b7,2024-07,Metropolitan Police Service,Metropolitan Police Service,-0.098405,51.617579,On or near Doveridge Gardens,E01001499,Enfield 031F,Burglary,Investigation complete; no suspect identified
6b93cbe470d22dce9fe590cf12bf15396b6899badd99f9e9a8883e84d319e19c,2024-07,Metropolitan Police Service,Metropolitan Police Service,-0.087148,51.616991,On or near Cheapside,E01001499,Enfield 031F,Burglary,Investigation complete; no suspect identified
51ea7fe2e787050ccf5608b25622e6c54959b0ea5a4191c6cf45fb0dbf552ec0,2024-07,Metropolitan Police Service,Metropolitan Police Service,-0.126868,51.610069,On or near Maidstone Road,E01001392,Enfield 032A,Burglary,Investigation complete; no suspect identified
1e7240bbb973f9d570df83ee2aa528e34243b8dea2617972502f9ec9edb4d063,2024-07,Metropolitan Police Service,Metropolitan Police Service,-0.139039,51.613005,On or near Weld Place,E01001528,Enfield 032B,Burglary,Investigation complete; no suspect identified
de7d31b00ddd9c7b42ad3c06cddc8c56667920db20a0a7aa2287deb43b083f5f,2024-07,Metropolitan Police Service,Metropolitan Police Service,-0.137818,51.615315,On or near The Limes Avenue,E01001529,Enfield 032C,Burglary,Unable to prosecute suspect
8072d8983967490030052acb97bd8457aac6073fede73869947070ccb365f962,2024-07,Metropolitan Police Service,Metropolitan Police Service,-0.137208,51.616789,On or near Haden Lane,E01001529,Enfield 032C,Burglary,Investigation complete; no suspect identified
104c3b197c9531e3e0a7ec59a00b0568221fe9c0ce90afd8ddeb30d2bd9c9257,2024-07,Metropolitan Police Service,Metropolitan Police Service,-0.131599,51.616898,On or near Arnos Road,E01001534,Enfield 032E,Burglary,Investigation complete; no suspect identified
5882eb71af4c25eb924cbfccdab885b23dda7c6159bf953f602c90e84819f0fd,2024-07,Metropolitan Police Service,Metropolitan Police Service,-0.05597,51.618493,On or near Brookside Road,E01001431,Enfield 033A,Burglary,Investigation complete; no suspect identified
f3d7e8bf73fdebeb40ecd8c3a5abf3a1d7bccc21124e1fdbae3e630088b73618,2024-07,Metropolitan Police Service,Metropolitan Police Service,-0.055113,51.618605,On or near Grilse Close,E01001431,Enfield 033A,Burglary,Investigation complete; no suspect identified
8eeeb9ede2b0a3cb82bc5c8a39e65258892cbbf793a87156ba4fc660fff2b210,2024-07,Metropolitan Police Service,Metropolitan Police Service,-0.05262,51.617431,On or near Swaythling Close,E01001431,Enfield 033A,Burglary,Unable to prosecute suspect
7d83150814fe8f84469d0c26dc7d499006eac0aa3f7069cc8f685edf4c7a7b18,2024-07,Metropolitan Police Service,Metropolitan Police Service,-0.06414,51.616263,On or near Fore Street,E01001432,Enfield 033B,Burglary,Investigation complete; no suspect identified
d0a67ed3cf81b6855dcb43eb92c27ebdfd5413b2e7dde14af17c663be1d1a8da,2024-07,Metropolitan Police Service,Metropolitan Police Service,-0.06414,51.616263,On or near Fore Street,E01001432,Enfield 033B,Burglary,Investigation complete; no suspect identified
a27777aa303d9d8d8e9a3bfd0486848d7d7dd08581cc1ce9e28d36b9ed957cb6,2024-07,Metropolitan Police Service,Metropolitan Police Service,-0.059019,51.60965,On or near Leyburn Road,E01001557,Enfield 033D,Burglary,Investigation complete; no suspect identified
6583318df2d4697ce993c2791944a0b0cf8e1aba30fdc246e4d69a7e5b88a2ba,2024-07,Metropolitan Police Service,Metropolitan Police Service,-0.058235,51.610761,On or near Thornaby Gardens,E01001557,Enfield 033D,Burglary,Investigation complete; no suspect identified
0861fe8fb850061844694b196b45d9823716ac8cc35123516ed00d6860705416,2024-07,Metropolitan Police Service,Metropolitan Police Service,-0.09867,51.615389,On or near North Circular Road,E01001397,Enfield 035C,Burglary,Investigation complete; no suspect identified
3daea9899bbe81d3c3c57b4b1abdad9d3d15a0b442b48a263aef258aef070d16,2024-07,Metropolitan Police Service,Metropolitan Police Service,-0.087174,51.615706,On or near Ostliffe Road,E01001397,Enfield 035C,Burglary,Investigation complete; no suspect identified
c12be80eca61c9c68f0516dcb4b7cd4997b73248ea328b65847bb9fedc0eaa45,2024-07,Metropolitan Police Service,Metropolitan Police Service,-0.084882,51.614212,On or near Pentyre Avenue,E01001560,Enfield 035F,Burglary,Investigation complete; no suspect identified
35b08f80f1ba2a1e6e8408bf245747f5eb58a2da17c36edda8fb3f218cf23011,2024-07,Metropolitan Police Service,Metropolitan Police Service,-0.082224,51.609753,On or near Weir Hall Avenue,E01001560,Enfield 035F,Burglary,Investigation complete; no suspect identified
fed38545e71acd9bd102171c991098687730b1301e17337d3be9ebee6c8c92a1,2024-07,Metropolitan Police Service,Metropolitan Police Service,-0.122653,51.613167,On or near Natal Road,E01001390,Enfield 036A,Burglary,Investigation complete; no suspect identified
11cc8f559ebd000cc2fd71cd319e935a8ae561f6546933b81ca8c4d6efb8589b,2024-07,Metropolitan Police Service,Metropolitan Police Service,-0.110491,51.617693,On or near Supermarket,E01001501,Enfield 036E,Burglary,Investigation complete; no suspect identified
be11c44521230b1b0acd4a10cc79f80057daa472714c613527d8598789c8231d,2024-07,Metropolitan Police Service,Metropolitan Police Service,-0.110767,51.616268,On or near Bridge Drive,E01001501,Enfield 036E,Burglary,Investigation complete; no suspect identified
00d545e1496d3c8cc3b1d969f2f5e21855c4ee0d3dd76b36df05f8eef5ebbe26,2024-07,Metropolitan Police Service,Metropolitan Police Service,-0.114329,51.616766,On or near Broomfield Lane,E01001501,Enfield 036E,Burglary,Investigation complete; no suspect identified
4b3d61ed6ce78201a0ed3d10b943765db4bf3d8ae887d60efcbe093fd4b10e16,2024-07,Metropolitan Police Service,Metropolitan Police Service,-0.109485,51.61444,On or near Petrol Station,E01001501,Enfield 036E,Burglary,Investigation complete; no suspect identified
d4ff1c056d027ddb17138de7789b9a253db5ca86ec6fbe67d275048876414c61,2024-07,Metropolitan Police Service,Metropolitan Police Service,-0.114619,51.619513,On or near Alderman'S Hill,E01001527,Enfield 036F,Burglary,Investigation complete; no suspect identified
39498f123438bebfc623f1c2f44a6555b6bea35ab853f95e30b9a5f49b195901,2024-07,Metropolitan Police Service,Metropolitan Police Service,-0.117769,51.613575,On or near Westminster Drive,E01001527,Enfield 036F,Burglary,Investigation complete; no suspect identified
90c0f0c0e834515cf5b1ce076343711fb1481815b4c536457d85e191d89b7eb0,2024-07,Metropolitan Police Service,Metropolitan Police Service,-0.072836,51.617962,On or near Warwick Road,E01001458,Enfield 037A,Burglary,Investigation complete; no suspect identified
df06be9d7dcd026368aef23510875c92274319221c26285bbf06cdfeda099a58,2024-07,Metropolitan Police Service,Metropolitan Police Service,-0.079551,51.616283,On or near Strand Place,E01001458,Enfield 037A,Burglary,Investigation complete; no suspect identified
841cba7f5904f96ae0c504218c268e7973026fc664e54bba502bf63509880270,2024-07,Metropolitan Police Service,Metropolitan Police Service,-0.242833,51.366405,On or near Richlands Avenue,E01030408,Epsom and Ewell 003E,Burglary,Investigation complete; no suspect identified
dd8c1df66fef8a0ba2b3b1529d7edbb7addc2807dbf4cc45d73d22aee0dfba16,2024-07,Metropolitan Police Service,Metropolitan Police Service,0.114961,51.504891,On or near Booth Close,E01001692,Greenwich 001B,Burglary,Investigation complete; no suspect identified
adf4d150615eea288ef7a0d407c876f9bd72003454b0efac0580254c80743112,2024-07,Metropolitan Police Service,Metropolitan Police Service,0.110648,51.503242,On or near Waterfield Close,E01001694,Greenwich 001D,Burglary,Investigation complete; no suspect identified
dfc8932267c4e24d75dd8d9feb2d163cde0e584713c12dbb5e9cbb9655646038,2024-07,Metropolitan Police Service,Metropolitan Police Service,0.109444,51.501492,On or near Campion Place,E01001694,Greenwich 001D,Burglary,Investigation complete; no suspect identified
73f22499a7bc296acfacffc148cb89917685e378ebb6789617d6464df67ca42a,2024-07,Metropolitan Police Service,Metropolitan Police Service,0.085813,51.497068,On or near Nuthatch Gardens,E01001687,Greenwich 002A,Burglary,Investigation complete; no suspect identified
61976be91e1e28ee0941c9b00db3b88af298463964ff97aee1496414e4961a25,2024-07,Metropolitan Police Service,Metropolitan Police Service,0.113121,51.508728,On or near Swift Close,E01001688,Greenwich 002B,Burglary,Unable to prosecute suspect
e51e1444e474aa1e8b8442ea672924ae7a20660538c864c1b09ccf1591e47d69,2024-07,Metropolitan Police Service,Metropolitan Police Service,0.094062,51.501642,On or near Teasel Crescent,E01033741,Greenwich 002G,Burglary,Investigation complete; no suspect identified
02c22db5861eef457c05ce2a990bde7d0f0b0dfd0700965dea7d3d0b382aa2e9,2024-07,Metropolitan Police Service,Metropolitan Police Service,0.10738,51.504848,On or near Waldstock Road,E01033745,Greenwich 002I,Burglary,Investigation complete; no suspect identified
8de2f87bc46406d1f444bf55357212f01fca7ddc6a87cd15d176d6e2d6aba789,2024-07,Metropolitan Police Service,Metropolitan Police Service,0.118631,51.495991,On or near Supermarket,E01001575,Greenwich 003A,Burglary,Awaiting court outcome
86106ecc05fdc3595e4c48769304a179a8d2cd0a2f70bb620e34f56ea5a40096,2024-07,Metropolitan Police Service,Metropolitan Police Service,0.112553,51.494251,On or near Eynsham Drive,E01001576,Greenwich 003B,Burglary,Investigation complete; no suspect identified
e98355804bab99aee6baa350fb865dc427527bf75270dc54e6c03f8c9929b25a,2024-07,Metropolitan Police Service,Metropolitan Police Service,0.108207,51.493736,On or near Finchale Road,E01001576,Greenwich 003B,Burglary,Investigation complete; no suspect identified
3b88abb5373d08447e194cb528685c1b7deb130e24ad0eb55dbb131207c88690,2024-07,Metropolitan Police Service,Metropolitan Police Service,0.112499,51.493101,On or near Chalcombe Road,E01001577,Greenwich 003C,Burglary,Status update unavailable
19c390f9736832072a37f9c457ae909663bc60a2a0fbe276f785e26c1dd866bd,2024-07,Metropolitan Police Service,Metropolitan Police Service,0.121337,51.490459,On or near Wilton Road,E01001578,Greenwich 003D,Burglary,Investigation complete; no suspect identified
9e17ff6f2f00a8f27a3e0b7aa20f95eab39880fd80d0453997a027589cf59daf,2024-07,Metropolitan Police Service,Metropolitan Police Service,0.096618,51.488584,On or near Brookdene Road,E01001674,Greenwich 006C,Burglary,Investigation complete; no suspect identified
70c3e126f1507d0564ce802d05d6ccb10599e118b9a6e57ed02a4fd72dd55d2c,2024-07,Metropolitan Police Service,Metropolitan Police Service,0.083266,51.483858,On or near Gossage Road,E01001636,Greenwich 007E,Burglary,Unable to prosecute suspect
be9f39b6334fa600e2f590e51a0a71fec44e28d8b7591e3da81c3667bd088bb6,2024-07,Metropolitan Police Service,Metropolitan Police Service,0.083266,51.483858,On or near Gossage Road,E01001636,Greenwich 007E,Burglary,Investigation complete; no suspect identified
40cabe7ad42f502bdfd96f240a33c3657ba7346ac4d46aaa3f66ea4e95deb2b8,2024-07,Metropolitan Police Service,Metropolitan Police Service,0.083266,51.483858,On or near Gossage Road,E01001636,Greenwich 007E,Burglary,Investigation complete; no suspect identified
522a3f4654a6e2ac24b16d9c3b155efe4620987bfb5713f114cd23177f609653,2024-07,Metropolitan Police Service,Metropolitan Police Service,0.114412,51.487743,On or near Mcleod Road,E01001572,Greenwich 008B,Burglary,Investigation complete; no suspect identified
b03c33d208e41f0dc80698928a2ebfbc76485d235da7869fb26a8ea3a3e9181e,2024-07,Metropolitan Police Service,Metropolitan Police Service,0.074341,51.485886,On or near St James'S Close,E01001633,Greenwich 009B,Burglary,Investigation complete; no suspect identified
27aa1697696a9320dd78e452e90d33af0ceacf6dde9b50afe5402f13d867168c,2024-07,Metropolitan Police Service,Metropolitan Police Service,0.081648,51.484714,On or near Waverley Road,E01001637,Greenwich 009D,Burglary,Investigation complete; no suspect identified
befa8ebf067e032da778d97ef095f3b244f8cb814a283aab19f16e80eae20bfa,2024-07,Metropolitan Police Service,Metropolitan Police Service,0.067066,51.485538,On or near Brookhill Road,E01001696,Greenwich 011B,Burglary,Investigation complete; no suspect identified
00659db4ab8868b9d4412a1b9a234dd0645a62c86464460d88038804dfdad093,2024-07,Metropolitan Police Service,Metropolitan Police Service,0.066995,51.486511,On or near Moy Lane,E01001696,Greenwich 011B,Burglary,Unable to prosecute suspect
889a9bdd36e5caf1861a93735c94faf0b36666b423c5c9accc5bef86d3486762,2024-07,Metropolitan Police Service,Metropolitan Police Service,0.069996,51.486952,On or near Conduit Road,E01001697,Greenwich 011C,Burglary,Unable to prosecute suspect
5a519e0650ffe5a48eb1a64cfd75662c2791891500d353922aa57eafff793492,2024-07,Metropolitan Police Service,Metropolitan Police Service,0.077704,51.479388,On or near Palmerston Crescent,E01001704,Greenwich 011F,Burglary,Investigation complete; no suspect identified
d095914403fdb8cf6b1bd9ff7135515a2183970b307a362cc9d537b6b75b386c,2024-07,Metropolitan Police Service,Metropolitan Police Service,0.037309,51.482327,On or near Fletching Road,E01001591,Greenwich 012C,Burglary,Investigation complete; no suspect identified
96a23e8af59f6f61a3d6829cebf82c0f2069397ce9292bdaac3465e3ff7c3ab7,2024-07,Metropolitan Police Service,Metropolitan Police Service,0.0322,51.482083,On or near Wellington Mews,E01001591,Greenwich 012C,Burglary,Investigation complete; no suspect identified
6a9d29d80c783d9ef0817b9cacd07aa29afef1a9da4238bd0c2f9ef5f6e91ba5,2024-07,Metropolitan Police Service,Metropolitan Police Service,0.033401,51.48449,On or near Charlton Church Lane,E01001590,Greenwich 014A,Burglary,Investigation complete; no suspect identified
15aa0219d64dd468814ac48f807acf0987caf54586f289b384eecbb8b7bb448c,2024-07,Metropolitan Police Service,Metropolitan Police Service,0.062486,51.483002,On or near Caldwell Close,E01001699,Greenwich 015B,Burglary,Investigation complete; no suspect identified
be876f342b96422c1c315f2c4cb0da25dd9a0ac4fbdcb6f3522764ad8811a54d,2024-07,Metropolitan Police Service,Metropolitan Police Service,0.094266,51.474336,On or near Edison Grove,E01001678,Greenwich 017A,Burglary,Investigation complete; no suspect identified
c78cff0c7c325d208710e059d64062e46102475c0d5d927a95dc8f357b54c56e,2024-07,Metropolitan Police Service,Metropolitan Police Service,0.082235,51.479568,On or near Macoma Road,E01001683,Greenwich 017B,Burglary,Investigation complete; no suspect identified
50aef37365c02c47bef9d4cb9a400e186d4b68478f95a6f14150da5c119e3304,2024-07,Metropolitan Police Service,Metropolitan Police Service,0.087141,51.478825,On or near Mountbatten Close,E01001683,Greenwich 017B,Burglary,Investigation complete; no suspect identified
cc888f185c96df9da67e20382e12909301bef1f28d0cd9e886f4ba5d3b759c3b,2024-07,Metropolitan Police Service,Metropolitan Police Service,0.090557,51.478269,On or near Kirkham Street,E01001685,Greenwich 017D,Burglary,Investigation complete; no suspect identified
ab123047683e692c334f31da6b850412ea85666a49ec25b37e5d530f4665fad3,2024-07,Metropolitan Police Service,Metropolitan Police Service,0.049046,51.471709,On or near Elizabeth Fry Place,E01001646,Greenwich 019A,Burglary,Investigation complete; no suspect identified
a9de2e2a051aefc78410ecb9d4770c2cae9e1d0fe2edfce46e6dc085c180bb0a,2024-07,Metropolitan Police Service,Metropolitan Police Service,0.077298,51.478046,On or near Hinstock Road,E01001681,Greenwich 020C,Burglary,Investigation complete; no suspect identified
39f76d205e23c6864bd08741094381d4a861a0260537d578888541d9aa726354,2024-07,Metropolitan Police Service,Metropolitan Police Service,0.06113,51.471119,On or near Barrington Villas,E01001682,Greenwich 020D,Burglary,Investigation complete; no suspect identified
10a988b7b7463b87160e431b2ff1bffcfa87815754417efc8fd5c954c6502a77,2024-07,Metropolitan Police Service,Metropolitan Police Service,0.064632,51.469907,On or near Hillend,E01001682,Greenwich 020D,Burglary,Investigation complete; no suspect identified
7d45733e684d1234981b66d60ee5852f82adae0972638edc227e7b012480a542,2024-07,Metropolitan Police Service,Metropolitan Police Service,0.016731,51.467719,On or near Morden Road Mews,E01001584,Greenwich 021D,Burglary,Investigation complete; no suspect identified
6c23b3a09cef4d1c8efd6d11c86313df84e3465def94c9cace88158749e784be,2024-07,Metropolitan Police Service,Metropolitan Police Service,0.014548,51.469132,On or near The Paragon,E01001584,Greenwich 021D,Burglary,Investigation complete; no suspect identified
74dde1aa1ca18317cb74af8e5b3282ad30166009d234339e2fe91e1d3337c25b,2024-07,Metropolitan Police Service,Metropolitan Police Service,0.047811,51.463727,On or near Ross Way,E01001624,Greenwich 025D,Burglary,Investigation complete; no suspect identified
1c41bd9314762661e5240bd1cc694d15236b9779834670367a3db2c2ffd46a90,2024-07,Metropolitan Police Service,Metropolitan Police Service,0.048599,51.462373,On or near Downman Road,E01001624,Greenwich 025D,Burglary,Investigation complete; no suspect identified
322e3daa575543aa954a1729793ac276390e401a9610909db6b47ab390b62845,2024-07,Metropolitan Police Service,Metropolitan Police Service,0.044675,51.46219,On or near Appleton Road,E01001624,Greenwich 025D,Burglary,Status update unavailable
471e729d7740e97665f09fa0ff59a856000857d71d09a0efb773406265119f8c,2024-07,Metropolitan Police Service,Metropolitan Police Service,0.05279,51.454377,On or near Strongbow Crescent,E01001604,Greenwich 027A,Burglary,Unable to prosecute suspect
9f59e7a004410e7453561be364fe3e80debd9fe5018f6f07442c274d70d20532,2024-07,Metropolitan Police Service,Metropolitan Police Service,0.05445,51.450958,On or near Merlewood Place,E01001609,Greenwich 027D,Burglary,Awaiting court outcome
74e7431228fb022b514f075b740d9a7589d9c677b649f69577cbbe6ad674340f,2024-07,Metropolitan Police Service,Metropolitan Police Service,0.062358,51.446637,On or near Halons Road,E01001613,Greenwich 028A,Burglary,Investigation complete; no suspect identified
a3e0d25cc25f492fe33d7ea30eaa0093879460db388448088c73f05188863894,2024-07,Metropolitan Police Service,Metropolitan Police Service,0.057468,51.449907,On or near Supermarket,E01001615,Greenwich 028C,Burglary,Unable to prosecute suspect
dbeddce120eb374a7bdccf45f4182fd68418092e6ec4fd042b59bb6cd434c41f,2024-07,Metropolitan Police Service,Metropolitan Police Service,0.050206,51.450719,On or near Theatre/Concert Hall,E01001615,Greenwich 028C,Burglary,Investigation complete; no suspect identified
f7dc05c9c66f2ee65a8d90970631df3754d58de68c6f8579126ce34d6d232e01,2024-07,Metropolitan Police Service,Metropolitan Police Service,0.050206,51.450719,On or near Theatre/Concert Hall,E01001615,Greenwich 028C,Burglary,Investigation complete; no suspect identified
e969b4c65502fbd5d1c650a10393770f45cdab7b976cfc3ec29fe6e3230f6dac,2024-07,Metropolitan Police Service,Metropolitan Police Service,0.078582,51.438185,On or near Oakley Drive,E01001618,Greenwich 030C,Burglary,Unable to prosecute suspect
2a594d5b0ab69f22bcc3a9ee35a0a64706c2e2beb2b467b40a05e63fe24e23bb,2024-07,Metropolitan Police Service,Metropolitan Police Service,0.063351,51.433859,On or near Brooks Close,E01001599,Greenwich 032B,Burglary,Unable to prosecute suspect
3a0a09c47dc39adf6f15091c719c1a9e54cc411415bb6666d37acbdc9f99b907,2024-07,Metropolitan Police Service,Metropolitan Police Service,0.068479,51.437147,On or near Sports/Recreation Area,E01001600,Greenwich 032C,Burglary,Investigation complete; no suspect identified
c18d844518a254d3f4fa5c3bf0725d8b3e24ed1af3f3980c5b5153b8f29a62b0,2024-07,Metropolitan Police Service,Metropolitan Police Service,0.102605,51.486588,On or near Camrose Street,E01001676,Greenwich 033C,Burglary,Investigation complete; no suspect identified
208b1af5b05c2ca0dcc031a5594ce66e7c731ef12237a116309f2809aaa83163,2024-07,Metropolitan Police Service,Metropolitan Police Service,0.103746,51.484454,On or near Gatling Road,E01001676,Greenwich 033C,Burglary,Unable to prosecute suspect
fb9527463b6261ce2f84198ba2be6dcfdea3beea8bf3d31ebcfc92b4798c3c5a,2024-07,Metropolitan Police Service,Metropolitan Police Service,0.104762,51.485884,On or near Myrtledene Road,E01001676,Greenwich 033C,Burglary,Unable to prosecute suspect
a4d96057981854278eec57b240c0a6dddace953cf10e960ce40812744a272e8b,2024-07,Metropolitan Police Service,Metropolitan Police Service,0.023307,51.454926,On or near Fairby Road,E01001658,Greenwich 034C,Burglary,Investigation complete; no suspect identified
8e7cb6b972a93bed3b4992fd0e057fbe5946588df519f856c19dc9c651e6be9a,2024-07,Metropolitan Police Service,Metropolitan Police Service,0.020867,51.457036,On or near Lyme Farm Road,E01001658,Greenwich 034C,Burglary,Investigation complete; no suspect identified
ab43ee872fb7a765ef5000e69c5ccbf865b91a6bf5236f8fdbf40d738a4cd717,2024-07,Metropolitan Police Service,Metropolitan Police Service,0.026933,51.462057,On or near Parking Area,E01034175,Greenwich 034G,Burglary,Investigation complete; no suspect identified
25880ddfdd7887f0c5833b2a32fdaaffaaca256e5e7e5677b528cce9a1826c15,2024-07,Metropolitan Police Service,Metropolitan Police Service,0.026933,51.462057,On or near Parking Area,E01034175,Greenwich 034G,Burglary,Investigation complete; no suspect identified
6aeb28b2cd50a48ffff0ed44e2020ead7af6e72ae31b9908c821c8e46bea11ef,2024-07,Metropolitan Police Service,Metropolitan Police Service,0.026933,51.462057,On or near Parking Area,E01034175,Greenwich 034G,Burglary,Investigation complete; no suspect identified
0c88a68217d45d24915f0490d87a3686709d445509a3346f5e9751696c9e6c75,2024-07,Metropolitan Police Service,Metropolitan Police Service,0.028898,51.460576,On or near Elford Close,E01034175,Greenwich 034G,Burglary,Investigation complete; no suspect identified
bdf3211fe525a284211959f6c74efebe005f6a383270bbc5277fb2cbf352d343,2024-07,Metropolitan Police Service,Metropolitan Police Service,0.032705,51.457164,On or near Meadowside,E01034177,Greenwich 034I,Burglary,Investigation complete; no suspect identified
4a35b2459e5371b3d6afd478559f53509d98ba5d0b0f89de0c178ba625592837,2024-07,Metropolitan Police Service,Metropolitan Police Service,0.031429,51.458248,On or near Kimbell Place,E01034177,Greenwich 034I,Burglary,Investigation complete; no suspect identified
e4eeaee2e8351f670654c95e164c44fe79cc5975e08b2c6662671fcf08ca593b,2024-07,Metropolitan Police Service,Metropolitan Police Service,-0.018656,51.481739,On or near Clarence Road,E01033728,Greenwich 035C,Burglary,Investigation complete; no suspect identified
87db116173658a9271127204cb1f3b920a281439885844332e6ed6367a6d74fb,2024-07,Metropolitan Police Service,Metropolitan Police Service,-0.014927,51.480723,On or near Thornham Street,E01034180,Greenwich 035G,Burglary,Unable to prosecute suspect
b84f506ec36ea6e6f0a0945c0d840f6d8b282e474d4af98eb017f3373420b2df,2024-07,Metropolitan Police Service,Metropolitan Police Service,-0.015142,51.480088,On or near Claremont Street,E01034180,Greenwich 035G,Burglary,Unable to prosecute suspect
74f97460bd032fbc0ea73f9dd566a84d4c300234c70a01fa0d53d03fc80682ea,2024-07,Metropolitan Police Service,Metropolitan Police Service,-0.019263,51.47603,On or near Merryweather Place,E01034182,Greenwich 035I,Burglary,Investigation complete; no suspect identified
23298578eca5f62027551454225852384269b61669f56018c6a77365bd661436,2024-07,Metropolitan Police Service,Metropolitan Police Service,-0.019263,51.47603,On or near Merryweather Place,E01034182,Greenwich 035I,Burglary,Investigation complete; no suspect identified
66749b221f366fdc4e98d8b2d0d240c770be2967cdc5e82da32fb9f3f2e944ab,2024-07,Metropolitan Police Service,Metropolitan Police Service,0.004076,51.483817,On or near Tuskar Street,E01001664,Greenwich 037B,Burglary,Investigation complete; no suspect identified
8c9be73173283897f50d9485895b71e16d6d1893316405f267cd5d87f3559038,2024-07,Metropolitan Police Service,Metropolitan Police Service,0.018095,51.485231,On or near Westerdale Road,E01033738,Greenwich 037D,Burglary,Investigation complete; no suspect identified
6d260dddec38815b9409fee9b9ca4ab551b27a11528833e8ac3ee388f0d1b99b,2024-07,Metropolitan Police Service,Metropolitan Police Service,0.021472,51.488977,On or near Peninsular Park Road,E01033738,Greenwich 037D,Burglary,Investigation complete; no suspect identified
38212d13935d5d58a278d55c42c9a521aec35e41d50896dae70e6ed26ee5aec0,2024-07,Metropolitan Police Service,Metropolitan Police Service,0.005237,51.488294,On or near Bellot Street,E01034183,Greenwich 037E,Burglary,Investigation complete; no suspect identified
9d31bdd1fe1c5fb128c6be3f9ed48acbd4f0b5ed026908686bb8a3f707190641,2024-07,Metropolitan Police Service,Metropolitan Police Service,-0.01615,51.470123,On or near Nectarine Way,E01001638,Greenwich 038A,Burglary,Investigation complete; no suspect identified
97376ed6db08cb71d3ef53243081a20f7818fcc72a5cd35d2eba563face60bd2,2024-07,Metropolitan Police Service,Metropolitan Police Service,-0.008658,51.481147,On or near Shopping Area,E01001641,Greenwich 038B,Burglary,Investigation complete; no suspect identified
e4837e8a70cd914409196039b280c97d7184f1ae84fb9d07f95206636b2b6d42,2024-07,Metropolitan Police Service,Metropolitan Police Service,-0.009289,51.480223,On or near Evelyn Street,E01001641,Greenwich 038B,Burglary,Investigation complete; no suspect identified
aa7b6c25b682377cd7a57f19c6a3e39fbc6bf2f67d8fd2a74b6333ecc3caaf39,2024-07,Metropolitan Police Service,Metropolitan Police Service,-0.0104,51.472562,On or near Blackheath Hill,E01001642,Greenwich 038C,Burglary,Investigation complete; no suspect identified
6f7c1f1d5db33c7706c01e173acc13cdae1ed1b628df77fe509b1774ec229929,2024-07,Metropolitan Police Service,Metropolitan Police Service,-0.022498,51.474161,On or near Deptford Bridge,E01001644,Greenwich 038D,Burglary,Investigation complete; no suspect identified
d2115382979fe67a263c2633615b45f8782c22a4d85379443cc2053cf5ffd5d1,2024-07,Metropolitan Police Service,Metropolitan Police Service,-0.016145,51.47489,On or near Devonshire Drive,E01001644,Greenwich 038D,Burglary,Investigation complete; no suspect identified
99eb6c3caf01f1e150ef64c406a88d77689ca3eb1a85de2c04ce632068fbdb53,2024-07,Metropolitan Police Service,Metropolitan Police Service,-0.022498,51.474161,On or near Deptford Bridge,E01001644,Greenwich 038D,Burglary,Investigation complete; no suspect identified
d178d34dee2e6862a0ade9c9ccecc22c2ac6d3d44127cc928fd2919a0d2fd2f9,2024-07,Metropolitan Police Service,Metropolitan Police Service,-0.022498,51.474161,On or near Deptford Bridge,E01001644,Greenwich 038D,Burglary,Unable to prosecute suspect
44dfc234928df7680cf0a8584c5d0b0d23645c77c03c7c1001c58b13de2cd044,2024-07,Metropolitan Police Service,Metropolitan Police Service,-0.022498,51.474161,On or near Deptford Bridge,E01001644,Greenwich 038D,Burglary,Investigation complete; no suspect identified
b3b9ab2c28a7928a0b543be52643bb77d0e748e443ccd05250c253015dec364e,2024-07,Metropolitan Police Service,Metropolitan Police Service,0.072278,51.493117,On or near Duke Of Wellington Avenue,E01034187,Greenwich 039D,Burglary,Investigation complete; no suspect identified
3bf4e12bbd375ce70a63abacab5a41a0b1cbdedc787e772b48b4deab82afae5d,2024-07,Metropolitan Police Service,Metropolitan Police Service,0.071032,51.491377,On or near Beresford Street,E01034187,Greenwich 039D,Burglary,Investigation complete; no suspect identified
c2e8a42c4ca6d97efa522b6d4be01015e792343c1f4d42cf62ed33365f17726c,2024-07,Metropolitan Police Service,Metropolitan Police Service,0.072278,51.493117,On or near Duke Of Wellington Avenue,E01034187,Greenwich 039D,Burglary,Investigation complete; no suspect identified
ead625567f9bdad06a631584e6dfc5d9445021ca48f03fc3b58090801165c319,2024-07,Metropolitan Police Service,Metropolitan Police Service,0.011352,51.497299,On or near Pilot Walk,E01034188,Greenwich 040A,Burglary,Investigation complete; no suspect identified
20c0eb1f08ee753f3d097e3d3f2b775835050b2c2fd96857ea89596c4590648a,2024-07,Metropolitan Police Service,Metropolitan Police Service,0.009089,51.495323,On or near Neal Street,E01034188,Greenwich 040A,Burglary,Unable to prosecute suspect
018650439ccaf6a4185bfdd30eb4316822c9eb9e0cead50917af12477d347a5b,2024-07,Metropolitan Police Service,Metropolitan Police Service,0.015097,51.489438,On or near Commercial Way,E01034188,Greenwich 040A,Burglary,Investigation complete; no suspect identified
b5c94d3f4934bff3ef3a2a08696738239197e3efc6e5001b83bff3c4c57571b9,2024-07,Metropolitan Police Service,Metropolitan Police Service,0.01211,51.494884,On or near John Harrison Way,E01034188,Greenwich 040A,Burglary,Investigation complete; no suspect identified
b43762d092bab0d1d93f81d7799b9496471f249bfa9ffa4ae6e2e952ddc9b8a5,2024-07,Metropolitan Police Service,Metropolitan Police Service,0.015097,51.489438,On or near Commercial Way,E01034188,Greenwich 040A,Burglary,Investigation complete; no suspect identified
6c9a040b18aee49fc7ba12229c173b867c2061c5380bcafd514d082cc1b8405b,2024-07,Metropolitan Police Service,Metropolitan Police Service,0.015097,51.489438,On or near Commercial Way,E01034188,Greenwich 040A,Burglary,Investigation complete; no suspect identified
6f8db53ec1fbbd4a3fde91ab8960f52c34a1e70c09294c2d4d582a9cffc11ba8,2024-07,Metropolitan Police Service,Metropolitan Police Service,-0.003915,51.484493,On or near Further/Higher Educational Building,E01034192,Greenwich 040E,Burglary,Investigation complete; no suspect identified
873b2efbd41f7800f7a402fb26b5daec8678ca7ac87c8b6871d49d25be2c102d,2024-07,Metropolitan Police Service,Metropolitan Police Service,0.001315,51.485582,On or near Gibson Street,E01034192,Greenwich 040E,Burglary,Investigation complete; no suspect identified
76ae0870448f654cd6b281c37bec1045d6f28c9a4c0be7423c62a37a10876f82,2024-07,Metropolitan Police Service,Metropolitan Police Service,0.011799,51.496652,On or near Chandlers Avenue,E01034195,Greenwich 041C,Burglary,Investigation complete; no suspect identified
4aa72e81f510c55549a1f0a13394251714233db8256760b98d6b746806d55a1d,2024-07,Metropolitan Police Service,Metropolitan Police Service,0.012967,51.496354,On or near Bessemer Place,E01034195,Greenwich 041C,Burglary,Investigation complete; no suspect identified
2ce00edf00d09393b5a1e08efb8aef0b640fe3aa5822bb6ad4ef69671d4e6d06,2024-07,Metropolitan Police Service,Metropolitan Police Service,0.054988,51.492082,On or near Lord Warwick Street,E01001712,Greenwich 042A,Burglary,Unable to prosecute suspect
c1c2585fd003f1b79773fce8f0d7409ed47be5195009f259bb4a45049a1466ac,2024-07,Metropolitan Police Service,Metropolitan Police Service,0.065381,51.492555,On or near Creton Street,E01033737,Greenwich 042B,Burglary,Investigation complete; no suspect identified
9567f4d558205ddb6ffec234b4b55619c91655ebfdeb329455f59af1e0e725f9,2024-07,Metropolitan Police Service,Metropolitan Police Service,0.067009,51.493822,On or near Warren Lane,E01033737,Greenwich 042B,Burglary,Investigation complete; no suspect identified
7bf16a9897c46fd5cb48a700bad1ecfff413417a9c4b9a22ab168b9cf8a9ae81,2024-07,Metropolitan Police Service,Metropolitan Police Service,0.043637,51.491471,On or near Clevely Close,E01034198,Greenwich 042C,Burglary,Unable to prosecute suspect
cf338f90dc36107673b37cc717be4ddbb5e888ff56ea5e9bcc42dce0261f308f,2024-07,Metropolitan Police Service,Metropolitan Police Service,0.044787,51.493986,On or near Warspite Road,E01034198,Greenwich 042C,Burglary,Unable to prosecute suspect
9d967cb099179dbb20abddfdf47cd5677531499d11c0e7a4e05b1483f0d074b8,2024-07,Metropolitan Police Service,Metropolitan Police Service,0.063717,51.491952,On or near Further/Higher Educational Building,E01033735,Greenwich 042D,Burglary,Unable to prosecute suspect
41659fcdc93ad920ac20a9e5fc0e1e2bc55969311c81e47a3dce6d41db1b3a1a,2024-07,Metropolitan Police Service,Metropolitan Police Service,-0.070908,51.573472,On or near Supermarket,E01001814,Hackney 001C,Burglary,Investigation complete; no suspect identified
23570aa07fe41972f6ae4f318ee1acdb67753c5389e85d127ae4672f6bac3df8,2024-07,Metropolitan Police Service,Metropolitan Police Service,-0.070908,51.573472,On or near Supermarket,E01001814,Hackney 001C,Burglary,Investigation complete; no suspect identified
afedc25a853e42cfd94f768fbc2a4b545af51fcbc9a8a661264223bd13145c8f,2024-07,Metropolitan Police Service,Metropolitan Police Service,-0.095868,51.570498,On or near Green Lanes,E01001714,Hackney 002A,Burglary,Investigation complete; no suspect identified
435a8c48cd21857720d7d55b60b8a6b681381832189aa58e03dadf3c7b7fdc41,2024-07,Metropolitan Police Service,Metropolitan Police Service,-0.094148,51.573672,On or near Katherine Close,E01001813,Hackney 002E,Burglary,Awaiting court outcome
775cf381f2b5bfa0e0483f581c2ee5dfe3408339b5eaa2a87206e99504f3bacf,2024-07,Metropolitan Police Service,Metropolitan Police Service,-0.076763,51.567417,On or near Royal Close,E01001799,Hackney 003A,Burglary,Investigation complete; no suspect identified
3717c49115b98150744011975762161bb313acafa836cdf078c24c9fa573be64,2024-07,Metropolitan Police Service,Metropolitan Police Service,-0.086669,51.567414,On or near Sports/Recreation Area,E01001804,Hackney 003C,Burglary,Investigation complete; no suspect identified
0f34300a82f8ecb5201d5d9d5b684400ac5229d083d740816d2b12d0d79a9f57,2024-07,Metropolitan Police Service,Metropolitan Police Service,-0.077983,51.572014,On or near East Bank,E01001812,Hackney 003E,Burglary,Awaiting court outcome
503f494b93bee3fb959b110f0aac52583cb0cd1b1b2458150a510c10c0cdf4e6,2024-07,Metropolitan Police Service,Metropolitan Police Service,-0.083208,51.573358,On or near Bethune Road,E01001812,Hackney 003E,Burglary,Unable to prosecute suspect
1669a6ea9c9025a35118cfc6547f9aa31c68b12791ca8b7ce9431efc215091af,2024-07,Metropolitan Police Service,Metropolitan Police Service,-0.083208,51.573358,On or near Bethune Road,E01001812,Hackney 003E,Burglary,Investigation complete; no suspect identified
3190e1c0b350aa5cb1d092c51859d49d6b1f0fbb3f3448498a4e852fc1e3d93e,2024-07,Metropolitan Police Service,Metropolitan Police Service,-0.067221,51.568537,On or near Stamford Grove West,E01001725,Hackney 004A,Burglary,Unable to prosecute suspect
222c6ba59d33ae3cba050ba247ad41043e6c9b4d6885d097f0889b45ac4e14c7,2024-07,Metropolitan Police Service,Metropolitan Police Service,-0.065849,51.572309,On or near Belz Terrace,E01001824,Hackney 004D,Burglary,Awaiting court outcome
6aa4b481ec24219cbc347e307fc9a42efe00a01002b9837331ad9c3a8dffe9ce,2024-07,Metropolitan Police Service,Metropolitan Police Service,-0.066979,51.571869,On or near Clapton Common,E01001826,Hackney 004E,Burglary,Awaiting court outcome
f2e39c7101e473a711302dbdc3b9167546915e42cc3d9531515901af71c91642,2024-07,Metropolitan Police Service,Metropolitan Police Service,-0.061789,51.561568,On or near Reighton Road,E01001768,Hackney 006D,Burglary,Investigation complete; no suspect identified
e6ae7a24fdfc6551c03b165dd2d39d50133b41ecfc98cbe3db560f72a4e93c58,2024-07,Metropolitan Police Service,Metropolitan Police Service,-0.062906,51.561766,On or near Narford Road,E01001768,Hackney 006D,Burglary,Unable to prosecute suspect
f33274f0f0a6c83a2bf368105329cf09f8fa509f8d51a3c18b7bca7184b6a67c,2024-07,Metropolitan Police Service,Metropolitan Police Service,-0.100887,51.56504,On or near Joseph Close,E01001716,Hackney 007B,Burglary,Investigation complete; no suspect identified
4503b14d80881d4b1af488b53bcb87f9727a2403fce5cd6d6346139f176909b4,2024-07,Metropolitan Police Service,Metropolitan Police Service,-0.100887,51.56504,On or near Joseph Close,E01001716,Hackney 007B,Burglary,Investigation complete; no suspect identified
6e060346281e3a394b9efb1bdfb17f3cf2d083cfcd88d691f43fcb5f683bd11e,2024-07,Metropolitan Police Service,Metropolitan Police Service,-0.093496,51.56546,On or near Myddleton Avenue,E01001717,Hackney 007C,Burglary,Investigation complete; no suspect identified
0a4462063e658cb706592bbad4e6a50435a502c688151279e4663fa40bd907aa,2024-07,Metropolitan Police Service,Metropolitan Police Service,-0.093219,51.562434,On or near Murrain Road,E01001719,Hackney 007E,Burglary,Unable to prosecute suspect
271917807bd353485e7efd47a523638aac9c72331d5d9157ab1809a4e84c917a,2024-07,Metropolitan Police Service,Metropolitan Police Service,-0.082275,51.560556,On or near Hawksley Road,E01001742,Hackney 008A,Burglary,Investigation complete; no suspect identified
ad9ad8d5a419b772577806b6e5f90ca5497b9543a8b65c911fdb616c74c50d70,2024-07,Metropolitan Police Service,Metropolitan Police Service,-0.073187,51.562934,On or near Abney Gardens,E01001831,Hackney 009D,Burglary,Unable to prosecute suspect
ef8824cda05a04dc5daf95e53df51b7800cd217d50e993b8933a6e205d1019f9,2024-07,Metropolitan Police Service,Metropolitan Police Service,-0.063855,51.55912,On or near Goldcrest Mews,E01001764,Hackney 010A,Burglary,Unable to prosecute suspect
08e80d36c95d6460ffe344cd2fe146c7378a47db4799c03de6c422ccb420b063,2024-07,Metropolitan Police Service,Metropolitan Police Service,-0.063855,51.55912,On or near Goldcrest Mews,E01001764,Hackney 010A,Burglary,Investigation complete; no suspect identified
d0910def83faec2d6ec3e32241966ad7b194cfe4141b2aecce45380fd457710e,2024-07,Metropolitan Police Service,Metropolitan Police Service,-0.065347,51.5566,On or near Vine Close,E01001765,Hackney 010B,Burglary,Investigation complete; no suspect identified
bb96b759dbe64cb35edf9d45872971b8b33b388ec3cbf2f5ccf0c0394ebe036d,2024-07,Metropolitan Police Service,Metropolitan Police Service,-0.059757,51.55676,On or near Brackenfield Close,E01001765,Hackney 010B,Burglary,Unable to prosecute suspect
1a7a0bd4708140126ca57e279b89f3dd5b8a237c05d920ffceebd5f7798bb9fd,2024-07,Metropolitan Police Service,Metropolitan Police Service,-0.061168,51.559193,On or near Walsingham Road,E01001767,Hackney 010D,Burglary,Investigation complete; no suspect identified
7fdb88864e0cee0d77623e8aee90cf5624e600fef7a878f21c121320d9dfdffa,2024-07,Metropolitan Police Service,Metropolitan Police Service,-0.057771,51.55768,On or near Ferron Road,E01001770,Hackney 010E,Burglary,Investigation complete; no suspect identified
1cc5228324d1f57d18f01ee21158717b127b7eb442aadd635b9057b16296dc43,2024-07,Metropolitan Police Service,Metropolitan Police Service,-0.061912,51.557982,On or near Muir Road,E01001770,Hackney 010E,Burglary,Investigation complete; no suspect identified
54cbf0becdeb1c383df12b92cf8924c79e57c57f43bc26fc40fed6e9095371da,2024-07,Metropolitan Police Service,Metropolitan Police Service,-0.05981,51.558901,On or near Nightingale Road,E01001770,Hackney 010E,Burglary,Investigation complete; no suspect identified
edfc9d80fed818e5c386665c023a35dcafea51e5a1bedaa801698cf3ee4e24eb,2024-07,Metropolitan Police Service,Metropolitan Police Service,-0.055568,51.554865,On or near Apprentice Way,E01033703,Hackney 010F,Burglary,Investigation complete; no suspect identified
3236bc50e51e204ae0fbf5bef80f03c1d962c11a1c74bace368f04d00bcee5c0,2024-07,Metropolitan Police Service,Metropolitan Police Service,-0.055568,51.554865,On or near Apprentice Way,E01033703,Hackney 010F,Burglary,Investigation complete; no suspect identified
add3680a248cc5e71624c83fa1c369490d206ac9dd5407f6a23d0c9b98dbb257,2024-07,Metropolitan Police Service,Metropolitan Police Service,-0.050013,51.558945,On or near Wattisfield Road,E01001792,Hackney 011A,Burglary,Investigation complete; no suspect identified
54e7bec56686ba73bd1fe0d3d04e0a930e4e45ad900b4353b965ef257afca57d,2024-07,Metropolitan Police Service,Metropolitan Police Service,-0.045083,51.5538,On or near Blurton Road,E01001796,Hackney 011E,Burglary,Unable to prosecute suspect
80100fc84595cc3b0623eee30c48b121952dd9c6c0d39941e62a756006a1a10c,2024-07,Metropolitan Police Service,Metropolitan Police Service,-0.087081,51.556741,On or near Clissold Crescent,E01001738,Hackney 012C,Burglary,Investigation complete; no suspect identified
ae2c034d826d5e6b98ab758a944e13890e6996fb5b7e9cb2442968128cafe98d,2024-07,Metropolitan Police Service,Metropolitan Police Service,-0.088583,51.553941,On or near Leconfield Road,E01001738,Hackney 012C,Burglary,Investigation complete; no suspect identified
ce2cd6112e7c6d473b38f10c0be19ec053e24c3238437cf8394ed8525430aabc,2024-07,Metropolitan Police Service,Metropolitan Police Service,-0.031634,51.550905,On or near King'S Mead Way,E01001786,Hackney 013A,Burglary,Investigation complete; no suspect identified
4c78a1ff0dfecb8dc2a7413afcc74d5d3f9250137182943dc24692335d66f5ff,2024-07,Metropolitan Police Service,Metropolitan Police Service,-0.034346,51.551579,On or near Kingsmead Way,E01001786,Hackney 013A,Burglary,Investigation complete; no suspect identified
824e81b268714c7e451cffbe00f061e41ccc207b9e1b83fc8290b12bc718735c,2024-07,Metropolitan Police Service,Metropolitan Police Service,-0.083071,51.552952,On or near Howard Road,E01001740,Hackney 014A,Burglary,Investigation complete; no suspect identified
8ad6a045e784f034fdfe67dcb1d59987ae8e61566165850d7b3014a62be241f5,2024-07,Metropolitan Police Service,Metropolitan Police Service,-0.07475,51.551188,On or near Nightclub,E01001747,Hackney 014B,Burglary,Investigation complete; no suspect identified
53804c3b8b278eaee36b3e58872829c4705e4eb77e233350ae1d06b65a508820,2024-07,Metropolitan Police Service,Metropolitan Police Service,-0.076701,51.550411,On or near Templeton Close,E01001747,Hackney 014B,Burglary,Investigation complete; no suspect identified
4d25b1adf8d41d919faaa2fbe56eae6e20d0532388fa054da3230c9cc7796f9a,2024-07,Metropolitan Police Service,Metropolitan Police Service,-0.072572,51.551539,On or near Gateway Mews,E01001747,Hackney 014B,Burglary,Investigation complete; no suspect identified
27b43049f6cc021b949f650310bad3cb59d111b2a11a05655959f5244f35c162,2024-07,Metropolitan Police Service,Metropolitan Police Service,-0.069342,51.554912,On or near Forman Place,E01001833,Hackney 014D,Burglary,Investigation complete; no suspect identified
8ecf1289da25a5a41013545137d413cb0c73fd9e49fe0389f64673a660ec915b,2024-07,Metropolitan Police Service,Metropolitan Police Service,-0.074853,51.553879,On or near Stoke Newington Road,E01001834,Hackney 014E,Burglary,Investigation complete; no suspect identified
ad63b21267730ca12361cc9ac6b470671cb2496efde579487cfc9906efb675a3,2024-07,Metropolitan Police Service,Metropolitan Police Service,-0.067463,51.554657,On or near Amhurst Terrace,E01001745,Hackney 016A,Burglary,Investigation complete; no suspect identified
86e80a9230ab6de685bf480626875557e33cc3b2718877c25d140acb8522ea9a,2024-07,Metropolitan Police Service,Metropolitan Police Service,-0.06708,51.553157,On or near Amhurst Road,E01001746,Hackney 016B,Burglary,Investigation complete; no suspect identified
598316879d785fda06e4115efdfafc3c633b41eede6454f81bc54eb9c3b3ab62,2024-07,Metropolitan Police Service,Metropolitan Police Service,-0.056491,51.550797,On or near Hindrey Road,E01001757,Hackney 016C,Burglary,Investigation complete; no suspect identified
93677c74c679d26db179dc7c0977ffae941c7923d4a448b44796bc79e168b0fe,2024-07,Metropolitan Police Service,Metropolitan Police Service,-0.056491,51.550797,On or near Hindrey Road,E01001757,Hackney 016C,Burglary,Investigation complete; no suspect identified
4eedd207073e9b7601596c0905f2dab6947053c31c5180b9a78246e78e6a5c4a,2024-07,Metropolitan Police Service,Metropolitan Police Service,-0.058163,51.549809,On or near Supermarket,E01001758,Hackney 016D,Burglary,Investigation complete; no suspect identified
fc58ee103ec23faa44ffe9d462231409db9bec04b9241d68de07dce5b58d767f,2024-07,Metropolitan Police Service,Metropolitan Police Service,-0.066655,51.54923,On or near Montague Road,E01001759,Hackney 016E,Burglary,Investigation complete; no suspect identified
9f606b258d0fc7839a3a4fc573afe9af0135956b2f0a266c42880bab3a69308f,2024-07,Metropolitan Police Service,Metropolitan Police Service,-0.061552,51.548471,On or near Spurstowe Terrace,E01001761,Hackney 016F,Burglary,Investigation complete; no suspect identified
3cb6183ded73f831698ef1f3c8a42823b359e3cc4f36aaa28e06e59ed769957b,2024-07,Metropolitan Police Service,Metropolitan Police Service,-0.051615,51.547119,On or near Nursery Road,E01001731,Hackney 017A,Burglary,Investigation complete; no suspect identified
8ed2ee37d983c5e9ffca81293e210c24b819d0e199d330cb8047d7fea4a03ed0,2024-07,Metropolitan Police Service,Metropolitan Police Service,-0.051615,51.547119,On or near Nursery Road,E01001731,Hackney 017A,Burglary,Investigation complete; no suspect identified
f133d2365836628a7b8d88a3e8273ccf712f7377ce564bfca6510be2eb738c93,2024-07,Metropolitan Police Service,Metropolitan Police Service,-0.050279,51.551719,On or near Median Road,E01001734,Hackney 017B,Burglary,Unable to prosecute suspect
1c04ee8c4c3a59b6983e13862bce9614f086ef583f368c9bd288a149c6632f06,2024-07,Metropolitan Police Service,Metropolitan Police Service,-0.050279,51.551719,On or near Median Road,E01001734,Hackney 017B,Burglary,Investigation complete; no suspect identified
2ab5364a3919dee3e9f970f9d0ed249bf5e65b2e73a9431c5a2147fe447c1ea2,2024-07,Metropolitan Police Service,Metropolitan Police Service,-0.049191,51.551854,On or near Churchill Walk,E01001734,Hackney 017B,Burglary,Investigation complete; no suspect identified
bd89af76dfcd77d7bbeb39f00b5e800716e70f121244a9067dc205f912c47acb,2024-07,Metropolitan Police Service,Metropolitan Police Service,-0.055243,51.547611,On or near Shopping Area,E01001760,Hackney 017C,Burglary,Investigation complete; no suspect identified
d8ef16d08e7f77cef9c181568e1a803309eb6cc41ade0740aa6f59c1163aa703,2024-07,Metropolitan Police Service,Metropolitan Police Service,-0.055015,51.549568,On or near Mare Street,E01001760,Hackney 017C,Burglary,Investigation complete; no suspect identified
96f75d9116f877254f4838f805cbfba867ad5633b2932aeb73db912ca413c435,2024-07,Metropolitan Police Service,Metropolitan Police Service,-0.059472,51.548877,On or near Institute Place,E01001760,Hackney 017C,Burglary,Investigation complete; no suspect identified
3126518de557cd0907c786ca29070615a52be1454f420c81d136e9d793dd050c,2024-07,Metropolitan Police Service,Metropolitan Police Service,-0.055505,51.54552,On or near Theatre/Concert Hall,E01001762,Hackney 017D,Burglary,Investigation complete; no suspect identified
4502e3441755d9fb65106a03caee3a3a2a2369ee4ff718c0adb483f2800d007a,2024-07,Metropolitan Police Service,Metropolitan Police Service,-0.058125,51.545627,On or near Casterton Street,E01001762,Hackney 017D,Burglary,Awaiting court outcome
fc414907ed446488b8dbdde004d70ce35eada104276fb0f4ff8ff9632ce7b48a,2024-07,Metropolitan Police Service,Metropolitan Police Service,-0.033278,51.550258,On or near Kingsmead Way,E01001847,Hackney 018B,Burglary,Investigation complete; no suspect identified
4607725766fdce16199a0c59bc51aa1f2f7c489b8f8467d4fc03bf39c613f78b,2024-07,Metropolitan Police Service,Metropolitan Police Service,-0.03466,51.544283,On or near Homer Road,E01001848,Hackney 018C,Burglary,Investigation complete; no suspect identified
4718872407139a1d198aee4ab346ece1895268c748117e1e83c0666e109466b4,2024-07,Metropolitan Police Service,Metropolitan Police Service,-0.027499,51.543803,On or near Biggs Square,E01001849,Hackney 018D,Burglary,Investigation complete; no suspect identified
c5e2e3ec0f35fe4d11fccfe80a4a5c26856b274cff07ea07e27154e8aaca266e,2024-07,Metropolitan Police Service,Metropolitan Police Service,-0.030242,51.546745,On or near Shalbourne Square,E01001849,Hackney 018D,Burglary,Status update unavailable
1e1a030dd47c3b957679adebd09cd5cc9ca24a1fc02b1710906443ccc676cb26,2024-07,Metropolitan Police Service,Metropolitan Police Service,-0.021857,51.545533,On or near East Bay Lane,E01001849,Hackney 018D,Burglary,Investigation complete; no suspect identified
2018cc1687f779bcbf341ac00ecf601f4e1fd9b5e9141bf3f08b8a486a9075f8,2024-07,Metropolitan Police Service,Metropolitan Police Service,-0.042974,51.547812,On or near Mackintosh Lane,E01001729,Hackney 019A,Burglary,Investigation complete; no suspect identified
f365dec7b9028095b156b964226b3c038323cb935f6a4266c35b051faf2cf148,2024-07,Metropolitan Police Service,Metropolitan Police Service,-0.042974,51.547812,On or near Mackintosh Lane,E01001729,Hackney 019A,Burglary,Investigation complete; no suspect identified
6bc38d5d9496e05603b0da01090bd04df607ba0b7e30618c94feb549c34a27dd,2024-07,Metropolitan Police Service,Metropolitan Police Service,-0.042642,51.545801,On or near Daley Street,E01001730,Hackney 019B,Burglary,Investigation complete; no suspect identified
0c7ccd697311f3dafcaf2465aeb3cfa564a94ef1db3040dbd136b839ad7da2fb,2024-07,Metropolitan Police Service,Metropolitan Police Service,-0.042642,51.545801,On or near Daley Street,E01001730,Hackney 019B,Burglary,Investigation complete; no suspect identified
8dbb105185e6b7b98d25e4812d3c2f1390f3935eb7191d88b3cdcd6cdf907074,2024-07,Metropolitan Police Service,Metropolitan Police Service,-0.046504,51.547574,On or near Shepherd'S Lane,E01001730,Hackney 019B,Burglary,Status update unavailable
5e104555b08a33e915df7ca3a0df985801bae17768eebba0d3e7047e60f42def,2024-07,Metropolitan Police Service,Metropolitan Police Service,-0.046504,51.547574,On or near Shepherd'S Lane,E01001730,Hackney 019B,Burglary,Status update unavailable
252e0daf1e3d3d44645d10b5006b38ba141b946f41331fb9f99ee26f51bebdf3,2024-07,Metropolitan Police Service,Metropolitan Police Service,-0.048111,51.54439,On or near Cresset Road,E01001732,Hackney 019C,Burglary,Investigation complete; no suspect identified
e6d2a2d0d96e867fee2159ad137bc125b68cd4fc459d1cb82486347cb2cd9035,2024-07,Metropolitan Police Service,Metropolitan Police Service,-0.047654,51.543951,On or near Collent Street,E01001732,Hackney 019C,Burglary,Investigation complete; no suspect identified
bedc829adec7abc17186ca3279d1d34f0a77183a41d2885ab4bbdb566ea9600f,2024-07,Metropolitan Police Service,Metropolitan Police Service,-0.049351,51.547433,On or near Link Street,E01001735,Hackney 019D,Burglary,Investigation complete; no suspect identified
421bdf11eced114fae68c2cec1fe6ac2236694635965f25fbe9555179e587db0,2024-07,Metropolitan Police Service,Metropolitan Police Service,-0.049351,51.547433,On or near Link Street,E01001735,Hackney 019D,Burglary,Investigation complete; no suspect identified
3b45b32cd7caa3ab6b2340cc6902be48add780285699c98ea7a4999af2ffebce,2024-07,Metropolitan Police Service,Metropolitan Police Service,-0.049351,51.547433,On or near Link Street,E01001735,Hackney 019D,Burglary,Investigation complete; no suspect identified
f96abb0d644573e52f8185ccdf4f3872208645888e0d0fbaadb5a7c32c5ebafb,2024-07,Metropolitan Police Service,Metropolitan Police Service,-0.062437,51.545986,On or near Navarino Road,E01001763,Hackney 020C,Burglary,Investigation complete; no suspect identified
990eb46ac24167dbfcf40a99250f38b4929f23f6bbb66b8655c1284692a21ea2,2024-07,Metropolitan Police Service,Metropolitan Police Service,-0.062437,51.545986,On or near Navarino Road,E01001763,Hackney 020C,Burglary,Investigation complete; no suspect identified
f8ed90fac0cb6d6e213ad96bd67a39e8cf1e98d243dc7241f46bf904a0dd3cb9,2024-07,Metropolitan Police Service,Metropolitan Police Service,-0.057161,51.544235,On or near Florfield Road,E01001763,Hackney 020C,Burglary,Investigation complete; no suspect identified
5ebc76a700e1eff398014a6e1fa27ad0cf030411bd588b6d0a187e135efa2096,2024-07,Metropolitan Police Service,Metropolitan Police Service,-0.064315,51.54251,On or near Gayhurst Road,E01001816,Hackney 020D,Burglary,Awaiting court outcome
801ce0cab09acc74631113941c79243b93311fae6f6b7375e5226ba658e00801,2024-07,Metropolitan Police Service,Metropolitan Police Service,-0.046247,51.536059,On or near Morpeth Road,E01001836,Hackney 022A,Burglary,Investigation complete; no suspect identified
ed6b9bdc2bca7df080317386cf61f9c7ca7088d05ef246a5e5e9093210926c3e,2024-07,Metropolitan Police Service,Metropolitan Police Service,-0.044755,51.537563,On or near Ruthven Street,E01001836,Hackney 022A,Burglary,Investigation complete; no suspect identified
9770793413dc825b8de6a45bbf87d2b78f6e7541a04d159e8630b17cef9a1111,2024-07,Metropolitan Police Service,Metropolitan Police Service,-0.04292,51.543701,On or near Bramshaw Road,E01001844,Hackney 022D,Burglary,Investigation complete; no suspect identified
bc840c0175a6064b616e5f2ff129aa17caea5411675ec21757c8e387051d30a2,2024-07,Metropolitan Police Service,Metropolitan Police Service,-0.047365,51.542292,On or near Terrace Road,E01001844,Hackney 022D,Burglary,Investigation complete; no suspect identified
5e4db1d77197c5e9adcbb5dd9880dc3a8ec851390ff27729060aae1295c82a92,2024-07,Metropolitan Police Service,Metropolitan Police Service,-0.049222,51.537296,On or near Skipworth Road,E01001837,Hackney 023B,Burglary,Investigation complete; no suspect identified
fb063b4917c03372e0f061a8969b8ae06b9a8cd4187582d9cf23ff81587ba3be,2024-07,Metropolitan Police Service,Metropolitan Police Service,-0.053139,51.537433,On or near Templecombe Road,E01001842,Hackney 023D,Burglary,Investigation complete; no suspect identified
fafd57c7c6e06f91170bdcca7dd61cbb241277b524dc01e0ecfda061021aa40a,2024-07,Metropolitan Police Service,Metropolitan Police Service,-0.053139,51.537433,On or near Templecombe Road,E01001842,Hackney 023D,Burglary,Investigation complete; no suspect identified
a3e9b5e83bb953aabd15d96163ebf899ca443ce1114a107b353fe28f0f5a9f42,2024-07,Metropolitan Police Service,Metropolitan Police Service,-0.055575,51.541178,On or near Further/Higher Educational Building,E01033704,Hackney 023F,Burglary,Investigation complete; no suspect identified
fa173078794902f992c0eeb2a941a39abffc8daf8831b16593d055ba8dab1fa9,2024-07,Metropolitan Police Service,Metropolitan Police Service,-0.057441,51.53968,On or near Sidworth Street,E01033704,Hackney 023F,Burglary,Investigation complete; no suspect identified
84db0a117e75ee7342b2fa7fe56887ede626883751728667ec63556e5d52c801,2024-07,Metropolitan Police Service,Metropolitan Police Service,-0.057733,51.537563,On or near Theatre/Concert Hall,E01033704,Hackney 023F,Burglary,Investigation complete; no suspect identified
fd3843f4b7833b7ada297bf439e147c17e707fa1c2c5d82d02a888428b7a425c,2024-07,Metropolitan Police Service,Metropolitan Police Service,-0.058615,51.539538,On or near Helmsley Place,E01033712,Hackney 023G,Burglary,Investigation complete; no suspect identified
c8063e7a966479a0c9386a84f326d33acf31eb5b13b06f8ad2fe3bab4de72904,2024-07,Metropolitan Police Service,Metropolitan Police Service,-0.062112,51.537006,On or near Welshpool Street,E01033712,Hackney 023G,Burglary,Unable to prosecute suspect
5c1451313a4a3666eabf37f68140d6df6bb22c94138423574eb5aef21489080f,2024-07,Metropolitan Police Service,Metropolitan Police Service,-0.058489,51.538771,On or near Warburton Street,E01033712,Hackney 023G,Burglary,Investigation complete; no suspect identified
53f103abbf637b70eb7e5d9dab923721411a316b28bbfc19653d993253edc910,2024-07,Metropolitan Police Service,Metropolitan Police Service,-0.069682,51.536672,On or near Samuel Close,E01001820,Hackney 024E,Burglary,Unable to prosecute suspect
7dc5b86b5b1c56dc1836044edf4bd78172cff43faac81bf7ca78308b867f926c,2024-07,Metropolitan Police Service,Metropolitan Police Service,-0.064122,51.53685,On or near Stephan Close,E01001821,Hackney 024F,Burglary,Investigation complete; no suspect identified
ddf61669f758b254498f819c15d287acb1ad454f908061dcac3fd43ed6e8295c,2024-07,Metropolitan Police Service,Metropolitan Police Service,-0.081433,51.534976,On or near Hobbs Place,E01001755,Hackney 025D,Burglary,Investigation complete; no suspect identified
dcc9708a720a60429bd0727f46c6b0beca7ccde80d907eb914d4bc10693deb83,2024-07,Metropolitan Police Service,Metropolitan Police Service,-0.082065,51.533323,On or near Ivy Street,E01001755,Hackney 025D,Burglary,Investigation complete; no suspect identified
048ad82a3ff1abf38c6921f4ad212ca8d91d8422f0aa2c76196feb43d4d36191,2024-07,Metropolitan Police Service,Metropolitan Police Service,-0.077062,51.537277,On or near Further/Higher Educational Building,E01035642,Hackney 025G,Burglary,Investigation complete; no suspect identified
c7e4969fc766bbb05d003b7ef4688baf8053f056196f1b842615fad38f3391a3,2024-07,Metropolitan Police Service,Metropolitan Police Service,-0.085164,51.537115,On or near Branch Place,E01035643,Hackney 025H,Burglary,Investigation complete; no suspect identified
b1b6add103be91b06a2a77005161a1b245c1b8afce7b82b3984845fa997d19e5,2024-07,Metropolitan Police Service,Metropolitan Police Service,-0.087779,51.536654,On or near Wiltshire Row,E01035644,Hackney 025I,Burglary,Investigation complete; no suspect identified
1451aa49ee2be55595ffe8f5fa81e3ec9ac70231dc246a4de628bfb44ad04bb7,2024-07,Metropolitan Police Service,Metropolitan Police Service,-0.077144,51.535662,On or near Nightclub,E01035645,Hackney 025J,Burglary,Investigation complete; no suspect identified
26ecaf328464923635300cdcad337b921c392e7a53b04031c09de89f81aaa973,2024-07,Metropolitan Police Service,Metropolitan Police Service,-0.08504,51.531834,On or near Clunbury Street,E01001781,Hackney 026B,Burglary,Investigation complete; no suspect identified
f392fe43261f658031acca406424d24b8926546669e56d7f0c9e4fb87af91fb1,2024-07,Metropolitan Police Service,Metropolitan Police Service,-0.090495,51.534108,On or near Parr Street,E01035646,Hackney 026E,Burglary,Investigation complete; no suspect identified
e5a3240d924af44ab9657292687e4dddab8642b1b56245858f8a6bd2a53320fd,2024-07,Metropolitan Police Service,Metropolitan Police Service,-0.092779,51.533282,On or near Bletsoe Walk,E01035646,Hackney 026E,Burglary,Investigation complete; no suspect identified
8a4b6962c78883124dbc433ab4cfa435f2d7e3965ffe5a8aea6b04a6e30690c4,2024-07,Metropolitan Police Service,Metropolitan Police Service,-0.090192,51.5286,On or near Westland Place,E01035649,Hackney 026H,Burglary,Status update unavailable
a7b790c7c114a6fdf0eaa89bef373c8737f896c57eb3eaf818716a04537e783a,2024-07,Metropolitan Police Service,Metropolitan Police Service,-0.053905,51.568812,On or near High Hill Ferry,E01001828,Hackney 028B,Burglary,Investigation complete; no suspect identified
9173c761438ca2a00bb5c9d0dafaebd53f9b8d9ee1c1f67c8fdd68a7f884b1da,2024-07,Metropolitan Police Service,Metropolitan Police Service,-0.051905,51.566998,On or near Leaside Road,E01001828,Hackney 028B,Burglary,Investigation complete; no suspect identified
2664cf7605fd5ccba21ef14dc6f7ca3ce2f47b390020d8f112bd10bce267d93e,2024-07,Metropolitan Police Service,Metropolitan Police Service,-0.050047,51.56489,On or near Woodmill Road,E01033702,Hackney 028C,Burglary,Unable to prosecute suspect
4f0baeefd85583556f3fe05e23a24d655747f1858bfe1287b978c42113b86ffb,2024-07,Metropolitan Police Service,Metropolitan Police Service,-0.050047,51.56489,On or near Woodmill Road,E01033702,Hackney 028C,Burglary,Investigation complete; no suspect identified
a1977d2b6ce72e3fe5a6b5ddf76de39c2c43690d945fb3f7536ded3ee4075d54,2024-07,Metropolitan Police Service,Metropolitan Police Service,-0.05122,51.563434,On or near Mundford Road,E01033705,Hackney 028D,Burglary,Unable to prosecute suspect
12aee7f5e350dbe694fc9e034a0f004208fb212c62710df3b515f25aa49523b1,2024-07,Metropolitan Police Service,Metropolitan Police Service,-0.047931,51.560385,On or near Leagrave Street,E01033705,Hackney 028D,Burglary,Investigation complete; no suspect identified
a87e172bea07076af007e4417c66dadd1945fa2e57bc26571bfd8d1c97ec10c1,2024-07,Metropolitan Police Service,Metropolitan Police Service,-0.05122,51.563434,On or near Mundford Road,E01033705,Hackney 028D,Burglary,Unable to prosecute suspect
e2d89bcc1a5cbf504334296ea306e04908c3a08187df366a914debfa2512cba1,2024-07,Metropolitan Police Service,Metropolitan Police Service,-0.057162,51.565871,On or near Warwick Grove,E01001822,Hackney 029C,Burglary,Investigation complete; no suspect identified
31aadf82fb0b252b4053ff238db1e07e2aeaea158fad20e7f2514845abcd3035,2024-07,Metropolitan Police Service,Metropolitan Police Service,-0.075678,51.547939,On or near Shopping Area,E01033699,Hackney 030A,Burglary,Investigation complete; no suspect identified
2adfe902f6cc60b930f9efa3aa15c6f0244860fae798372dacb05c84d651bbe5,2024-07,Metropolitan Police Service,Metropolitan Police Service,-0.075678,51.547939,On or near Shopping Area,E01033699,Hackney 030A,Burglary,Investigation complete; no suspect identified
6dc9fb94494c1f58db6a38856b8076464cf07cfc501ce873f763d60f50868e42,2024-07,Metropolitan Police Service,Metropolitan Police Service,-0.072107,51.546496,On or near Ghent Way,E01033700,Hackney 030B,Burglary,Investigation complete; no suspect identified
c69548519a8b9e4176ca0dcab9c7ab97ef8c30ccd189ed1e5255cc8ae67c8c0d,2024-07,Metropolitan Police Service,Metropolitan Police Service,-0.081235,51.541043,On or near Northchurch Terrace,E01001751,Hackney 031B,Burglary,Investigation complete; no suspect identified
18d0f53aa6492c6176ea099ff62777bc1fe9eb09fde6c2885c2bceb5bffc7447,2024-07,Metropolitan Police Service,Metropolitan Police Service,-0.083517,51.542348,On or near Ufton Grove,E01001751,Hackney 031B,Burglary,Investigation complete; no suspect identified
763285ef04e33bafa0a70168de38881b43fafae42d60dbd86ea63702cbaf0cce,2024-07,Metropolitan Police Service,Metropolitan Police Service,-0.074194,51.542501,On or near Beehive Close,E01035650,Hackney 031C,Burglary,Unable to prosecute suspect
0e0a3928273e309936c619c5a1c2830d9a5962dedea76130d0b3ba8df98e5763,2024-07,Metropolitan Police Service,Metropolitan Police Service,-0.075819,51.541242,On or near Glebe Road,E01035650,Hackney 031C,Burglary,Investigation complete; no suspect identified
e3aaf6c1ba2437c8aadbac5191e4bf916fcae0368f3cdfd4c912dd83e3561263,2024-07,Metropolitan Police Service,Metropolitan Police Service,-0.076134,51.5389,On or near Arbutus Street,E01035650,Hackney 031C,Burglary,Unable to prosecute suspect
9de50843ced349270523e889ce2ae4ba55bbc1385377e5165266b57a4a777cd0,2024-07,Metropolitan Police Service,Metropolitan Police Service,-0.082507,51.531019,On or near Crondall Street,E01001784,Hackney 032A,Burglary,Investigation complete; no suspect identified
fbf69b19b2b74ca313ae2f881f6acd42777bfff506cc9ad603a4becc0c8a023c,2024-07,Metropolitan Police Service,Metropolitan Police Service,-0.089691,51.529203,On or near Nile Street,E01033709,Hackney 032B,Burglary,Investigation complete; no suspect identified
ebcca83846f0044202ee725bcde8843955f80f88b01f7205e1cac2fed308264c,2024-07,Metropolitan Police Service,Metropolitan Police Service,-0.079356,51.526768,On or near Rivington Place,E01033706,Hackney 033B,Burglary,Investigation complete; no suspect identified
894cc8ce708b2199f10e303d26d77eb637e191c97ea270a8c2994f314e404cfb,2024-07,Metropolitan Police Service,Metropolitan Police Service,-0.076671,51.525825,On or near Boundary Street,E01033706,Hackney 033B,Burglary,Investigation complete; no suspect identified
c009621bd7758d3fd437d062260b6572c7f792a467e139d1d8ef9f3ce661e46c,2024-07,Metropolitan Police Service,Metropolitan Police Service,-0.079381,51.525141,On or near New Inn Street,E01033706,Hackney 033B,Burglary,Awaiting court outcome
766f49040a53e41ac50a8cb743e1e8b9c82f58c5eea40afd7986ff704013659c,2024-07,Metropolitan Police Service,Metropolitan Police Service,-0.078135,51.528894,On or near Nightclub,E01033706,Hackney 033B,Burglary,Awaiting court outcome
17a4cf881bb7ef509b9aa44ea64c05be495e62ff010d80a6bd6e8af157ea91d8,2024-07,Metropolitan Police Service,Metropolitan Police Service,-0.077877,51.524577,On or near Anning Street,E01033708,Hackney 033C,Burglary,Investigation complete; no suspect identified
5883c0cceed6d5d833fb1675810f15e3a6e38e325320d6986b1848531c8e8fd4,2024-07,Metropolitan Police Service,Metropolitan Police Service,-0.081578,51.52774,On or near Hoxton Square,E01033708,Hackney 033C,Burglary,Awaiting court outcome
89fdc80bc87ab3c5206d481318561f8188177eb0e1b6cf669801c8ff522a241c,2024-07,Metropolitan Police Service,Metropolitan Police Service,-0.082539,51.522027,On or near Worship Street,E01033708,Hackney 033C,Burglary,Investigation complete; no suspect identified
36a68fc76e675e8e069aeeebd9d43652111d120eda41da94a8789f5bc31bd6a4,2024-07,Metropolitan Police Service,Metropolitan Police Service,-0.084965,51.524324,On or near Parking Area,E01033708,Hackney 033C,Burglary,Investigation complete; no suspect identified
da9293a9e8165657b9466d5b6673db240cf3a77ebefb5055eed4e4c88292ffd3,2024-07,Metropolitan Police Service,Metropolitan Police Service,-0.083404,51.527878,On or near Theatre/Concert Hall,E01033708,Hackney 033C,Burglary,Awaiting court outcome
bbc8aa303572908ca1ff66e4763543b0b038bcdd4920b35c8025e8acda262a9e,2024-07,Metropolitan Police Service,Metropolitan Police Service,-0.082539,51.522027,On or near Worship Street,E01033708,Hackney 033C,Burglary,Status update unavailable
d1dd94696244ba36b1628664ed4436fd376c111fed52b616e69c814d28a97824,2024-07,Metropolitan Police Service,Metropolitan Police Service,-0.082219,51.525187,On or near Further/Higher Educational Building,E01033708,Hackney 033C,Burglary,Investigation complete; no suspect identified
b4009576ea69a53b019ff792d7afbce981d2f32c8149ac72e8f7712d0d82c3ae,2024-07,Metropolitan Police Service,Metropolitan Police Service,-0.080594,51.526132,On or near Rivington Street,E01033708,Hackney 033C,Burglary,Status update unavailable
c6b619754f915a30c30c0455b153cb2a5344164a9a14cb0fd059c2569ebe6c42,2024-07,Metropolitan Police Service,Metropolitan Police Service,-0.081278,51.527339,On or near Rufus Street,E01033708,Hackney 033C,Burglary,Investigation complete; no suspect identified
3d60ed900af063a581b67a7b9fdfa583eacadb3807e57423ccd334871ddf25c6,2024-07,Metropolitan Police Service,Metropolitan Police Service,-0.078564,51.522969,On or near Fairchild Place,E01033708,Hackney 033C,Burglary,Unable to prosecute suspect
4f63d6c38202ba801ba356446eabef512d731e0e2292c895d4c5dbbc8bfdca5a,2024-07,Metropolitan Police Service,Metropolitan Police Service,-0.084384,51.521689,On or near Dysart Street,E01033708,Hackney 033C,Burglary,Unable to prosecute suspect
f998421e35f4bb4086d61eb77aa790b3c558dd6823ec5d0eab2f805ea480822f,2024-07,Metropolitan Police Service,Metropolitan Police Service,-0.244401,51.517565,On or near Stokesley Street,E01001875,Hammersmith and Fulham 001B,Burglary,Investigation complete; no suspect identified
841e8b63fd26b4a9b3b7a4a52001e10d4d98a61291424357cd72c26d813237d9,2024-07,Metropolitan Police Service,Metropolitan Police Service,-0.234721,51.51742,On or near Hospital,E01001876,Hammersmith and Fulham 001C,Burglary,Investigation complete; no suspect identified
5a13456b6c688144c3627d85e983a6695ee27725906ed95c6731a63b1b091ba2,2024-07,Metropolitan Police Service,Metropolitan Police Service,-0.234721,51.51742,On or near Hospital,E01001876,Hammersmith and Fulham 001C,Burglary,Status update unavailable
583aca6fc28770a75a1cdad56e68e4a35e53c194901994b8f82c981270e0601d,2024-07,Metropolitan Police Service,Metropolitan Police Service,-0.234721,51.51742,On or near Hospital,E01001876,Hammersmith and Fulham 001C,Burglary,Investigation complete; no suspect identified
734b9c60fc0d19b7f80e22098abbd5342129f7fd5552013c32a8e8ec56ef75c4,2024-07,Metropolitan Police Service,Metropolitan Police Service,-0.232587,51.531209,On or near Trenmar Gardens,E01001877,Hammersmith and Fulham 001D,Burglary,Investigation complete; no suspect identified
2731c8437ca714bb5c10b1396ada31edfc7733f73dc597472c631a407c834fb8,2024-07,Metropolitan Police Service,Metropolitan Police Service,-0.248117,51.517261,On or near East Acton,E01001878,Hammersmith and Fulham 001E,Burglary,Investigation complete; no suspect identified
266260c2a7ee268805d5173964ceb8cfed72cd9da6518ffb8fe0c9decd06ae1f,2024-07,Metropolitan Police Service,Metropolitan Police Service,-0.248918,51.516284,On or near Foliot Street,E01001878,Hammersmith and Fulham 001E,Burglary,Awaiting court outcome
b3d9d407698a0a8d64f9200c84834057ffcdc603a941c764ebcf62d1bf716538,2024-07,Metropolitan Police Service,Metropolitan Police Service,-0.248918,51.516284,On or near Foliot Street,E01001878,Hammersmith and Fulham 001E,Burglary,Court result unavailable
e049729e3c3797574c568dbf93848eeddbcc88786b54da0e7ced54c099590f22,2024-07,Metropolitan Police Service,Metropolitan Police Service,-0.228499,51.519907,On or near Parking Area,E01035484,Hammersmith and Fulham 001F,Burglary,Investigation complete; no suspect identified
a36b68bf2246371c49f5bc656b6d4b09aaadd5795f565d2d0f4b6ce4e94006aa,2024-07,Metropolitan Police Service,Metropolitan Police Service,-0.232823,51.513579,On or near Australia Road,E01001958,Hammersmith and Fulham 002C,Burglary,Investigation complete; no suspect identified
11e09816d7f4d2107d8c87e5847a9686babbcdc888fd4956c0b4115379cfc351,2024-07,Metropolitan Police Service,Metropolitan Police Service,-0.237447,51.508037,On or near Adelaide Grove,E01001954,Hammersmith and Fulham 003A,Burglary,Investigation complete; no suspect identified
382228daae22d05a43c9d65afae4f2630b325863e51dd97ad9dd58c886d9d2d5,2024-07,Metropolitan Police Service,Metropolitan Police Service,-0.237535,51.509504,On or near Dunraven Road,E01001960,Hammersmith and Fulham 003D,Burglary,Investigation complete; no suspect identified
679a64d4701fc69954d2d5aef5aff072e1d9759747ba045b072d87255b0d47fe,2024-07,Metropolitan Police Service,Metropolitan Police Service,-0.219244,51.507744,On or near Ariel Way,E01001943,Hammersmith and Fulham 004A,Burglary,Investigation complete; no suspect identified
8a36b3b3f4985458f67c7ec125a6e608132bd32dbea3d4ffa68fa94376b11527,2024-07,Metropolitan Police Service,Metropolitan Police Service,-0.226,51.507442,On or near Theatre/Concert Hall,E01001943,Hammersmith and Fulham 004A,Burglary,Investigation complete; no suspect identified
ba045f8e7ff63c9086236a6447b378fa9ea8aac58c139e2d4b9fd3e23f6d1ac4,2024-07,Metropolitan Police Service,Metropolitan Police Service,-0.223124,51.505069,On or near Further/Higher Educational Building,E01001943,Hammersmith and Fulham 004A,Burglary,Investigation complete; no suspect identified
cdacea138a054fa9cc045b52065870b5dc9177ff83c2a2040419a26a7f40d794,2024-07,Metropolitan Police Service,Metropolitan Police Service,-0.223124,51.505069,On or near Further/Higher Educational Building,E01001943,Hammersmith and Fulham 004A,Burglary,Investigation complete; no suspect identified
3a1958c33824f8d4196a4c63da29306ce655d9dac5ef47e0e873237e73bcf044,2024-07,Metropolitan Police Service,Metropolitan Police Service,-0.22039,51.505334,On or near Sterne Street,E01001943,Hammersmith and Fulham 004A,Burglary,Investigation complete; no suspect identified
ba11b9651e31f03f59cc70e155bc83832838c5f77c36e5a6d492b6c563a65d6d,2024-07,Metropolitan Police Service,Metropolitan Police Service,-0.223124,51.505069,On or near Further/Higher Educational Building,E01001943,Hammersmith and Fulham 004A,Burglary,Investigation complete; no suspect identified
5194d1cacfeb35fac9ad2811e5de95bd08dab893f1bba13ab78d16c17f01e3a2,2024-07,Metropolitan Police Service,Metropolitan Police Service,-0.221881,51.508108,On or near Parking Area,E01001943,Hammersmith and Fulham 004A,Burglary,Investigation complete; no suspect identified
07067afc86de2e7aaac780e0cbfa76e08ecfdf9bcb92819eca413d70806d0e4f,2024-07,Metropolitan Police Service,Metropolitan Police Service,-0.223124,51.505069,On or near Further/Higher Educational Building,E01001943,Hammersmith and Fulham 004A,Burglary,Investigation complete; no suspect identified
d2f9e9e06ebc15414deb331b0ad83451dd0564c6f2f8885d78fb9e9a7a0322d7,2024-07,Metropolitan Police Service,Metropolitan Police Service,-0.231831,51.506819,On or near Arminger Road,E01001945,Hammersmith and Fulham 004C,Burglary,Investigation complete; no suspect identified
0ba55efda063ee9c51d93442d8c655e44baefe8a924e3394bd9d3585919d31ed,2024-07,Metropolitan Police Service,Metropolitan Police Service,-0.233637,51.50708,On or near Bloemfontein Avenue,E01001945,Hammersmith and Fulham 004C,Burglary,Investigation complete; no suspect identified
5d6372b4752060a48550e41123065d217c522259bccca409b3c7eeb87e66be62,2024-07,Metropolitan Police Service,Metropolitan Police Service,-0.228297,51.50655,On or near Stanlake Villas,E01001946,Hammersmith and Fulham 004D,Burglary,Investigation complete; no suspect identified
707aadc6658e035e5a5b939bb9110f3355188e96f379d0679a18444c5ccb9dbd,2024-07,Metropolitan Police Service,Metropolitan Police Service,-0.226419,51.510757,On or near Wood Crescent,E01001946,Hammersmith and Fulham 004D,Burglary,Investigation complete; no suspect identified
a5121341c826a0d5dcd6e9def6808278f7ed678d1e763540da738d7017c74133,2024-07,Metropolitan Police Service,Metropolitan Police Service,-0.228297,51.50655,On or near Stanlake Villas,E01001946,Hammersmith and Fulham 004D,Burglary,Investigation complete; no suspect identified
02e601923c6125a352a15fadaf201f42066c4d4ffe107e116f04699f5138de37,2024-07,Metropolitan Police Service,Metropolitan Police Service,-0.234553,51.503866,On or near Coningham Road,E01001862,Hammersmith and Fulham 005A,Burglary,Investigation complete; no suspect identified
2ccb03fb161611727a1bb1f5f5f416099134f15f6b2a0c38f8fcff354b2303cf,2024-07,Metropolitan Police Service,Metropolitan Police Service,-0.234875,51.502261,On or near Cathnor Road,E01001862,Hammersmith and Fulham 005A,Burglary,Investigation complete; no suspect identified
41c2856ddf6a00a1953cba6e14c1957b22267522bc3a7e46b43cada8b19c902b,2024-07,Metropolitan Police Service,Metropolitan Police Service,-0.22619,51.505511,On or near Poplar Mews,E01001941,Hammersmith and Fulham 005C,Burglary,Investigation complete; no suspect identified
8d2c468ab9e59eb83e25d70eb716360d6586e4da45c0364d8e64910746ce34c8,2024-07,Metropolitan Police Service,Metropolitan Police Service,-0.226656,51.505375,On or near Shopping Area,E01001941,Hammersmith and Fulham 005C,Burglary,Investigation complete; no suspect identified
398da2c06d5acffdae182ccb329361b875793c2f54f114e2aa4828f48b4b75e0,2024-07,Metropolitan Police Service,Metropolitan Police Service,-0.225384,51.505499,On or near Hopgood Street,E01001941,Hammersmith and Fulham 005C,Burglary,Investigation complete; no suspect identified
e82e2298d1c8238e37610c5ea6f15465412fb01cd00b4b0a6fd81925c50eb503,2024-07,Metropolitan Police Service,Metropolitan Police Service,-0.232715,51.506689,On or near Ingersoll Road,E01001942,Hammersmith and Fulham 005D,Burglary,Investigation complete; no suspect identified
6a5fc7924f7b6db47d45f9746f1da2ed05e0d7fdfcc199032191e9909d78d05c,2024-07,Metropolitan Police Service,Metropolitan Police Service,-0.23122,51.506235,On or near Uxbridge Road,E01001942,Hammersmith and Fulham 005D,Burglary,Investigation complete; no suspect identified
6a8222a3d80d1926e627c7592818f0e8f1b808c1a957a4f5ef218da22f3a5846,2024-07,Metropolitan Police Service,Metropolitan Police Service,-0.230189,51.504933,On or near Warbeck Road,E01001942,Hammersmith and Fulham 005D,Burglary,Investigation complete; no suspect identified
44b8116cfd5f4a5270025c955fb2a3431a21529941277169d767a064ff35379e,2024-07,Metropolitan Police Service,Metropolitan Police Service,-0.232715,51.506689,On or near Ingersoll Road,E01001942,Hammersmith and Fulham 005D,Burglary,Awaiting court outcome
775ffaab9a352717987af4c50ba21c5c58d54ca787d8cb40d6e03894f6fea390,2024-07,Metropolitan Police Service,Metropolitan Police Service,-0.230189,51.504933,On or near Warbeck Road,E01001942,Hammersmith and Fulham 005D,Burglary,Investigation complete; no suspect identified
0819e4e19a76c1be8d93f906b76e4c1703f86d1a327374440d1526d3e2918979,2024-07,Metropolitan Police Service,Metropolitan Police Service,-0.238063,51.506275,On or near Supermarket,E01001860,Hammersmith and Fulham 006B,Burglary,Investigation complete; no suspect identified
94097753d3bb39bc00d2df3f3e02c0c70e2ab4afd38157ca16522041420c808e,2024-07,Metropolitan Police Service,Metropolitan Police Service,-0.240229,51.502414,On or near Davisville Road,E01001864,Hammersmith and Fulham 006E,Burglary,Investigation complete; no suspect identified
b5f749c45f3fc03532ce729d83e20f62515b9a94fa5bb8152d8474568a0fdcbf,2024-07,Metropolitan Police Service,Metropolitan Police Service,-0.222025,51.501078,On or near Anley Road,E01001854,Hammersmith and Fulham 007C,Burglary,Investigation complete; no suspect identified
e884763a2d73cd21bee85c1f49971d642e5db9c38f01063748434979849c5713,2024-07,Metropolitan Police Service,Metropolitan Police Service,-0.220174,51.502372,On or near Rockley Road,E01001854,Hammersmith and Fulham 007C,Burglary,Investigation complete; no suspect identified
5c91835fd2b839304b23ead7ddbf52a17c3aca961959498121e2159b7a4348ed,2024-07,Metropolitan Police Service,Metropolitan Police Service,-0.219228,51.504102,On or near A402,E01001857,Hammersmith and Fulham 007D,Burglary,Investigation complete; no suspect identified
0271f9d02ff3f7e547bdf1300c88c323d95f720ed79d9c1a3a50eb2637df74a2,2024-07,Metropolitan Police Service,Metropolitan Police Service,-0.219228,51.504102,On or near A402,E01001857,Hammersmith and Fulham 007D,Burglary,Status update unavailable
bcdf00b05ec975d7f3ee62a62b4452f3790221f564e4510f1de80748cc9ca5d9,2024-07,Metropolitan Police Service,Metropolitan Police Service,-0.218793,51.503764,On or near Shopping Area,E01001857,Hammersmith and Fulham 007D,Burglary,Investigation complete; no suspect identified
38b7c7daa4730f17b3784cf69da0a9934ff1c1f2f24f440b783e353abcb81f8e,2024-07,Metropolitan Police Service,Metropolitan Police Service,-0.219228,51.504102,On or near A402,E01001857,Hammersmith and Fulham 007D,Burglary,Investigation complete; no suspect identified
bd06fbbe66e13f5d89739453bf8c32e9ba5b86b537692991fe35ad2f41b4c59f,2024-07,Metropolitan Police Service,Metropolitan Police Service,-0.218793,51.503764,On or near Shopping Area,E01001857,Hammersmith and Fulham 007D,Burglary,Investigation complete; no suspect identified
1baf074d01f8050533473d806cb398c3371c61aeca5be8fa627b2b539ff1982c,2024-07,Metropolitan Police Service,Metropolitan Police Service,-0.222774,51.502933,On or near Miller'S Way,E01001857,Hammersmith and Fulham 007D,Burglary,Investigation complete; no suspect identified
99ba2ff46e163dc6286e5e3922feeb51999bcbb5567b7db0eef2233b4dd57b76,2024-07,Metropolitan Police Service,Metropolitan Police Service,-0.245147,51.503036,On or near Gayford Road,E01001865,Hammersmith and Fulham 008B,Burglary,Investigation complete; no suspect identified
92a60794771e932872a0bdb4c199783e729adde7cafe547d068b381a5f78ed5a,2024-07,Metropolitan Police Service,Metropolitan Police Service,-0.231488,51.497067,On or near Aldensley Road,E01001895,Hammersmith and Fulham 009A,Burglary,Investigation complete; no suspect identified
b64480222de09929253ad5c13ad54681c3ff432d7011bf57e800b5296067629a,2024-07,Metropolitan Police Service,Metropolitan Police Service,-0.233808,51.497066,On or near Furber Street,E01001929,Hammersmith and Fulham 009D,Burglary,Investigation complete; no suspect identified
2f39429d7b56f59540635a2f5f3b250f77a292ad59949a973dd59383be298889,2024-07,Metropolitan Police Service,Metropolitan Police Service,-0.233005,51.498079,On or near Cardross Street,E01001929,Hammersmith and Fulham 009D,Burglary,Investigation complete; no suspect identified
5d4533dfd8b6ec16c271b46e768872f660930209e9ed57aa61c0f3f6820c6783,2024-07,Metropolitan Police Service,Metropolitan Police Service,-0.21833,51.499781,On or near Bolingbroke Road,E01001851,Hammersmith and Fulham 010A,Burglary,Investigation complete; no suspect identified
009a20ec2025575b1da1a3230168ccc056a58d27bd3d2da0a7ffa1f8a8679b7c,2024-07,Metropolitan Police Service,Metropolitan Police Service,-0.216834,51.497501,On or near Caithness Road,E01001851,Hammersmith and Fulham 010A,Burglary,Investigation complete; no suspect identified
592c4213ffdf0f4051e5d80703d593a5281f80863a20152ebe9be25fe11ffb5a,2024-07,Metropolitan Police Service,Metropolitan Police Service,-0.218991,51.49944,On or near Redan Street,E01001851,Hammersmith and Fulham 010A,Burglary,Investigation complete; no suspect identified
93c417d1a97a23a70bda8c9f42c4f29ccf79830d11a5927b5ea11ed477371ebb,2024-07,Metropolitan Police Service,Metropolitan Police Service,-0.217565,51.500183,On or near Bolingbroke Road,E01001851,Hammersmith and Fulham 010A,Burglary,Unable to prosecute suspect
3d64046b6e2610fede25446551e4504cf1be98b23ee10af3f0352e5feefdaab6,2024-07,Metropolitan Police Service,Metropolitan Police Service,-0.222474,51.498063,On or near Shepherd'S Bush Road,E01001856,Hammersmith and Fulham 010C,Burglary,Investigation complete; no suspect identified
59e8fbc2d6500d3bc54983b391cca719cad0d39ded0216017028703cf09ada59,2024-07,Metropolitan Police Service,Metropolitan Police Service,-0.217837,51.496905,On or near Caithness Road,E01001869,Hammersmith and Fulham 010D,Burglary,Investigation complete; no suspect identified
113eab02224679b0c64312546a97e0074608211d9aa2ef5719c7d2927110ed8c,2024-07,Metropolitan Police Service,Metropolitan Police Service,-0.219294,51.495731,On or near Brook Green,E01001869,Hammersmith and Fulham 010D,Burglary,Investigation complete; no suspect identified
a319ba12bdfa4ee666db53022c06349c6ccfa093c3942f2b3afa4575c17b8b29,2024-07,Metropolitan Police Service,Metropolitan Police Service,-0.215964,51.497272,On or near Aynhoe Road,E01001873,Hammersmith and Fulham 010E,Burglary,Investigation complete; no suspect identified
c609fb957da4286a3198c2e77ad621d9bf99adf315b6ac347578a8dbe65cc0b7,2024-07,Metropolitan Police Service,Metropolitan Police Service,-0.214263,51.498415,On or near Porten Road,E01001873,Hammersmith and Fulham 010E,Burglary,Status update unavailable
ed31bcb70aa00e7b6347e396acbbaf4ef5e2454fbedd0358f6c1b1907b515280,2024-07,Metropolitan Police Service,Metropolitan Police Service,-0.236658,51.497882,On or near Paddenswick Road,E01001928,Hammersmith and Fulham 011A,Burglary,Investigation complete; no suspect identified
60d1d8c7005967f6be4aa1aac01fa5ddd58cb05187d9b2f0ffa9e7f4d8660b40,2024-07,Metropolitan Police Service,Metropolitan Police Service,-0.236666,51.493925,On or near Ravenscourt Place,E01001928,Hammersmith and Fulham 011A,Burglary,Investigation complete; no suspect identified
b647386a92bf82d1a632a211946fcb81be1abe283e194f99a29cad9510ac88f1,2024-07,Metropolitan Police Service,Metropolitan Police Service,-0.239008,51.497827,On or near Park/Open Space,E01001928,Hammersmith and Fulham 011A,Burglary,Investigation complete; no suspect identified
2f5c11a00528204da868ab5b36afaf1c2d8e77a642e3aca00c3825e4af0400b9,2024-07,Metropolitan Police Service,Metropolitan Police Service,-0.238781,51.493238,On or near Vencourt Place,E01001932,Hammersmith and Fulham 011C,Burglary,Investigation complete; no suspect identified
d4e0207500eee952a66823a89a81920077bd32ca03a85fff04b1a4756bf5198b,2024-07,Metropolitan Police Service,Metropolitan Police Service,-0.235723,51.492598,On or near Hampshire Hog Lane,E01001932,Hammersmith and Fulham 011C,Burglary,Unable to prosecute suspect
2005fd841e44ffe96db08193feea9815ef0604b720629c495f6bb162ff47492a,2024-07,Metropolitan Police Service,Metropolitan Police Service,-0.237953,51.49381,On or near Ravenscourt Avenue,E01001932,Hammersmith and Fulham 011C,Burglary,Unable to prosecute suspect
5375b22227b15091c1ca506d55a80e35c1bd02f17eef589d7f88d7e1b1bec06f,2024-07,Metropolitan Police Service,Metropolitan Police Service,-0.234707,51.492817,On or near King Street,E01001932,Hammersmith and Fulham 011C,Burglary,Investigation complete; no suspect identified
9d2819941732068b5b575aa2b0f578d4bea834fd5dfc199ed52afa9ad264b440,2024-07,Metropolitan Police Service,Metropolitan Police Service,-0.235723,51.492598,On or near Hampshire Hog Lane,E01001932,Hammersmith and Fulham 011C,Burglary,Unable to prosecute suspect
fc73f1f5824e13320b6b30cd50e88dc78b04e876aa31754f3a5bfaba17ead1e6,2024-07,Metropolitan Police Service,Metropolitan Police Service,-0.239871,51.493002,On or near Chambon Place,E01001933,Hammersmith and Fulham 011D,Burglary,Investigation complete; no suspect identified
8741824d0af2999478294ad5d42825ab98d7f3d40509eb89bf5ebbe532f2f2ca,2024-07,Metropolitan Police Service,Metropolitan Police Service,-0.245042,51.493403,On or near King Street,E01001933,Hammersmith and Fulham 011D,Burglary,Investigation complete; no suspect identified
e5deac2f5cd971ee666d25f4948a70cfa60557c3d2347c127b5967cbd0a89945,2024-07,Metropolitan Police Service,Metropolitan Police Service,-0.239871,51.493002,On or near Chambon Place,E01001933,Hammersmith and Fulham 011D,Burglary,Investigation complete; no suspect identified
daa93917bd2831b4059d0cb763c736f5329f7a4cbd31712cdd360df597e97311,2024-07,Metropolitan Police Service,Metropolitan Police Service,-0.208532,51.495396,On or near Avonmore Place,E01001866,Hammersmith and Fulham 012A,Burglary,Investigation complete; no suspect identified
244d966598365ee2afd46f77c9d33f42030e99691f8e4687ff9bcdc3a73c9e29,2024-07,Metropolitan Police Service,Metropolitan Police Service,-0.218035,51.491449,On or near Great Church Lane,E01001867,Hammersmith and Fulham 012B,Burglary,Investigation complete; no suspect identified
820d4640fc0eb7b3fe1b0f9b49c368463ef0e1e1e03eadfd387f3d3cd315af21,2024-07,Metropolitan Police Service,Metropolitan Police Service,-0.206977,51.492792,On or near North End Crescent,E01001868,Hammersmith and Fulham 012C,Burglary,Unable to prosecute suspect
0bcb5b883ab55405b4164d42a49eac2c542be1bbab2cbf501f03a3722647fae0,2024-07,Metropolitan Police Service,Metropolitan Police Service,-0.212481,51.494242,On or near Munden Street,E01001871,Hammersmith and Fulham 012E,Burglary,Awaiting court outcome
0fad5b01b72e1175b61884bbff8abf7d0801b15a9391d217593d9c5d1418519a,2024-07,Metropolitan Police Service,Metropolitan Police Service,-0.210149,51.49052,On or near Talgarth Road,E01001872,Hammersmith and Fulham 012F,Burglary,Investigation complete; no suspect identified
0d9a0ea4441f06f4db7ac8519e3aa0816c4a3a32d22ef85982c7ae7ab9e6c63c,2024-07,Metropolitan Police Service,Metropolitan Police Service,-0.210149,51.49052,On or near Talgarth Road,E01001872,Hammersmith and Fulham 012F,Burglary,Investigation complete; no suspect identified
f8dc65fc159e367a16e64ffdcb57b75d97b0e610e3fb410cdc9592930a421a41,2024-07,Metropolitan Police Service,Metropolitan Police Service,-0.232654,51.493739,On or near Albion Mews,E01001894,Hammersmith and Fulham 013B,Burglary,Investigation complete; no suspect identified
6589ba0539279a5088fdd63c1b4505df8f67156a1e544465040006e321060bf5,2024-07,Metropolitan Police Service,Metropolitan Police Service,-0.225062,51.494479,On or near Hammersmith,E01001898,Hammersmith and Fulham 013C,Burglary,Investigation complete; no suspect identified
3bef80a0ada0b8fadda2fe35d8b1c46ef38272c043eede0cd318f6a3b461cf3d,2024-07,Metropolitan Police Service,Metropolitan Police Service,-0.222134,51.488274,On or near Beryl Road,E01001889,Hammersmith and Fulham 014A,Burglary,Investigation complete; no suspect identified
37cf0168583eda968f0aa7ded880af01eef27d1c2d190e4fb9863f897cd40727,2024-07,Metropolitan Police Service,Metropolitan Police Service,-0.217124,51.487119,On or near Margravine Road,E01001889,Hammersmith and Fulham 014A,Burglary,Unable to prosecute suspect
a78e852cdbfc31d7e9fbf29134f220f87a31432e458ffc39c2663310cc52b367,2024-07,Metropolitan Police Service,Metropolitan Police Service,-0.213024,51.489925,On or near Baron'S Court Road,E01001910,Hammersmith and Fulham 014B,Burglary,Investigation complete; no suspect identified
7e8189c29f38e83bad3cf77cf2b4a8d035647a2f60ac9343c6ad648be858e307,2024-07,Metropolitan Police Service,Metropolitan Police Service,-0.208186,51.489141,On or near Castletown Road,E01001914,Hammersmith and Fulham 014D,Burglary,Investigation complete; no suspect identified
871f460fffcb4ae247319c3a580e84fab5e81035a0ee999b5bb4741b31c2532e,2024-07,Metropolitan Police Service,Metropolitan Police Service,-0.205166,51.489401,On or near Beaumont Crescent,E01001914,Hammersmith and Fulham 014D,Burglary,Investigation complete; no suspect identified
0ac0ddcd401f7cf5c666e73f03f050d5e17eb1005026ce07b971d03ba616a355,2024-07,Metropolitan Police Service,Metropolitan Police Service,-0.208186,51.489141,On or near Castletown Road,E01001914,Hammersmith and Fulham 014D,Burglary,Unable to prosecute suspect
502f41a2104edba40d7bcd1bd4fdb28b980b0043b411fd083c4be88c6a79731a,2024-07,Metropolitan Police Service,Metropolitan Police Service,-0.206039,51.488425,On or near Challoner Crescent,E01001908,Hammersmith and Fulham 015B,Burglary,Investigation complete; no suspect identified
754325957c6997410eef75fc0731bf82cf153b61cca531ad291b4cc02d16e4a1,2024-07,Metropolitan Police Service,Metropolitan Police Service,-0.208225,51.488153,On or near Fairholme Road,E01001908,Hammersmith and Fulham 015B,Burglary,Investigation complete; no suspect identified
e9516ab900d67590863ba07c263e4a121e67818ed5ab7cb56044d86caec52758,2024-07,Metropolitan Police Service,Metropolitan Police Service,-0.206039,51.488425,On or near Challoner Crescent,E01001908,Hammersmith and Fulham 015B,Burglary,Investigation complete; no suspect identified
5c2045a62467054228e471ad5b729fd8232ecbb9d1000498e66b5fc8b3c962de,2024-07,Metropolitan Police Service,Metropolitan Police Service,-0.206039,51.488425,On or near Challoner Crescent,E01001908,Hammersmith and Fulham 015B,Burglary,Investigation complete; no suspect identified
9c991f5441eb7671d554a4fa913849c05c9ede10753f73049a415a23ae9c75f4,2024-07,Metropolitan Police Service,Metropolitan Police Service,-0.202177,51.485902,On or near Telephone Place,E01001912,Hammersmith and Fulham 015E,Burglary,Investigation complete; no suspect identified
d980feddf6642fa2a6653200b2e7519570ed97ebaed85c4dd36436a192a759b2,2024-07,Metropolitan Police Service,Metropolitan Police Service,-0.210494,51.484276,On or near Disbrowe Road,E01001892,Hammersmith and Fulham 016D,Burglary,Investigation complete; no suspect identified
42e56cd51d600e2914d22c979b0e5491deb505c46cbef814942f491ca67dd09b,2024-07,Metropolitan Police Service,Metropolitan Police Service,-0.195953,51.482299,On or near Farm Lane,E01001881,Hammersmith and Fulham 017B,Burglary,Court result unavailable
7ff7de6a4f8bdf0526c252dee7f27f25f5645d2e3ae6fc5e9b8ceffcec5df6da,2024-07,Metropolitan Police Service,Metropolitan Police Service,-0.201634,51.483609,On or near Coomer Place,E01001881,Hammersmith and Fulham 017B,Burglary,Investigation complete; no suspect identified
8a56134b4503f6315d8e2ff4429950fb7290987e423f9294d8df314eb8bc4099,2024-07,Metropolitan Police Service,Metropolitan Police Service,-0.199372,51.482154,On or near Walham Yard,E01001881,Hammersmith and Fulham 017B,Burglary,Investigation complete; no suspect identified
410ec02feab116abe5aa5ef088b6c5b399cc730ddbc0cc3091157917e987f521,2024-07,Metropolitan Police Service,Metropolitan Police Service,-0.223378,51.488527,On or near Distillery Lane,E01001891,Hammersmith and Fulham 018B,Burglary,Investigation complete; no suspect identified
c841a247e709e4ea681ac1933285db7b7a5c8c97e91c652c8b4edca1d4fb24f1,2024-07,Metropolitan Police Service,Metropolitan Police Service,-0.222978,51.487685,On or near Playfair Street,E01001891,Hammersmith and Fulham 018B,Burglary,Investigation complete; no suspect identified
4601272698a0ab0cb4206f5686c707ff7ebacacdd1cad6bfe4eef792a823c93c,2024-07,Metropolitan Police Service,Metropolitan Police Service,-0.205381,51.482804,On or near Len Freeman Place,E01001879,Hammersmith and Fulham 019A,Burglary,Investigation complete; no suspect identified
2410666066cdb1da2401a98aa0dd7ab31febc5b8b2f13f0293471341159101ab,2024-07,Metropolitan Police Service,Metropolitan Police Service,-0.194515,51.480416,On or near Shopping Area,E01001920,Hammersmith and Fulham 020A,Burglary,Unable to prosecute suspect
1b0aba8c6888c93d228b7ea4cf5748f70a0c373e706fde0cbf27acb3b260bcfe,2024-07,Metropolitan Police Service,Metropolitan Police Service,-0.192671,51.478993,On or near Moore Park Road,E01001920,Hammersmith and Fulham 020A,Burglary,Investigation complete; no suspect identified
7ccd3602b165d9721c6f2eb1f2d5d9ea14fd29371d50ee97aeae0ba6242cbe0d,2024-07,Metropolitan Police Service,Metropolitan Police Service,-0.188088,51.479444,On or near Holmead Road,E01001921,Hammersmith and Fulham 020B,Burglary,Awaiting court outcome
195e114191139d25045e143b0be34af27d783ddebbd9fd9cf8fb81ef7c73460b,2024-07,Metropolitan Police Service,Metropolitan Police Service,-0.191483,51.473705,On or near Sandilands Road,E01001924,Hammersmith and Fulham 020E,Burglary,Investigation complete; no suspect identified
cffe137adad03c451bd8cf6ad83fd19983aa2bb54c1757cf4a59ca3f5862f4ab,2024-07,Metropolitan Police Service,Metropolitan Police Service,-0.200897,51.47491,On or near Supermarket,E01001948,Hammersmith and Fulham 021B,Burglary,Investigation complete; no suspect identified
355ae90ad549015568d5222bcf87f341366edb2ae7893660905d27213f08ed79,2024-07,Metropolitan Police Service,Metropolitan Police Service,-0.200897,51.47491,On or near Supermarket,E01001948,Hammersmith and Fulham 021B,Burglary,Investigation complete; no suspect identified
097d88d07a052a83fa23356910549d8d8789fccef6763589f741b9d5915c3a0e,2024-07,Metropolitan Police Service,Metropolitan Police Service,-0.200897,51.47491,On or near Supermarket,E01001948,Hammersmith and Fulham 021B,Burglary,Investigation complete; no suspect identified
db6ff1eadc97a00cb82c977db26a5c09ba60410413a02d5727f502efc0c96487,2024-07,Metropolitan Police Service,Metropolitan Police Service,-0.206349,51.475759,On or near Rostrevor Mews,E01001949,Hammersmith and Fulham 021C,Burglary,Investigation complete; no suspect identified
3d8b84260e3fc5db327627fadf9856c4d02962db0e91d672244fd23b63634899,2024-07,Metropolitan Police Service,Metropolitan Police Service,-0.205609,51.473338,On or near Munster Court,E01001951,Hammersmith and Fulham 021E,Burglary,Investigation complete; no suspect identified
8a299d1b0b2b0c4d8bf6ece1bcfe8d2387ac244f6e58e30157fb1249be7a240c,2024-07,Metropolitan Police Service,Metropolitan Police Service,-0.203502,51.472344,On or near Supermarket,E01001951,Hammersmith and Fulham 021E,Burglary,Investigation complete; no suspect identified
af0e19ec5079e348fd7db46dfdfdfe127e3bf557dfa2e03a458a6e9a6f151d86,2024-07,Metropolitan Police Service,Metropolitan Police Service,-0.203502,51.472344,On or near Supermarket,E01001951,Hammersmith and Fulham 021E,Burglary,Investigation complete; no suspect identified
42ad33cc51375aeaee42bb8073f970d3fe78990d76aa8d3bf559a22acaa5ae83,2024-07,Metropolitan Police Service,Metropolitan Police Service,-0.198336,51.480681,On or near Jerdan Place,E01001953,Hammersmith and Fulham 021F,Burglary,Investigation complete; no suspect identified
6136badb5283f223167f3c7c4669f118c8532af491cf914f77648cf9787fb2df,2024-07,Metropolitan Police Service,Metropolitan Police Service,-0.201526,51.479759,On or near Burnthwaite Road,E01001953,Hammersmith and Fulham 021F,Burglary,Investigation complete; no suspect identified
e30b84e20bc3a29690a4ba9d8976b63ac3ec2fdc8186b4e1c83561e9f526a49c,2024-07,Metropolitan Police Service,Metropolitan Police Service,-0.212894,51.47558,On or near Kimbell Gardens,E01001905,Hammersmith and Fulham 022B,Burglary,Investigation complete; no suspect identified
e2c4daf2e048aceaf335cb0292b755012c6557648ff6531d17da08cf66ca2185,2024-07,Metropolitan Police Service,Metropolitan Police Service,-0.211025,51.476226,On or near Vera Road,E01001905,Hammersmith and Fulham 022B,Burglary,Investigation complete; no suspect identified
1888ff9d0a39789f42bbcc2783148958d6504735009131648adb6fad568b5c73,2024-07,Metropolitan Police Service,Metropolitan Police Service,-0.213139,51.474829,On or near Firth Gardens,E01001906,Hammersmith and Fulham 022C,Burglary,Investigation complete; no suspect identified
0968383caa0896d22e1bbc37260fd0e7d0e6d657c4f40324a58ecfa42c16c429,2024-07,Metropolitan Police Service,Metropolitan Police Service,-0.213139,51.474829,On or near Firth Gardens,E01001906,Hammersmith and Fulham 022C,Burglary,Investigation complete; no suspect identified
a93ecdd93f56e5836283bf95df3743736b596d410fba0642ceff7cac0b781567,2024-07,Metropolitan Police Service,Metropolitan Police Service,-0.210636,51.472192,On or near Oxberry Avenue,E01001907,Hammersmith and Fulham 022D,Burglary,Investigation complete; no suspect identified
5197b8ee277538ef13c66b2d19823a2d9356d1a056049287cdba886c0bb6e341,2024-07,Metropolitan Police Service,Metropolitan Police Service,-0.210636,51.472192,On or near Oxberry Avenue,E01001907,Hammersmith and Fulham 022D,Burglary,Investigation complete; no suspect identified
47fa1836e0406c8a613ff4f8ed64853cb53629df43909e8986ff41543a5db546,2024-07,Metropolitan Police Service,Metropolitan Police Service,-0.187608,51.467373,On or near Supermarket,E01032788,Hammersmith and Fulham 023D,Burglary,Investigation complete; no suspect identified
52acabdd2369294ae1a9cbe6c74856f38861de7c398f511e3b54b2481857425e,2024-07,Metropolitan Police Service,Metropolitan Police Service,-0.187608,51.467373,On or near Supermarket,E01032788,Hammersmith and Fulham 023D,Burglary,Investigation complete; no suspect identified
2e1e4f90fad3d6aa469bd3e16740e9583afbc24ed55a936b598dea1e0963810d,2024-07,Metropolitan Police Service,Metropolitan Police Service,-0.182824,51.473455,On or near The Boulevard,E01032789,Hammersmith and Fulham 023E,Burglary,Investigation complete; no suspect identified
3a48bf1570479939a93f10c0cbbc6381975129758643cac651cb3b898035846e,2024-07,Metropolitan Police Service,Metropolitan Police Service,-0.185383,51.475383,On or near Park Street,E01035486,Hammersmith and Fulham 023G,Burglary,Investigation complete; no suspect identified
2a8532b1a9138e4121534f32f585442178040aa42d5b5cb9b2b18e7c27899f01,2024-07,Metropolitan Police Service,Metropolitan Police Service,-0.188997,51.473946,On or near Pearscroft Court,E01035487,Hammersmith and Fulham 023H,Burglary,Investigation complete; no suspect identified
d4be76dae2531d1d15d4c158cd3b3bddcaaca21dcfb87e1d9a7abe75b5db2694,2024-07,Metropolitan Police Service,Metropolitan Police Service,-0.215579,51.473193,On or near Bishop'S Park Road,E01001915,Hammersmith and Fulham 024A,Burglary,Investigation complete; no suspect identified
6008301a6c70b52d11a1d8e62b56aa628bf856168a33ad79c09cc8b464cfc517,2024-07,Metropolitan Police Service,Metropolitan Police Service,-0.208928,51.472409,On or near Petrol Station,E01001952,Hammersmith and Fulham 024D,Burglary,Unable to prosecute suspect
c2aef05d857503e7aeccd5aa772390bd7d3d0370ea96ac912994703521ae581a,2024-07,Metropolitan Police Service,Metropolitan Police Service,-0.209933,51.470661,On or near Burlington Road,E01001952,Hammersmith and Fulham 024D,Burglary,Investigation complete; no suspect identified
db1cb5d8b55028879bb5ed7ad5d504d898032c750ee7d148a90540ff275ffa3a,2024-07,Metropolitan Police Service,Metropolitan Police Service,-0.208928,51.472409,On or near Petrol Station,E01001952,Hammersmith and Fulham 024D,Burglary,Investigation complete; no suspect identified
f2088a6dca968979ae8014236364d381e9a15ab41eeb66121b0615c39c1af40d,2024-07,Metropolitan Police Service,Metropolitan Police Service,-0.19169,51.472827,On or near Studdridge Street,E01001925,Hammersmith and Fulham 025A,Burglary,Investigation complete; no suspect identified
2280b0435ca02e4f5692ad7c31da1cd6dc0ede4d7c0e5512916f1aa882bcd4ac,2024-07,Metropolitan Police Service,Metropolitan Police Service,-0.196884,51.47074,On or near Conference/Exhibition Centre,E01001925,Hammersmith and Fulham 025A,Burglary,Awaiting court outcome
75a332ed7f3c95a9522683fa996a24eec03d372a2631ce7a7dddd668cf4bb365,2024-07,Metropolitan Police Service,Metropolitan Police Service,-0.191388,51.471366,On or near Beltran Road,E01001937,Hammersmith and Fulham 025C,Burglary,Investigation complete; no suspect identified
1344db7e8216101a2fa7b27a0e7921c4bd5ca7162918436ecd4785256e597f7d,2024-07,Metropolitan Police Service,Metropolitan Police Service,-0.111227,51.606572,On or near High Road,E01001975,Haringey 001D,Burglary,Investigation complete; no suspect identified
cabbea673cc9a77e768357d3e2a81ba979b329d1190f8f2e796f9f6ec22ff0b0,2024-07,Metropolitan Police Service,Metropolitan Police Service,-0.062051,51.606283,On or near Gillham Terrace,E01002036,Haringey 002A,Burglary,Investigation complete; no suspect identified
b8e7de21752daba279aa7444eb8352fd5b88f17115c9a18e6fbaf7ec80c0ec47,2024-07,Metropolitan Police Service,Metropolitan Police Service,-0.061487,51.603594,On or near Almond Road,E01002036,Haringey 002A,Burglary,Investigation complete; no suspect identified
b78e7da9cca9114467245e1122b57262ef9b2a8365a2a5bea7cce545091eeaba,2024-07,Metropolitan Police Service,Metropolitan Police Service,-0.057255,51.602589,On or near Eastwood Close,E01002039,Haringey 002C,Burglary,Investigation complete; no suspect identified
da9be86337c16e956a4840f0282c1d8d1d8bef3b19c05ebf47ba3f27b960e571,2024-07,Metropolitan Police Service,Metropolitan Police Service,-0.062601,51.601841,On or near Sutherland Road,E01002040,Haringey 002D,Burglary,Awaiting court outcome
60135a5ab313ac1cb6a5c18827cee252cb8e9f4d84b0911a8d93c385d8a649db,2024-07,Metropolitan Police Service,Metropolitan Police Service,-0.057354,51.600271,On or near Romney Close,E01002040,Haringey 002D,Burglary,Investigation complete; no suspect identified
9db93f171de372c6a890f7072e5f6dde15355b5c05f05fe9bd7496ca925759ff,2024-07,Metropolitan Police Service,Metropolitan Police Service,-0.059429,51.600044,On or near Foyle Road,E01002040,Haringey 002D,Burglary,Unable to prosecute suspect
15732d2f997b50187ff4ed09b0a2d941cf21648acf84aa69c3f6988a30ab42c4,2024-07,Metropolitan Police Service,Metropolitan Police Service,-0.132395,51.605265,On or near Tunnel Gardens,E01001962,Haringey 004A,Burglary,Investigation complete; no suspect identified
9cad533b5593ab6e0e01ffc82d36af66c5c7ee36a63295b1360dd8d9be6510c5,2024-07,Metropolitan Police Service,Metropolitan Police Service,-0.131887,51.600392,On or near Clifton Road,E01001962,Haringey 004A,Burglary,Investigation complete; no suspect identified
360573f10b83e045bf1281e3ee91053286bf38be2c7035c16ea0da9b8519f111,2024-07,Metropolitan Police Service,Metropolitan Police Service,-0.122276,51.60585,On or near Petrol Station,E01001970,Haringey 004B,Burglary,Investigation complete; no suspect identified
693aa6f66ecb8a50dbc05f7f18d7cb3e0190bfa0b1a0fd7d6a7528f2b28cc6bb,2024-07,Metropolitan Police Service,Metropolitan Police Service,-0.130632,51.609509,On or near The Drive,E01001973,Haringey 004D,Burglary,Investigation complete; no suspect identified
e7ac33331cec87d859c317c10e4a25fc70142ac1145dacf66fd868969097f200,2024-07,Metropolitan Police Service,Metropolitan Police Service,-0.091169,51.606554,On or near Petrol Station,E01002093,Haringey 005B,Burglary,Investigation complete; no suspect identified
fb369df43b4894e4b87321f3e43145c71650371b22e1dc0bcaf31928c973d5a9,2024-07,Metropolitan Police Service,Metropolitan Police Service,-0.091169,51.606554,On or near Petrol Station,E01002093,Haringey 005B,Burglary,Investigation complete; no suspect identified
36a90e54c91102ec715aee743b666baf126b18ff46d83f3b60c181ae58accabf,2024-07,Metropolitan Police Service,Metropolitan Police Service,-0.087599,51.604904,On or near Peregrine Road,E01002093,Haringey 005B,Burglary,Investigation complete; no suspect identified
1e46a5531b10ff97fea281f663335c6431b22a1151f5fe21e17e18b995f389ef,2024-07,Metropolitan Police Service,Metropolitan Police Service,-0.091169,51.606554,On or near Petrol Station,E01002093,Haringey 005B,Burglary,Investigation complete; no suspect identified
675aebfa290146dff7721246f1263663b67fed7ee9dca168291a67b1ec4536c3,2024-07,Metropolitan Police Service,Metropolitan Police Service,-0.092331,51.60329,On or near Stockton Road,E01002096,Haringey 005C,Burglary,Investigation complete; no suspect identified
61c3e50aa0760102e73413df066beb6dea9713a4f075d3d17fb1da0a090d84b7,2024-07,Metropolitan Police Service,Metropolitan Police Service,-0.091215,51.598551,On or near Turnant Road,E01002097,Haringey 005D,Burglary,Investigation complete; no suspect identified
9e88549d594d5f69698de6b0744ab88472a8fabdb86b0ded81974100974b42e7,2024-07,Metropolitan Police Service,Metropolitan Police Service,-0.075642,51.60523,On or near Creighton Road,E01002092,Haringey 006B,Burglary,Investigation complete; no suspect identified
ab10a0a7d68abe80df8de791091721cfbb2a93680af01bea1ca8eb0d41db0b4f,2024-07,Metropolitan Police Service,Metropolitan Police Service,-0.081972,51.605127,On or near White Hart Lane,E01002094,Haringey 006C,Burglary,Investigation complete; no suspect identified
3f87d7db0d6f8c119577cf7d1727e08a2355e511594aeaf02e062742ea23161e,2024-07,Metropolitan Police Service,Metropolitan Police Service,-0.077016,51.599722,On or near All Hallows Road,E01002095,Haringey 006D,Burglary,Awaiting court outcome
5c5669dfead53e3363518e80df3c480f545f153f7c359a682df7bbbd3a4371e4,2024-07,Metropolitan Police Service,Metropolitan Police Service,-0.105365,51.60655,On or near Cross Road,E01002101,Haringey 007B,Burglary,Investigation complete; no suspect identified
91bfee892cec235ba237e0c7b0c53abc224fb8735db1719ab8fb02a4f848b0a9,2024-07,Metropolitan Police Service,Metropolitan Police Service,-0.103213,51.608295,On or near Wolves Lane,E01002101,Haringey 007B,Burglary,Investigation complete; no suspect identified
0b87c119d2954707491559350a1e5eea3660561567d34947c614330236d76daf,2024-07,Metropolitan Police Service,Metropolitan Police Service,-0.107183,51.607973,On or near Lyndhurst Road,E01002101,Haringey 007B,Burglary,Investigation complete; no suspect identified
3cc60effd503db52b0901d230768fc13d836712794bfbcd5dcd5a765bbf95d2d,2024-07,Metropolitan Police Service,Metropolitan Police Service,-0.105699,51.59991,On or near Bracknell Close,E01002099,Haringey 008A,Burglary,Status update unavailable
5d5465f446ed4d49ff037a61869667eeb61a2e8de53cc4306b3fb4855a4e9d23,2024-07,Metropolitan Police Service,Metropolitan Police Service,-0.105699,51.59991,On or near Bracknell Close,E01002099,Haringey 008A,Burglary,Investigation complete; no suspect identified
29caa0601c6e81d8770483b2c13cf9f7a789b14f1b15b48a8f75e572398117db,2024-07,Metropolitan Police Service,Metropolitan Police Service,-0.105699,51.59991,On or near Bracknell Close,E01002099,Haringey 008A,Burglary,Investigation complete; no suspect identified
20c848939c2b26c6a9597e75028c1249639dda4e152a465cf61f4339a9e24505,2024-07,Metropolitan Police Service,Metropolitan Police Service,-0.142687,51.598639,On or near Windermere Road,E01001963,Haringey 009A,Burglary,Investigation complete; no suspect identified
ae05665f1eeb1d235afb8828510cfb3c1390eb1c6a3dbbd171fd222dc8c14835,2024-07,Metropolitan Police Service,Metropolitan Police Service,-0.132234,51.598968,On or near Alexandra Park Road,E01001966,Haringey 009D,Burglary,Investigation complete; no suspect identified
f9810191ea0d91bdde6d57c060e65c6606bf68b4e05e4c0218d994042fba83c6,2024-07,Metropolitan Police Service,Metropolitan Police Service,-0.102278,51.596078,On or near Gladstone Avenue,E01002032,Haringey 010C,Burglary,Investigation complete; no suspect identified
ab1ad02732a645edc0d88048adc9a2c2ba870f2026e880164b7a673355a0b9d7,2024-07,Metropolitan Police Service,Metropolitan Police Service,-0.06963,51.58899,On or near Parking Area,E01002081,Haringey 012D,Burglary,Unable to prosecute suspect
9207673976fccb94344eb23ad023a1e94442d5b52864ee35bb67345000f25f7e,2024-07,Metropolitan Police Service,Metropolitan Police Service,-0.069164,51.590448,On or near Rycroft Way,E01002081,Haringey 012D,Burglary,Investigation complete; no suspect identified
c12a11189f0003c74d82c489193e8d419172e57e90e09302ed1da1f2307b9a04,2024-07,Metropolitan Police Service,Metropolitan Police Service,-0.086283,51.591546,On or near Wilmot Road,E01002086,Haringey 013B,Burglary,Investigation complete; no suspect identified
7fe1e8b17b923efc24260c6f625b5744ba58bf94f0250fdb3dfae3deec12bc4f,2024-07,Metropolitan Police Service,Metropolitan Police Service,-0.088847,51.597883,On or near Lordship Lane,E01002088,Haringey 013C,Burglary,Unable to prosecute suspect
04999a30765664b73b82a6bb040f7d6399517a36ec06895bc38d0941487877ae,2024-07,Metropolitan Police Service,Metropolitan Police Service,-0.142159,51.595664,On or near Coniston Road,E01001968,Haringey 014B,Burglary,Investigation complete; no suspect identified
10c0c9204c82187a3ffa35df00405a8002c444768e31c0bc6a081aacf8c546cd,2024-07,Metropolitan Police Service,Metropolitan Police Service,-0.145477,51.595383,On or near Petrol Station,E01001997,Haringey 014D,Burglary,Investigation complete; no suspect identified
5d55328554a73c8b90a7a549d9071e0d36bd9174b91555d1048d528feae94368,2024-07,Metropolitan Police Service,Metropolitan Police Service,-0.057344,51.598814,On or near Garwood Close,E01002075,Haringey 015A,Burglary,Investigation complete; no suspect identified
49a5dce157293bdcd93c8507593479bcc5078e1e11b606999c346ab4e5bae1d2,2024-07,Metropolitan Police Service,Metropolitan Police Service,-0.058294,51.599225,On or near Pymmes Close,E01002075,Haringey 015A,Burglary,Investigation complete; no suspect identified
933ce97227dda5b543fa9fe5204b2407bb0ad338908b8729a80bbc4304623131,2024-07,Metropolitan Police Service,Metropolitan Police Service,-0.061053,51.597859,On or near Tilson Road,E01002076,Haringey 015B,Burglary,Investigation complete; no suspect identified
94e0014f40f909aa9327e760bb409f1627264229ae98c47c52ed08e7afa331e3,2024-07,Metropolitan Police Service,Metropolitan Police Service,-0.059984,51.597176,On or near Poynton Road,E01002076,Haringey 015B,Burglary,Investigation complete; no suspect identified
6c0e8d9a5eb69ec2bbaf26411a866b6015ea435d032b33df6761ecd62dfff4a6,2024-07,Metropolitan Police Service,Metropolitan Police Service,-0.060443,51.596581,On or near Rosebery Avenue,E01002076,Haringey 015B,Burglary,Awaiting court outcome
6c6ea6d0ce3e54ac74de96faf6f0b7cfaa087240f3d25f92d503375decdb1762,2024-07,Metropolitan Police Service,Metropolitan Police Service,-0.05795,51.583941,On or near Armadale Close,E01002078,Haringey 015C,Burglary,Investigation complete; no suspect identified
f3d225f3e40ed2d8c991501de14f9197c390fc132947ee4628064f0a531b38fc,2024-07,Metropolitan Police Service,Metropolitan Police Service,-0.066036,51.592707,On or near Holcombe Road,E01033943,Haringey 015E,Burglary,Investigation complete; no suspect identified
1a205cee9557de22c747a0db70fbbf87a3c33f7c66f77d36b87bfb84200c0496,2024-07,Metropolitan Police Service,Metropolitan Police Service,-0.065069,51.594751,On or near Dowsett Road,E01033943,Haringey 015E,Burglary,Investigation complete; no suspect identified
12fb34c174f4e641bd846f1d2a56436983bd3229540979097b9561acfae7372d,2024-07,Metropolitan Police Service,Metropolitan Police Service,-0.065675,51.592036,On or near Mitchley Road,E01033943,Haringey 015E,Burglary,Investigation complete; no suspect identified
fc3c8078210db556d5d6617e149ce72a5134b763b7f0967fb1552d3374180b88,2024-07,Metropolitan Police Service,Metropolitan Police Service,-0.058125,51.587955,On or near Ferry Lane,E01033944,Haringey 015F,Burglary,Investigation complete; no suspect identified
6bd6c79c901cb1b6256f7f9ead862cb57ec23c6ba0ee9e30fe29af0dbc47c1d6,2024-07,Metropolitan Police Service,Metropolitan Police Service,-0.057513,51.588439,On or near Daneland Walk,E01033944,Haringey 015F,Burglary,Investigation complete; no suspect identified
2a63e4b9cac25974f03ad506a99d8395f46dc39c8ae815f5dec1c3a4e69eab05,2024-07,Metropolitan Police Service,Metropolitan Police Service,-0.105349,51.593061,On or near Parking Area,E01002026,Haringey 016A,Burglary,Investigation complete; no suspect identified
79c1934469768db2125ea5213509772d035c2d2dcc50d48ad36ecb91682646c8,2024-07,Metropolitan Police Service,Metropolitan Police Service,-0.108467,51.596555,On or near Buller Road,E01002029,Haringey 016B,Burglary,Investigation complete; no suspect identified
e5d4e9f55c15e09a0c1aebb0c60d481ac769e6884d7b96b5cf4bc1c7c55bdacb,2024-07,Metropolitan Police Service,Metropolitan Police Service,-0.108467,51.596555,On or near Buller Road,E01002029,Haringey 016B,Burglary,Investigation complete; no suspect identified
f651d741e087a124668362a8a089ed4fac743b35a8022ef6fa9177b9db8efd67,2024-07,Metropolitan Police Service,Metropolitan Police Service,-0.10342,51.590485,On or near Turnpike Lane,E01002031,Haringey 016D,Burglary,Investigation complete; no suspect identified
27ad9d5f5d6437e5d4616898d1d20243611f4352dda3a092842dc279737ed19f,2024-07,Metropolitan Police Service,Metropolitan Police Service,-0.104326,51.592658,On or near Bury Road,E01002031,Haringey 016D,Burglary,Investigation complete; no suspect identified
4dde694776ae64d883498495b59261b7e4730f984c4d569099c3d83322d2518d,2024-07,Metropolitan Police Service,Metropolitan Police Service,-0.106051,51.592155,On or near Wallis Mews,E01002031,Haringey 016D,Burglary,Investigation complete; no suspect identified
387420de7c8b2bf319560f9873e9842a8f4122f0aa1c2c35d253dc3888d0e8ab,2024-07,Metropolitan Police Service,Metropolitan Police Service,-0.148044,51.592951,On or near Kings Avenue,E01001991,Haringey 017A,Burglary,Investigation complete; no suspect identified
1d212cac4a006f0fb7676b5751367e40701ec17e4f54ea17f0f5a01f234e2c86,2024-07,Metropolitan Police Service,Metropolitan Police Service,-0.150888,51.591179,On or near Firemans Cottages,E01001991,Haringey 017A,Burglary,Investigation complete; no suspect identified
5b430afc60f87585d9aaef1735c50ad94eb7e67fb69a22a66b1f95bb978d53ab,2024-07,Metropolitan Police Service,Metropolitan Police Service,-0.146921,51.591818,On or near Queens Avenue,E01001991,Haringey 017A,Burglary,Investigation complete; no suspect identified
8e0744295a5921b11f06eb7f09e01b3eac9cbde4410b82e01996ed1e589c76f3,2024-07,Metropolitan Police Service,Metropolitan Police Service,-0.09216,51.591858,On or near B155,E01002084,Haringey 019B,Burglary,Investigation complete; no suspect identified
74eaa66cdc44d29994336f4b7e91e83effa32e0a597ea0c9f27513b33cc81bcf,2024-07,Metropolitan Police Service,Metropolitan Police Service,-0.100078,51.591024,On or near Graham Road,E01002085,Haringey 019C,Burglary,Investigation complete; no suspect identified
323157aa8c3e6aa8afc16429840acf34d12a170fe2940f771393d762b5f3df5d,2024-07,Metropolitan Police Service,Metropolitan Police Service,-0.09784,51.587562,On or near Marley Close,E01002087,Haringey 019D,Burglary,Investigation complete; no suspect identified
d644c2fcd45b404348a9ceb9556a1d08d3f184bee62045eaf8ce54c7170ee95a,2024-07,Metropolitan Police Service,Metropolitan Police Service,-0.117789,51.585483,On or near Hillfield Avenue,E01002014,Haringey 020B,Burglary,Investigation complete; no suspect identified
37e3f1d328f7666a8d9e89c424053a14bbd3689eff02fa451298f1ecad5932be,2024-07,Metropolitan Police Service,Metropolitan Police Service,-0.117568,51.587709,On or near High Street,E01002014,Haringey 020B,Burglary,Investigation complete; no suspect identified
a4be3d7139da1dc6336de2a54ebeeaba72edd0be5a9d2a9159eadc1226b745b7,2024-07,Metropolitan Police Service,Metropolitan Police Service,-0.133829,51.587528,On or near Priory Road,E01002020,Haringey 021A,Burglary,Investigation complete; no suspect identified
64eebcb39937c9a885c4489977440c8a45a4b8793b0cc4cd474ac9852dbd05d0,2024-07,Metropolitan Police Service,Metropolitan Police Service,-0.139513,51.58939,On or near Alexandra Gardens,E01002020,Haringey 021A,Burglary,Investigation complete; no suspect identified
fd676c287c9b6d05b10f3b43cd6e5aec473c0fc9cd86a1dfdbe842f5d4801b43,2024-07,Metropolitan Police Service,Metropolitan Police Service,-0.145485,51.589871,On or near Supermarket,E01002022,Haringey 021B,Burglary,Investigation complete; no suspect identified
7453357060692f89f4c5e6d4e1496cee63f54afbb9b5f66fffcef75dd3b5d2a3,2024-07,Metropolitan Police Service,Metropolitan Police Service,-0.133111,51.585539,On or near Sports/Recreation Area,E01002019,Haringey 022B,Burglary,Investigation complete; no suspect identified
e9b581135ecfa1df50305565811059bf78f8a11e037a7defb691b76b6f1fa72e,2024-07,Metropolitan Police Service,Metropolitan Police Service,-0.124708,51.58152,On or near New Road,E01002024,Haringey 022D,Burglary,Investigation complete; no suspect identified
1ee097d9e417a3dce7f6295f3f0f6174865d7c0f198cd41558a2fcca857f6e74,2024-07,Metropolitan Police Service,Metropolitan Police Service,-0.1072,51.586742,On or near Lausanne Road,E01001998,Haringey 023A,Burglary,Investigation complete; no suspect identified
f775fe11c20eae4a83a6f12eb6bd57f703255bcdf84e4123ffa39fbf536e9749,2024-07,Metropolitan Police Service,Metropolitan Police Service,-0.109599,51.587023,On or near Hampden Road,E01002003,Haringey 023C,Burglary,Investigation complete; no suspect identified
2a44758c380622fd58f23eec4814e07a19afe7fda659deb6ec64292934c63af6,2024-07,Metropolitan Police Service,Metropolitan Police Service,-0.10336,51.58534,On or near Fairfax Road,E01002004,Haringey 023D,Burglary,Investigation complete; no suspect identified
48ed14359411402389d7426725fc7619d59fca50a4cbe431f2cb924a09f49195,2024-07,Metropolitan Police Service,Metropolitan Police Service,-0.078162,51.583518,On or near Watts Close,E01002073,Haringey 024D,Burglary,Investigation complete; no suspect identified
c8b2af63297e811c7582acf5e66300ffa59743663a5a510febe08ab1fdf022a8,2024-07,Metropolitan Police Service,Metropolitan Police Service,-0.070662,51.58371,On or near Ashmount Road,E01002071,Haringey 025C,Burglary,Investigation complete; no suspect identified
3f3cee47f017983b960f9049633c0bdc2f060029ae572a17f96498a96afc15f7,2024-07,Metropolitan Police Service,Metropolitan Police Service,-0.070696,51.583822,On or near Park/Open Space,E01002071,Haringey 025C,Burglary,Unable to prosecute suspect
0952806c0a4fcd54b5fc5b97ef0693500b16126d96f3a1879ec2d5cf9111e11d,2024-07,Metropolitan Police Service,Metropolitan Police Service,-0.070023,51.585174,On or near Talbot Road,E01002071,Haringey 025C,Burglary,Investigation complete; no suspect identified
40a7dc76de3c0747889a2896bf8091a00a789237ea0deec3231bf564d47c790c,2024-07,Metropolitan Police Service,Metropolitan Police Service,-0.069296,51.582564,On or near Norman Road,E01002072,Haringey 025D,Burglary,Investigation complete; no suspect identified
07033032fe337efd988f2b836cd0981964c2975f25783d2950c006e5b5bf50e8,2024-07,Metropolitan Police Service,Metropolitan Police Service,-0.073668,51.58295,On or near Suffield Road,E01002072,Haringey 025D,Burglary,Awaiting court outcome
027c78e3410dcac19ac68def39aa24f41bb8ef4f5901b43c026ec3db8f9d24ba,2024-07,Metropolitan Police Service,Metropolitan Police Service,-0.075895,51.583877,On or near Brunswick Road,E01002072,Haringey 025D,Burglary,Investigation complete; no suspect identified
8a2c84f978eb76363a8259bc86ffca91a144b6d78f4eb82a776e4f34900118e4,2024-07,Metropolitan Police Service,Metropolitan Police Service,-0.068186,51.581511,On or near Enterprise Row,E01002072,Haringey 025D,Burglary,Investigation complete; no suspect identified
951047d8c03f1d80674b4478d6cb674b6af333c3167f8dfec4576ce5c1b69ab2,2024-07,Metropolitan Police Service,Metropolitan Police Service,-0.085996,51.583601,On or near Gorleston Road,E01002045,Haringey 026B,Burglary,Investigation complete; no suspect identified
341f87d1663f7ce8c25527fa941c844afab86033868fb08dd8a17098985e4aed,2024-07,Metropolitan Police Service,Metropolitan Police Service,-0.085868,51.582529,On or near North Grove,E01002045,Haringey 026B,Burglary,Investigation complete; no suspect identified
c63f9d9d7ff0d8cdad631484139c0489d63ee6f7605b364ffacae79800ad454d,2024-07,Metropolitan Police Service,Metropolitan Police Service,-0.083525,51.58196,On or near South Grove,E01002046,Haringey 026C,Burglary,Investigation complete; no suspect identified
ae0fce1710bbf0eb107fbb10fc3de01eca2c7d007530ee1bb389355f0e3466a5,2024-07,Metropolitan Police Service,Metropolitan Police Service,-0.083525,51.58196,On or near South Grove,E01002046,Haringey 026C,Burglary,Investigation complete; no suspect identified
168358abf70b9dd9fd331ab09fdd7143559cf424bc36a832879377ffd008acfe,2024-07,Metropolitan Police Service,Metropolitan Police Service,-0.084945,51.584223,On or near Ida Road,E01002049,Haringey 026D,Burglary,Investigation complete; no suspect identified
829fa6d03ccbfc1182e23182395897a6992d6cc575544594e4a6299011e049be,2024-07,Metropolitan Police Service,Metropolitan Police Service,-0.097337,51.580935,On or near Kimberley Gardens,E01002044,Haringey 027B,Burglary,Investigation complete; no suspect identified
5e889c97b1f3d77c5ef2881de03934705e7b662561705c82a9912ff827c4179d,2024-07,Metropolitan Police Service,Metropolitan Police Service,-0.095937,51.579905,On or near Sussex Gardens,E01002044,Haringey 027B,Burglary,Investigation complete; no suspect identified
d8575bf57df03ec68d7b66c046c4fe20721947d9967eac98b63c3b8db6e50345,2024-07,Metropolitan Police Service,Metropolitan Police Service,-0.096302,51.58153,On or near St Ann'S Road,E01002044,Haringey 027B,Burglary,Investigation complete; no suspect identified
2e2378b9ee1625908e53c6600d9457a05fe9e2ff09422237efd5315ae046e7a1,2024-07,Metropolitan Police Service,Metropolitan Police Service,-0.093461,51.585279,On or near Rowleys Yard,E01002048,Haringey 027D,Burglary,Investigation complete; no suspect identified
1f6e5dde1e76bd7310e86c6b0183384370c9cf42daffd3e853984e7f7eaebf65,2024-07,Metropolitan Police Service,Metropolitan Police Service,-0.073784,51.576109,On or near Hillside Road,E01002055,Haringey 029D,Burglary,Investigation complete; no suspect identified
5627fd84ea88ba2fc170f4bb854a07972f52c2c0b0fb0cdb4d4681590eb9822a,2024-07,Metropolitan Police Service,Metropolitan Police Service,-0.158473,51.576407,On or near Denewood Road,E01002008,Haringey 030B,Burglary,Investigation complete; no suspect identified
8e98f404b4bee2ef882987a6e56e974bacd8e837578a4d1fed68fbee9d8ec86d,2024-07,Metropolitan Police Service,Metropolitan Police Service,-0.154729,51.579064,On or near Storey Road,E01002010,Haringey 030C,Burglary,Investigation complete; no suspect identified
e3668fe574c23546453acca83c379c24a7cf064e16dd992eb303a9e98fa4036a,2024-07,Metropolitan Police Service,Metropolitan Police Service,-0.105047,51.565269,On or near Supermarket,E01002002,Haringey 031C,Burglary,Unable to prosecute suspect
13925f310d5f4b480617ae7032ad0f1e7163d553d49cdc9a32a4146e9cc4aad6,2024-07,Metropolitan Police Service,Metropolitan Police Service,-0.105047,51.565269,On or near Supermarket,E01002002,Haringey 031C,Burglary,Investigation complete; no suspect identified
5e40e76c4a5801a39b8cedcdc0fefb9d9997e69167e66d0ca5ce2736ebcae7cf,2024-07,Metropolitan Police Service,Metropolitan Police Service,-0.099031,51.575981,On or near Sybil Mews,E01002002,Haringey 031C,Burglary,Investigation complete; no suspect identified
58c13ef482bc6b2b41bce82d563c422d663fb04779809c0334ec024225fbc3f4,2024-07,Metropolitan Police Service,Metropolitan Police Service,-0.081434,51.578473,On or near Bushey Road,E01002054,Haringey 032B,Burglary,Investigation complete; no suspect identified
6b44293bcaaa3788120fa3b08e8ca6799546f20fc1789ab0c4bb5e5c79bfbcf4,2024-07,Metropolitan Police Service,Metropolitan Police Service,-0.085773,51.578607,On or near Templeton Road,E01002056,Haringey 032C,Burglary,Investigation complete; no suspect identified
065eb89f6bf096c982f512e3b6ed5917d44abad4a2b5de9ebc217bdbc4340a09,2024-07,Metropolitan Police Service,Metropolitan Police Service,-0.079081,51.575764,On or near Paignton Road,E01002056,Haringey 032C,Burglary,Investigation complete; no suspect identified
d25f206a7ac0baa90c34efc60391f071442e8f6ed391264b91019d2a9bf6a490,2024-07,Metropolitan Police Service,Metropolitan Police Service,-0.090538,51.577174,On or near Ashfield Road,E01002057,Haringey 032D,Burglary,Investigation complete; no suspect identified
8d75310ce161c7e3312385d6ce22a1352872f4cf59566112cb8e91df8d475ad1,2024-07,Metropolitan Police Service,Metropolitan Police Service,-0.08922,51.57833,On or near Oakdale Road,E01002057,Haringey 032D,Burglary,Unable to prosecute suspect
cb7de1680ff9899f4d57dc43da87d2d5018f48f3b9dfabb2206c27010ef65ad4,2024-07,Metropolitan Police Service,Metropolitan Police Service,-0.135638,51.575435,On or near Stanhope Road,E01001987,Haringey 033C,Burglary,Investigation complete; no suspect identified
9f503f8d7e69fcf25ba8859fa242ee41e830c545f53a4f5f6b1b0a60944698a0,2024-07,Metropolitan Police Service,Metropolitan Police Service,-0.138593,51.578009,On or near Shepherd'S Hill,E01001987,Haringey 033C,Burglary,Investigation complete; no suspect identified
289272ce35d8f42190d27eb220e93f7063165e3d4969b071c5529a82d0d9105f,2024-07,Metropolitan Police Service,Metropolitan Police Service,-0.142006,51.576777,On or near Shepherd'S Close,E01001987,Haringey 033C,Burglary,Investigation complete; no suspect identified
319ee262d13f23989e2b46dbc8c11830ec81cefadc35fa94b2f1ba6a70461ec4,2024-07,Metropolitan Police Service,Metropolitan Police Service,-0.136173,51.578231,On or near Broughton Gardens,E01001987,Haringey 033C,Burglary,Investigation complete; no suspect identified
3a944e4d413bf50e370dfc048692a1b95c65eace09ce9f7ad208ae0091d10ee0,2024-07,Metropolitan Police Service,Metropolitan Police Service,-0.128455,51.582713,On or near Petrol Station,E01001989,Haringey 033D,Burglary,Awaiting court outcome
6b32cd55bb9bf4d3b38344d74cd7e603e6537e8e32f7f93201078f6397e359b0,2024-07,Metropolitan Police Service,Metropolitan Police Service,-0.126439,51.579803,On or near Berkeley Road,E01001989,Haringey 033D,Burglary,Investigation complete; no suspect identified
30fad8cadc1f3a94e3ea1da654075d436e4f846a8140670d3807373f94ef9386,2024-07,Metropolitan Police Service,Metropolitan Police Service,-0.13651,51.58077,On or near Sports/Recreation Area,E01001989,Haringey 033D,Burglary,Investigation complete; no suspect identified
2694deba0d2db131500ce26600c9f2a9ffc3bd2d9d3bf8f9273163dfd6c0ef4c,2024-07,Metropolitan Police Service,Metropolitan Police Service,-0.126427,51.580783,On or near Shanklin Road,E01001989,Haringey 033D,Burglary,Investigation complete; no suspect identified
d599ef3c0c44b42761be07b70069ffdbede6f3a11a1cb211ade089a39556d4be,2024-07,Metropolitan Police Service,Metropolitan Police Service,-0.126427,51.580783,On or near Shanklin Road,E01001989,Haringey 033D,Burglary,Investigation complete; no suspect identified
a2e826a14421adf5191384ac487a1f470cd2027913c5e03fd3ee12cf64e8b5d3,2024-07,Metropolitan Police Service,Metropolitan Police Service,-0.128455,51.582713,On or near Petrol Station,E01001989,Haringey 033D,Burglary,Unable to prosecute suspect
9f82623a72a925df762c653ae353adc5ff47eda285365f72c2a4ccfcc7169770,2024-07,Metropolitan Police Service,Metropolitan Police Service,-0.128455,51.582713,On or near Petrol Station,E01001989,Haringey 033D,Burglary,Awaiting court outcome
312e674985a9c6dd6ed038a1c83cf244a67eedc326a0dac7499900b0e2215464,2024-07,Metropolitan Police Service,Metropolitan Police Service,-0.121033,51.578251,On or near Haringey Park,E01001988,Haringey 034B,Burglary,Investigation complete; no suspect identified
1a1c327c91ad11d721614b81952218e7195aceefb376855c159941142ee50841,2024-07,Metropolitan Police Service,Metropolitan Police Service,-0.122771,51.57809,On or near Hatherley Gardens,E01001990,Haringey 034C,Burglary,Investigation complete; no suspect identified
138017a1c15d970abc996bc015c4bdaf808f85d99e8d4523b8fe37c363ba145e,2024-07,Metropolitan Police Service,Metropolitan Police Service,-0.123808,51.579203,On or near The Broadway,E01001990,Haringey 034C,Burglary,Awaiting court outcome
f7d26fb980a732b6454b1ba5502a3acf5188da54698b03a7f54b1981890c00b8,2024-07,Metropolitan Police Service,Metropolitan Police Service,-0.112731,51.573091,On or near Petrol Station,E01002062,Haringey 034D,Burglary,Investigation complete; no suspect identified
b66f3c718e3e7b2844ccf09261696c845973b301edcc8acf332bd346f43fb36d,2024-07,Metropolitan Police Service,Metropolitan Police Service,-0.140332,51.574997,On or near Orchard Road,E01002005,Haringey 035A,Burglary,Investigation complete; no suspect identified
9f706ed8ab0faf2b6300c226750e944b35ee9af9df06b9a36d186722d36264b9,2024-07,Metropolitan Police Service,Metropolitan Police Service,-0.141453,51.571211,On or near Winchester Place,E01002009,Haringey 035D,Burglary,Investigation complete; no suspect identified
7621a6ff727412e3dc007b4fd6b6ffcda99a2c54ce1fb7b5936566686da7128a,2024-07,Metropolitan Police Service,Metropolitan Police Service,-0.111901,51.570829,On or near Lorne Road,E01002064,Haringey 036C,Burglary,Investigation complete; no suspect identified
7ca56a9a79978832a1d5d7f481df8ee481a68318432376d4a414952c99769626,2024-07,Metropolitan Police Service,Metropolitan Police Service,-0.111901,51.570829,On or near Lorne Road,E01002064,Haringey 036C,Burglary,Investigation complete; no suspect identified
b968ae337766e9a85af7ae25b780f1a3e952f81068994f14ee959458b7bde36c,2024-07,Metropolitan Police Service,Metropolitan Police Service,-0.110442,51.571912,On or near Florence Road,E01002064,Haringey 036C,Burglary,Investigation complete; no suspect identified
508429ff8042f00ba1a97a7530379a30068f295747a4cee4fd505a2cb0d83398,2024-07,Metropolitan Police Service,Metropolitan Police Service,-0.108087,51.567809,On or near Ennis Road,E01002065,Haringey 036D,Burglary,Investigation complete; no suspect identified
937ece4fd5a2e8ca6df0446e70b208202f89033baee0e88ecb7f0c49e100eb04,2024-07,Metropolitan Police Service,Metropolitan Police Service,-0.067011,51.607489,On or near Cooperage Close,E01002034,Haringey 037A,Burglary,Investigation complete; no suspect identified
c3495885d4a6886b82befb5e33d0ea73b4fa62f5392dc715609c01bb0250b853,2024-07,Metropolitan Police Service,Metropolitan Police Service,-0.067011,51.607489,On or near Cooperage Close,E01002034,Haringey 037A,Burglary,Investigation complete; no suspect identified
b8b3c6b5ef9c484a11d6f1a09e863fa6b7f60d91fe6f3b6ffdb367abc7859022,2024-07,Metropolitan Police Service,Metropolitan Police Service,-0.067011,51.607489,On or near Cooperage Close,E01002034,Haringey 037A,Burglary,Investigation complete; no suspect identified
edac22d6c5272c30c8ec3d85b11c754a81eb79e12e6539b1352113180241536d,2024-07,Metropolitan Police Service,Metropolitan Police Service,-0.068097,51.60471,On or near Moselle Place,E01002034,Haringey 037A,Burglary,Investigation complete; no suspect identified
dffbd8c726bad60769995173fb84b7ca36a222a40a4600ae1401d22582f1e95e,2024-07,Metropolitan Police Service,Metropolitan Police Service,-0.066548,51.606501,On or near Bennetts Close,E01002034,Haringey 037A,Burglary,Awaiting court outcome
1637fe84abb87c957ccc054f99e09104e12786a8860b07fff072d679af7c9591,2024-07,Metropolitan Police Service,Metropolitan Police Service,-0.066548,51.606501,On or near Bennetts Close,E01002034,Haringey 037A,Burglary,Investigation complete; no suspect identified
9aabdacc5f2fb300cec1b27b35f062ca52058e25b0fd727e45ff64afae2414ef,2024-07,Metropolitan Police Service,Metropolitan Police Service,-0.069499,51.601604,On or near James Place,E01002038,Haringey 037B,Burglary,Investigation complete; no suspect identified
9337a7ede21b78bc905ea96cdc1594309e28f6c19f63c6a3c238afb442fc60a2,2024-07,Metropolitan Police Service,Metropolitan Police Service,-0.071075,51.600542,On or near Birkbeck Road,E01002041,Haringey 037C,Burglary,Investigation complete; no suspect identified
d2638b686965a4eaefa8ed05b97cb4ed66056c72a59801f2e19bcb2d3453c25f,2024-07,Metropolitan Police Service,Metropolitan Police Service,-0.069108,51.603333,On or near Brereton Road,E01032575,Haringey 037D,Burglary,Status update unavailable
87d2c08ca0d60c4c1fa5cea67064b302f2f84813b3ddef10d7a0ba5b02a9ef6d,2024-07,Metropolitan Police Service,Metropolitan Police Service,-0.317931,51.628753,On or near Warren Lane,E01002114,Harrow 001B,Burglary,Investigation complete; no suspect identified
96c2cf508bf5e3144d2514486a939ef249f956085e7c02b420020c87dc455a8f,2024-07,Metropolitan Police Service,Metropolitan Police Service,-0.315005,51.619611,On or near Halsbury Close,E01002226,Harrow 001D,Burglary,Investigation complete; no suspect identified
a25279caf22232cd68bcd2e42eb14e69605fddd5249131c87164fc5cb354f6a0,2024-07,Metropolitan Police Service,Metropolitan Police Service,-0.291282,51.618162,On or near Jesmond Way,E01002113,Harrow 002A,Burglary,Investigation complete; no suspect identified
032fe10dd89bb2a8d4366284800e64391b17ca77799ca612d4e6f11ea648a812,2024-07,Metropolitan Police Service,Metropolitan Police Service,-0.291519,51.612995,On or near Orchard Close,E01002113,Harrow 002A,Burglary,Investigation complete; no suspect identified
aa2a96035f728990696a0eb78b6e150c023f43306ca1fe769382f252fc910d2f,2024-07,Metropolitan Police Service,Metropolitan Police Service,-0.291282,51.618162,On or near Jesmond Way,E01002113,Harrow 002A,Burglary,Investigation complete; no suspect identified
11eda77fbb9900e645b89eff850e81713981cbcad03173877e14c70867b7081d,2024-07,Metropolitan Police Service,Metropolitan Police Service,-0.300559,51.613818,On or near Peters Close,E01002115,Harrow 002B,Burglary,Status update unavailable
5db2e38bdc15af76d49d102d6669ec12535e599c9ce0072e4f14bcf8b129d409,2024-07,Metropolitan Police Service,Metropolitan Police Service,-0.281753,51.610011,On or near Mead Road,E01002118,Harrow 002E,Burglary,Unable to prosecute suspect
ea4fc20d4d5557544c2a8724f24bc7e196036556caa3dbf9b10e0f625b066f1c,2024-07,Metropolitan Police Service,Metropolitan Police Service,-0.279665,51.610987,On or near Edgware Road High Street,E01002118,Harrow 002E,Burglary,Investigation complete; no suspect identified
a30c70faa7dce9a241c89ed0276b1d9120b308a463d2bd18c39957d9770ae668,2024-07,Metropolitan Police Service,Metropolitan Police Service,-0.316324,51.610511,On or near Gleneagles,E01002229,Harrow 003C,Burglary,Investigation complete; no suspect identified
99bcef4495b6c1afc940af509326df2431cfb7792e41387efb009f477d6eb400,2024-07,Metropolitan Police Service,Metropolitan Police Service,-0.32827,51.604945,On or near The Avenue,E01002141,Harrow 005B,Burglary,Investigation complete; no suspect identified
1002c1316963be4066316bf9f0f1a039b38bf5b3889a7139869c794198059ef9,2024-07,Metropolitan Police Service,Metropolitan Police Service,-0.331868,51.613557,On or near A410,E01002145,Harrow 005E,Burglary,Investigation complete; no suspect identified
6b74c982e986199ee6e549ebf0a91a39c6e35eeaf5bbdcad1d1b4785cf561e44,2024-07,Metropolitan Police Service,Metropolitan Police Service,-0.356023,51.608188,On or near Ufford Close,E01002148,Harrow 006B,Burglary,Investigation complete; no suspect identified
d85bcc935a0e81712623898ffe6ee405282e130f46340c662bdaaa82c2d35c87,2024-07,Metropolitan Police Service,Metropolitan Police Service,-0.35413,51.602631,On or near Bancroft Gardens,E01002151,Harrow 006D,Burglary,Investigation complete; no suspect identified
336a99a5301dd6b7a03b22022fcc704996ce4a0493be918a73fda6bae58fd648,2024-07,Metropolitan Police Service,Metropolitan Police Service,-0.355086,51.603355,On or near Theobald Crescent,E01002151,Harrow 006D,Burglary,Investigation complete; no suspect identified
07f1b21a1e7e266f0b1a6a2bcf089859de4c24eadc2590465cf7ca8f57f0db2c,2024-07,Metropolitan Police Service,Metropolitan Police Service,-0.352773,51.602225,On or near Secker Crescent,E01002151,Harrow 006D,Burglary,Investigation complete; no suspect identified
85ef248ab2ce34a45434833f496e96e769bc9a10f5a0e900d924e7237640867f,2024-07,Metropolitan Police Service,Metropolitan Police Service,-0.376605,51.60771,On or near Woodridings Close,E01002152,Harrow 006E,Burglary,Investigation complete; no suspect identified
26ae89866cef256466c63b942cdc57cc1b3a1a15cafdb70cfe0990820f7c709b,2024-07,Metropolitan Police Service,Metropolitan Police Service,-0.277783,51.607659,On or near Zodiac Close,E01002119,Harrow 007A,Burglary,Investigation complete; no suspect identified
0f535149c0dd0d4faf10b5f2d330b5bd76da53746e8e22b711c6b8beeaa88fb0,2024-07,Metropolitan Police Service,Metropolitan Police Service,-0.277275,51.605458,On or near Penylan Place,E01002119,Harrow 007A,Burglary,Investigation complete; no suspect identified
3f968ad7beb35418924d9abfe01a8c5f0c54070cbfd4a059b60a63b8c6923232,2024-07,Metropolitan Police Service,Metropolitan Police Service,-0.272133,51.604321,On or near Columbia Avenue,E01002122,Harrow 007D,Burglary,Investigation complete; no suspect identified
42c7dbf8e99d12a76bc120d11bff6852545f9a13b06734c2f11b0602db956641,2024-07,Metropolitan Police Service,Metropolitan Police Service,-0.271847,51.600828,On or near Oakleigh Avenue,E01002123,Harrow 007E,Burglary,Investigation complete; no suspect identified
6818fdc4166fc9ee8218f71dad5be08e9de92534ffde7ecd53a533da5d0fa154,2024-07,Metropolitan Police Service,Metropolitan Police Service,-0.273875,51.602935,On or near The Chase,E01002123,Harrow 007E,Burglary,Investigation complete; no suspect identified
3412e368e36deb2ac60c0bd6b769871ee128831ff4a39416686e39de30562a55,2024-07,Metropolitan Police Service,Metropolitan Police Service,-0.27056,51.601636,On or near Vancouver Road,E01002123,Harrow 007E,Burglary,Unable to prosecute suspect
6285dcb27334b0afd3a3e17a299dfcf81e0504954760accf7bc749b25359dc6b,2024-07,Metropolitan Police Service,Metropolitan Police Service,-0.319432,51.60142,On or near Parking Area,E01002106,Harrow 008A,Burglary,Investigation complete; no suspect identified
65e5731e784661a6e7fb6f20f4101854a9c26dcfc5476e415c387c5178ddd234,2024-07,Metropolitan Police Service,Metropolitan Police Service,-0.305568,51.612344,On or near Silverston Way,E01002109,Harrow 008C,Burglary,Unable to prosecute suspect
cfdc8fb04f65e4795f5211b1da0910995188fd41b389f7fa76609f2ad2607874,2024-07,Metropolitan Police Service,Metropolitan Police Service,-0.393471,51.599175,On or near Montesole Court,E01002186,Harrow 009B,Burglary,Investigation complete; no suspect identified
dd3023b9b8c3d39cc8fe0e8391e463240a790e6fa690cbae81d359501c602075,2024-07,Metropolitan Police Service,Metropolitan Police Service,-0.392261,51.59664,On or near Hazeldene Drive,E01002186,Harrow 009B,Burglary,Investigation complete; no suspect identified
ea5fd1c8d3176d83f90a3d886a334d9887ab99b77d9aed55e156efde2bb34753,2024-07,Metropolitan Police Service,Metropolitan Police Service,-0.395483,51.59699,On or near Supermarket,E01002186,Harrow 009B,Burglary,Unable to prosecute suspect
51c214b98be074d0ceaf7bae47c9c709b9bfd3cb522bcd1e9ec050e7e57ba80d,2024-07,Metropolitan Police Service,Metropolitan Police Service,-0.395483,51.59699,On or near Supermarket,E01002186,Harrow 009B,Burglary,Unable to prosecute suspect
4ebe4967877315ee9175af646a16ff6a340359dc6beede03dfb5062676546db9,2024-07,Metropolitan Police Service,Metropolitan Police Service,-0.291882,51.602586,On or near Sports/Recreation Area,E01002200,Harrow 010D,Burglary,Investigation complete; no suspect identified
51a778349fc52e55fb1e418e3960514cf0987fd60c63319862671feb27a2fa29,2024-07,Metropolitan Police Service,Metropolitan Police Service,-0.335871,51.600845,On or near Annette Close,E01002233,Harrow 011B,Burglary,Investigation complete; no suspect identified
013ec41792c71a340371b8ec05f4c9729a9ad835b71ee914667afc7644069482,2024-07,Metropolitan Police Service,Metropolitan Police Service,-0.329784,51.601451,On or near Bishop Ken Road,E01002235,Harrow 011D,Burglary,Investigation complete; no suspect identified
665eea25c28a280a5b30c7da8667ce62a737f25e49ec878ed0376e50788661ae,2024-07,Metropolitan Police Service,Metropolitan Police Service,-0.338702,51.598439,On or near Artisan Place,E01002236,Harrow 011E,Burglary,Investigation complete; no suspect identified
386fa32f4ba4f1f5246a8c9116328a14b6f32b36808de4f93e5c3ce713a79fe1,2024-07,Metropolitan Police Service,Metropolitan Police Service,-0.299864,51.599547,On or near Ladycroft Walk,E01002107,Harrow 012A,Burglary,Investigation complete; no suspect identified
d9500067e7c191fc0f60653fbf155c53b43b786eb364de80ba0df6e6c26855a3,2024-07,Metropolitan Police Service,Metropolitan Police Service,-0.301699,51.600688,On or near Lamorna Grove,E01002107,Harrow 012A,Burglary,Investigation complete; no suspect identified
68f29671a38d1b20def6d231a5c018c6968970d3e9b8a07ac409c09c060be7cb,2024-07,Metropolitan Police Service,Metropolitan Police Service,-0.290666,51.594575,On or near Everton Drive,E01002202,Harrow 012E,Burglary,Investigation complete; no suspect identified
1007e7198a2695ceca1705791a99f9ece1c5c2c0c8fc812fdf327d9760e8044a,2024-07,Metropolitan Police Service,Metropolitan Police Service,-0.294197,51.596272,On or near Petrol Station,E01002202,Harrow 012E,Burglary,Investigation complete; no suspect identified
4f23528e7df6694a2373cde31d7ddff58c06daaf38f3fe2b7ce06fabb9ee678c,2024-07,Metropolitan Police Service,Metropolitan Police Service,-0.336,51.593365,On or near Ellen Webb Drive,E01002179,Harrow 013A,Burglary,Investigation complete; no suspect identified
12945d60c0a5b217404f636ebea9be02d6fbad63b960e4bb8b406f60617d3b28,2024-07,Metropolitan Police Service,Metropolitan Police Service,-0.334267,51.59379,On or near Parking Area,E01002179,Harrow 013A,Burglary,Investigation complete; no suspect identified
52ffaf2fc681fb749f3222613c245f85cd25f0272aac767cbf90947b74a9ef01,2024-07,Metropolitan Police Service,Metropolitan Police Service,-0.336478,51.593336,On or near Parking Area,E01002179,Harrow 013A,Burglary,Investigation complete; no suspect identified
24f201a8eb2e0ce5964a101ef794e8d388f8d84ed9b100712830d90dd33b01b7,2024-07,Metropolitan Police Service,Metropolitan Police Service,-0.336,51.593365,On or near Ellen Webb Drive,E01002179,Harrow 013A,Burglary,Investigation complete; no suspect identified
bd90baacc86e2f5548675f5a411fb7f447a2cc3ed2e692e29a6aa28592222ec4,2024-07,Metropolitan Police Service,Metropolitan Police Service,-0.331971,51.593389,On or near Bus/Coach Station,E01002179,Harrow 013A,Burglary,Investigation complete; no suspect identified
69ec4407dba0701d6d6e056d58433c180b6229cfcebca1c388855af16111665f,2024-07,Metropolitan Police Service,Metropolitan Police Service,-0.334112,51.594067,On or near Gladstone Way,E01002179,Harrow 013A,Burglary,Investigation complete; no suspect identified
5237979fdf0e17f455d360af4294a2eae282eec0c4db56f93bc8bd032ec77ddf,2024-07,Metropolitan Police Service,Metropolitan Police Service,-0.330189,51.595935,On or near Byron Road,E01002183,Harrow 013C,Burglary,Status update unavailable
7571e369ea05bee37061da48460a107f2439e960a3c56f20295bccf9976403b4,2024-07,Metropolitan Police Service,Metropolitan Police Service,-0.334574,51.596843,On or near Thomson Road,E01002183,Harrow 013C,Burglary,Investigation complete; no suspect identified
48379ad41c5f1105900a4bfa0871abdb6a6ac7b5115bf313b27aac02587c0616,2024-07,Metropolitan Police Service,Metropolitan Police Service,-0.325502,51.595392,On or near Belmont Road,E01002184,Harrow 013D,Burglary,Investigation complete; no suspect identified
092b5dee425c2120c342471044823b430eae5e5489f8eb35fcf92af05d19b64d,2024-07,Metropolitan Police Service,Metropolitan Police Service,-0.330879,51.59287,On or near Oxford Road,E01034591,Harrow 013F,Burglary,Investigation complete; no suspect identified
8b6b26d5a8f70ed9a6c0c0c2295a7dbbb098dd1bf30de9e90d2ba253921f327a,2024-07,Metropolitan Police Service,Metropolitan Police Service,-0.329585,51.590747,On or near Herga Road,E01034591,Harrow 013F,Burglary,Investigation complete; no suspect identified
73917f9d23c0e3e9f0bbcc5f71ab4418d1ad52e0f9ada413abc1184343f5c764,2024-07,Metropolitan Police Service,Metropolitan Police Service,-0.330879,51.59287,On or near Oxford Road,E01034591,Harrow 013F,Burglary,Investigation complete; no suspect identified
ee0918fe3e90f13c6be5d21e09c95d8c648f80eb3fbe2bed16236ff4d22b4d0c,2024-07,Metropolitan Police Service,Metropolitan Police Service,-0.33406,51.59234,On or near The Bridge,E01034592,Harrow 013G,Burglary,Investigation complete; no suspect identified
cf7cf1b791394eb4f2ff1626c97ad82e02b8df6a254a1c83742b727684aaea13,2024-07,Metropolitan Police Service,Metropolitan Police Service,-0.33406,51.59234,On or near The Bridge,E01034592,Harrow 013G,Burglary,Unable to prosecute suspect
1bc9b337fc6a24ca94ed3922f881c13caf890a4815c53e25e24ae574503391d5,2024-07,Metropolitan Police Service,Metropolitan Police Service,-0.346705,51.593175,On or near Harrow View,E01002162,Harrow 015C,Burglary,Investigation complete; no suspect identified
23276bebc87b558b0eaddcaaebadf116849de4e88d05ddc3395fb22688473259,2024-07,Metropolitan Police Service,Metropolitan Police Service,-0.346705,51.593175,On or near Harrow View,E01002162,Harrow 015C,Burglary,Investigation complete; no suspect identified
e274b09aa21d1c8d0905b60e6c8adaf27db1237448e2a4cb341aa50e229a105b,2024-07,Metropolitan Police Service,Metropolitan Police Service,-0.381318,51.601498,On or near Burhill Grove,E01002188,Harrow 016A,Burglary,Investigation complete; no suspect identified
4406fb74c2419eb85194102bd44138dfa286b27c9da4ec6dbbff53af61e6d33a,2024-07,Metropolitan Police Service,Metropolitan Police Service,-0.372663,51.591559,On or near Copperfield Way,E01002189,Harrow 016B,Burglary,Awaiting court outcome
be6ee4c382ec73fdcd629529e0d62c6b879a836cc7e33f34d50af262092bcb40,2024-07,Metropolitan Police Service,Metropolitan Police Service,-0.383465,51.594712,On or near Bridge Street,E01002189,Harrow 016B,Burglary,Unable to prosecute suspect
c6bf232306ca0dab5f30c0d320a09860cf8be5e5030e5422e58a9d4251aa099f,2024-07,Metropolitan Police Service,Metropolitan Police Service,-0.391401,51.592789,On or near North Way,E01002192,Harrow 016C,Burglary,Investigation complete; no suspect identified
a427ec09c9b90d1420590c907131dda2baaf2a6422f81e76357d57f0f9d334d3,2024-07,Metropolitan Police Service,Metropolitan Police Service,-0.363118,51.585195,On or near North Harrow,E01002157,Harrow 019C,Burglary,Unable to prosecute suspect
b9cf37da562df8dc84e52c5aabf3cfd41a29304ec053eeea6cf0b270956987be,2024-07,Metropolitan Police Service,Metropolitan Police Service,-0.336008,51.584076,On or near Wellesley Road,E01002128,Harrow 020A,Burglary,Court result unavailable
cef65bb949a82359c40aa11c53eb19df58f7bc2a71e7a114a803abd2fa859ea4,2024-07,Metropolitan Police Service,Metropolitan Police Service,-0.339615,51.582122,On or near St Kilda'S Road,E01002128,Harrow 020A,Burglary,Awaiting court outcome
6c2f5c64a73dbb91d8c36cc912b33f91596aa230763d76c2eb19567354849bfd,2024-07,Metropolitan Police Service,Metropolitan Police Service,-0.332919,51.583277,On or near Parking Area,E01002130,Harrow 020B,Burglary,Investigation complete; no suspect identified
4dd4dca776b834bb067a42ad8d23271178adeefb884837178f222433f422de9d,2024-07,Metropolitan Police Service,Metropolitan Police Service,-0.332617,51.581672,On or near Parking Area,E01002130,Harrow 020B,Burglary,Investigation complete; no suspect identified
e945dbc5f363532e9765a64e9bedf30aa0c343964d512acf7c4a6cba0c1d0466,2024-07,Metropolitan Police Service,Metropolitan Police Service,-0.346912,51.593825,On or near Duarte Close,E01002181,Harrow 020C,Burglary,Investigation complete; no suspect identified
cf834d525a356a7e38c41306eea7a06763689384e43d2f280a1eaccd1419985d,2024-07,Metropolitan Police Service,Metropolitan Police Service,-0.342654,51.593028,On or near Headstone Drive,E01002181,Harrow 020C,Burglary,Investigation complete; no suspect identified
0b4a6b15f23d5bb01e802558c172f19317bfbb198949ff8c779939a1b6ae2b7f,2024-07,Metropolitan Police Service,Metropolitan Police Service,-0.345412,51.592203,On or near The Mews,E01002181,Harrow 020C,Burglary,Investigation complete; no suspect identified
24cf3e28d3ca16da1c0845d45f43dcf7ce4d0f504229eafad85487ba03e563a2,2024-07,Metropolitan Police Service,Metropolitan Police Service,-0.345007,51.590633,On or near Harley Road,E01002181,Harrow 020C,Burglary,Investigation complete; no suspect identified
8e443834a9011f2159c91d9ed8ea1e44ff099e8d10e215baf18a29167cd9bdb7,2024-07,Metropolitan Police Service,Metropolitan Police Service,-0.350831,51.582496,On or near Rutland Road,E01002160,Harrow 021B,Burglary,Investigation complete; no suspect identified
c75c1c99a515ac5ba0b5ac7847b7de496dcca142de426f43cf36dc50c9049abb,2024-07,Metropolitan Police Service,Metropolitan Police Service,-0.350831,51.582496,On or near Rutland Road,E01002160,Harrow 021B,Burglary,Investigation complete; no suspect identified
62b4d3bf2df10e68c1aa0c3bc764d6fd584d22066c826290a4be88a6af478841,2024-07,Metropolitan Police Service,Metropolitan Police Service,-0.389155,51.590582,On or near Hillcrest Avenue,E01002194,Harrow 022B,Burglary,Investigation complete; no suspect identified
e35e355275a9e38c1b59c2ecf4909c052bb2a997c6eea61405dcb3526bb49a4d,2024-07,Metropolitan Police Service,Metropolitan Police Service,-0.384787,51.590405,On or near Wentworth Way,E01002194,Harrow 022B,Burglary,Investigation complete; no suspect identified
ca20886d25ad0ff33ac15a73efdc814ed428a4b68cb4febf754e4a3310aa04e2,2024-07,Metropolitan Police Service,Metropolitan Police Service,-0.389155,51.590582,On or near Hillcrest Avenue,E01002194,Harrow 022B,Burglary,Investigation complete; no suspect identified
7669deb0133c49320969a478a7345cb3991b3825ecd62413e49b3fb8f661bf47,2024-07,Metropolitan Police Service,Metropolitan Police Service,-0.337533,51.581832,On or near Greenhill Way,E01002129,Harrow 023C,Burglary,Investigation complete; no suspect identified
e5006d6fad2c127b885878cfa2d022b7d580699cdb4b64fcd9cf906865dc8f4e,2024-07,Metropolitan Police Service,Metropolitan Police Service,-0.334768,51.581253,On or near Havelock Place,E01002129,Harrow 023C,Burglary,Investigation complete; no suspect identified
1ec1cec321600fc5a18e7b17da32b45f2d852f3d950078d62de373eaf8143b69,2024-07,Metropolitan Police Service,Metropolitan Police Service,-0.337533,51.581832,On or near Greenhill Way,E01002129,Harrow 023C,Burglary,Awaiting court outcome
459b82058be7f07a83cfb6ff3e0651f8b1eee8d6e2f410ff07ada57b2d1b2ca5,2024-07,Metropolitan Police Service,Metropolitan Police Service,-0.337533,51.581832,On or near Greenhill Way,E01002129,Harrow 023C,Burglary,Court result unavailable
120932590ac3f26074a13beed2fecd0361a8b98faa646046a43e5956cbb3fcaf,2024-07,Metropolitan Police Service,Metropolitan Police Service,-0.336798,51.581021,On or near Shopping Area,E01002129,Harrow 023C,Burglary,Awaiting court outcome
013545f4e171882da62f4736c8456942b1ad70eff5da10013309ffa7c82400ee,2024-07,Metropolitan Police Service,Metropolitan Police Service,-0.324378,51.583965,On or near Crofts Road,E01002131,Harrow 023D,Burglary,Investigation complete; no suspect identified
9eca0f27d95db63910f0779283c7f72b5ad3ad113e32f565d415be3420495f85,2024-07,Metropolitan Police Service,Metropolitan Police Service,-0.334538,51.579667,On or near William Carey Way,E01034598,Harrow 023H,Burglary,Investigation complete; no suspect identified
bc9676b497e07dc19f803a91c8303f6d007a95d870746252d2a0314034f0bba7,2024-07,Metropolitan Police Service,Metropolitan Police Service,-0.371008,51.577266,On or near Rayners Lane,E01002209,Harrow 025B,Burglary,Investigation complete; no suspect identified
6d43a25bf683041d7a906f2a2adf8d53039cd44c69de0257154642755e10a1cf,2024-07,Metropolitan Police Service,Metropolitan Police Service,-0.361929,51.57651,On or near Fernbrook Drive,E01002239,Harrow 025C,Burglary,Investigation complete; no suspect identified
2fc8b4ff17aea8ade698add957ef703fb71734da70f86b57cbf856d8a04d5f26,2024-07,Metropolitan Police Service,Metropolitan Police Service,-0.36959,51.576563,On or near Imperial Drive,E01002239,Harrow 025C,Burglary,Investigation complete; no suspect identified
cebd42b1798cedf2985a611a06e295a7ef8caf75072d71f0060bd91da44a08ae,2024-07,Metropolitan Police Service,Metropolitan Police Service,-0.348555,51.568427,On or near Police Station,E01002133,Harrow 027A,Burglary,Investigation complete; no suspect identified
b568f10e3366b9049d2fe6f9442e528d7a763d275601177a2f611c495a705112,2024-07,Metropolitan Police Service,Metropolitan Police Service,-0.352675,51.569816,On or near Dudley Road,E01002138,Harrow 027C,Burglary,Investigation complete; no suspect identified
54f0d489e9fbdb470a2001f29bc8b28e32d9cf793d8a7faa3d365620bc1b4b2e,2024-07,Metropolitan Police Service,Metropolitan Police Service,-0.358135,51.566062,On or near Maple Avenue,E01034599,Harrow 027E,Burglary,Investigation complete; no suspect identified
153e6b31803c4ace923fb0d365813bb746fe1002ec08ead8905cf1f31715a492,2024-07,Metropolitan Police Service,Metropolitan Police Service,-0.37622,51.5667,On or near Kings Road,E01002216,Harrow 028C,Burglary,Investigation complete; no suspect identified
77d76e5c62b42d4d45034bdae804a2857a6a8551f7db9ae249b908ac8660640c,2024-07,Metropolitan Police Service,Metropolitan Police Service,-0.331882,51.561933,On or near Sudbury Hill,E01002135,Harrow 029C,Burglary,Awaiting court outcome
be654785003ed45bbf5698a6f7f223d4fc1bfaa01223d1dc3a823e194db5cb2f,2024-07,Metropolitan Police Service,Metropolitan Police Service,-0.331882,51.561933,On or near Sudbury Hill,E01002135,Harrow 029C,Burglary,Unable to prosecute suspect
ff98768d7e720a27a0da0aee77631aef07887874142c5c767ab3c45744668108,2024-07,Metropolitan Police Service,Metropolitan Police Service,-0.354117,51.563839,On or near Shopping Area,E01002219,Harrow 030B,Burglary,Investigation complete; no suspect identified
89b0f1c42929eff96cfdcc0cad799d47f002c67cc8c2eaa604aa7775f592e129,2024-07,Metropolitan Police Service,Metropolitan Police Service,-0.354854,51.564209,On or near Crane Close,E01002219,Harrow 030B,Burglary,Investigation complete; no suspect identified
7a95dea4b5df70390f5f70b3ec6c679250ff44413866e51b695a6b08d2254016,2024-07,Metropolitan Police Service,Metropolitan Police Service,-0.354854,51.564209,On or near Crane Close,E01002219,Harrow 030B,Burglary,Investigation complete; no suspect identified
42cea10f661719fd06b0266307a43cba4c1f0663db918bfec8633ea567d7acdc,2024-07,Metropolitan Police Service,Metropolitan Police Service,-0.372236,51.563911,On or near Hamilton Crescent,E01002215,Harrow 031B,Burglary,Investigation complete; no suspect identified
8a41795ea495cfb9bdcb33d572dbd5d34f971abc1ae174be72f5a03e6a583395,2024-07,Metropolitan Police Service,Metropolitan Police Service,-0.294873,51.587461,On or near Morland Road,E01002171,Harrow 033B,Burglary,Unable to prosecute suspect
2cf52b21a96187944e5280b20d8d4fea51f7a5fec65681f0c4a00bdfdd522468,2024-07,Metropolitan Police Service,Metropolitan Police Service,0.214919,51.611383,On or near Taunton Road,E01002312,Havering 001C,Burglary,Status update unavailable
2127b9b014affd13002cf562d697d486174f11bcaca3d87e956bd5511fa7a0ab,2024-07,Metropolitan Police Service,Metropolitan Police Service,0.214919,51.611383,On or near Taunton Road,E01002312,Havering 001C,Burglary,Investigation complete; no suspect identified
152370ff96b4614cb47c2df2a3ecb770c994277fe09c9009035b692fd7db6b8a,2024-07,Metropolitan Police Service,Metropolitan Police Service,0.232106,51.599591,On or near Wednesbury Road,E01002299,Havering 002E,Burglary,Investigation complete; no suspect identified
05f906dff0c955a9e6045e99d2b8677d19a5353b3bf3d6a961d81ca199521f51,2024-07,Metropolitan Police Service,Metropolitan Police Service,0.176031,51.601004,On or near Swansea Close,E01002303,Havering 003B,Burglary,Investigation complete; no suspect identified
b11e002a6290dc7c6226772b5a032d70412f1ee94859dc97cb0a9457d834a879,2024-07,Metropolitan Police Service,Metropolitan Police Service,0.176331,51.607276,On or near Ashvale Gardens,E01002304,Havering 003C,Burglary,Unable to prosecute suspect
eaeddcefc669333c5636272a006d2fe80ab30dd98b9b0941e37babf0df7b37d2,2024-07,Metropolitan Police Service,Metropolitan Police Service,0.215381,51.609315,On or near Barnstaple Road,E01002280,Havering 004A,Burglary,Investigation complete; no suspect identified
791fe3f9ef3667eb8e4aa9360b718f42314c5805b5b071ed1335000f6ab3892b,2024-07,Metropolitan Police Service,Metropolitan Police Service,0.223683,51.605417,On or near Tansy Close,E01002282,Havering 004B,Burglary,Investigation complete; no suspect identified
177194c4def3cc884d5bd744ed606be4c8e2cb37856d0674a45d5727eb6d9e23,2024-07,Metropolitan Police Service,Metropolitan Police Service,0.218625,51.604748,On or near Dartfields,E01002284,Havering 004C,Burglary,Investigation complete; no suspect identified
c0fa9f4683b3ab1df29562a7e82e4cae3f616c8b1acedd39634b542e9aec2a12,2024-07,Metropolitan Police Service,Metropolitan Police Service,0.158185,51.605345,On or near Supermarket,E01002302,Havering 005A,Burglary,Investigation complete; no suspect identified
e4afaa3c3002ebc9155eac553f4c115433d0127e8eebdd2d5f6c9afce530e367,2024-07,Metropolitan Police Service,Metropolitan Police Service,0.204948,51.59997,On or near Mellonde Close,E01002309,Havering 006A,Burglary,Investigation complete; no suspect identified
23b2b1b00bc9d8cf84b0df37a4a71b30be18fbb0b32ade446e65f9a4944f23d9,2024-07,Metropolitan Police Service,Metropolitan Police Service,0.202434,51.597553,On or near Ruskin Gardens,E01002311,Havering 006C,Burglary,Investigation complete; no suspect identified
bbab2f8bf738055d8cfdd7c1850066fbfae85601f4fe6f070468fb7cf879dcab,2024-07,Metropolitan Police Service,Metropolitan Police Service,0.210236,51.593189,On or near Ramsay Gardens,E01002311,Havering 006C,Burglary,Investigation complete; no suspect identified
1d0ac7401c00b09604ae311a90cfa3bca0b24859de17f9db15d7fe05fa831176,2024-07,Metropolitan Police Service,Metropolitan Police Service,0.233611,51.587584,On or near Recreation Avenue,E01002294,Havering 007B,Burglary,Investigation complete; no suspect identified
e90ae4f14b873276051f5663721fd4d89e6bb498376d3c6d221fd9f68a00d4f7,2024-07,Metropolitan Police Service,Metropolitan Police Service,0.249266,51.603194,On or near Willow Way,E01002296,Havering 007C,Burglary,Investigation complete; no suspect identified
7c3217e38b0f75f290e53bf1f71a2b238f96336a373fc5b89de0239c4b4f70cc,2024-07,Metropolitan Police Service,Metropolitan Police Service,0.235704,51.598156,On or near Sussex Avenue,E01002298,Havering 007D,Burglary,Investigation complete; no suspect identified
b460cde1a7b10ae36d92ef20ad37760f58846a4798a25999c23bde321ebafaf6,2024-07,Metropolitan Police Service,Metropolitan Police Service,0.235162,51.596548,On or near Avenue Road,E01002300,Havering 007E,Burglary,Investigation complete; no suspect identified
7d75ca31ceddfcf19cef6dbfd9e1e5e7fbdab586895370bde8b359768eb55af8,2024-07,Metropolitan Police Service,Metropolitan Police Service,0.222246,51.594023,On or near Aubrietia Close,E01033784,Havering 007F,Burglary,Investigation complete; no suspect identified
c54aa7fe5adad145864b35358345dc2cad1600a71cdbf5455413a8c1040baf75,2024-07,Metropolitan Police Service,Metropolitan Police Service,0.220417,51.590272,On or near Rutley Close,E01033784,Havering 007F,Burglary,Investigation complete; no suspect identified
b5e70284167cef33c13c3d0cd822f2635de1076da17e4013a06db643591b2c67,2024-07,Metropolitan Police Service,Metropolitan Police Service,0.220417,51.590272,On or near Rutley Close,E01033784,Havering 007F,Burglary,Unable to prosecute suspect
ce8edf96917fe38615d501582b75843956712af01c61c11829fcc213522deedf,2024-07,Metropolitan Police Service,Metropolitan Police Service,0.223182,51.59397,On or near Columbine Way,E01033784,Havering 007F,Burglary,Investigation complete; no suspect identified
ba633377ec1e51229e445e57f09e5f958bcd8ab136d17203281f564d8499f4f7,2024-07,Metropolitan Police Service,Metropolitan Police Service,0.222246,51.594023,On or near Aubrietia Close,E01033784,Havering 007F,Burglary,Awaiting court outcome
cb64015e2acee58dfb756b3e4914cd6ae76cc79bda3f287c9523f98fb1a405fd,2024-07,Metropolitan Police Service,Metropolitan Police Service,0.234079,51.593601,On or near Station Road,E01033785,Havering 007G,Burglary,Investigation complete; no suspect identified
9fc194fc376d6448c82e8ffd54c04c0638f735d3383da82860527fd4fabd55f6,2024-07,Metropolitan Police Service,Metropolitan Police Service,0.175754,51.575875,On or near Knightsbridge Gardens,E01002244,Havering 011A,Burglary,Investigation complete; no suspect identified
2f6cec92621779d321f8303602fb8fc6ed738997add39e301d5e336592d85652,2024-07,Metropolitan Police Service,Metropolitan Police Service,0.194792,51.586401,On or near Gidea Avenue,E01002337,Havering 012A,Burglary,Investigation complete; no suspect identified
2864fa39ececd594af3b11c66f01a366abe527e48bb3774ef5b7864192fd5492,2024-07,Metropolitan Police Service,Metropolitan Police Service,0.205347,51.584944,On or near Wallenger Avenue,E01002376,Havering 012C,Burglary,Investigation complete; no suspect identified
0ede1e3bfa89c6439a86ef4ac97b63f913dd0dd237ff5f0217b7a9e7c0995638,2024-07,Metropolitan Police Service,Metropolitan Police Service,0.208977,51.580029,On or near Eugene Close,E01002379,Havering 012D,Burglary,Awaiting court outcome
297c021b38d40b069e2bb547fe95b846b559b340552868907ecd1effab9ba193,2024-07,Metropolitan Police Service,Metropolitan Police Service,0.210702,51.580185,On or near Cobill Close,E01002380,Havering 012E,Burglary,Investigation complete; no suspect identified
9cf4b690ac9770a2760afea00c7eed85c752c2fb71e0a1bae82fb6633bc117b7,2024-07,Metropolitan Police Service,Metropolitan Police Service,0.178917,51.57864,On or near Angel Way,E01002353,Havering 013B,Burglary,Investigation complete; no suspect identified
d336c41ce81a03582baaacbd993e5f2f37721eea72ee6e3c3c0621f771f0aff8,2024-07,Metropolitan Police Service,Metropolitan Police Service,0.179318,51.58008,On or near St Edwards Way,E01002353,Havering 013B,Burglary,Unable to prosecute suspect
8954fadcde6e4f19819f3549e5e4c70bc2ae056c958254bf99b489015d92d2d9,2024-07,Metropolitan Police Service,Metropolitan Police Service,0.178213,51.581423,On or near Ingrave Road,E01002353,Havering 013B,Burglary,Investigation complete; no suspect identified
8acacffeccd3a906fe42d65ecdbe3573aaf6d0ee521a1f75bee4c61ccadd93ce,2024-07,Metropolitan Police Service,Metropolitan Police Service,0.182734,51.575466,On or near Havana Close,E01002356,Havering 013C,Burglary,Status update unavailable
c0254d3e20d1eae8c95bf5b3517f61a8878f76bd8c030218a33898d795ef0f11,2024-07,Metropolitan Police Service,Metropolitan Police Service,0.180905,51.575851,On or near Parking Area,E01002356,Havering 013C,Burglary,Investigation complete; no suspect identified
e8f3026c19d637ab4e8829145761390ce96ad7a23f49e62d2b5d8ad5afac721b,2024-07,Metropolitan Police Service,Metropolitan Police Service,0.182734,51.575466,On or near Havana Close,E01002356,Havering 013C,Burglary,Awaiting court outcome
6c14b94300dd7f6f29be35f0ebef3b852dcb1baac813303b017bd33d243345f5,2024-07,Metropolitan Police Service,Metropolitan Police Service,0.181563,51.576028,On or near Exchange Street,E01002356,Havering 013C,Burglary,Investigation complete; no suspect identified
5bfab4fdcb5609e2149a60f2a310fae79aee361ad1e48f12161a595f94198be8,2024-07,Metropolitan Police Service,Metropolitan Police Service,0.184403,51.576559,On or near Slaney Road,E01032741,Havering 013E,Burglary,Investigation complete; no suspect identified
3213319f21df899676e6488bf23083a27cc24bf2aa26687494fe34630d056a44,2024-07,Metropolitan Police Service,Metropolitan Police Service,0.182214,51.577486,On or near Shopping Area,E01032741,Havering 013E,Burglary,Awaiting court outcome
c2973170b19a5a706b557898e4087503c0c9641281d7330e8479479e2e02ba49,2024-07,Metropolitan Police Service,Metropolitan Police Service,0.212579,51.571868,On or near Lewis Road,E01002274,Havering 014B,Burglary,Investigation complete; no suspect identified
ed4788843a72a3cd4729d0772950c501e98e5ee7655468415aa78652e2e7e4fc,2024-07,Metropolitan Police Service,Metropolitan Police Service,0.20353,51.575743,On or near Lytton Road,E01002382,Havering 014F,Burglary,Investigation complete; no suspect identified
39c71184356c5e7588e5d8105fe3f71bb45c4d37ce657642fd610b5586278f14,2024-07,Metropolitan Police Service,Metropolitan Police Service,0.233953,51.577794,On or near Tall Pines Close,E01002271,Havering 015B,Burglary,Investigation complete; no suspect identified
56524024d76d6b99544f742e2d46d93a83d4032d685c9fdf45a87a4dde199db9,2024-07,Metropolitan Police Service,Metropolitan Police Service,0.187423,51.565523,On or near Roneo Corner,E01002319,Havering 016A,Burglary,Investigation complete; no suspect identified
5801e75f7c3d08e6c437a5be6963f7e594f5fcc7e5328b7db693ead1926e76b7,2024-07,Metropolitan Police Service,Metropolitan Police Service,0.187423,51.565523,On or near Roneo Corner,E01002319,Havering 016A,Burglary,Investigation complete; no suspect identified
bf1345e97ab996fe9ab33e26aceab2b76eebb75da974df72bfb434314f56bed9,2024-07,Metropolitan Police Service,Metropolitan Police Service,0.187423,51.565523,On or near Roneo Corner,E01002319,Havering 016A,Burglary,Investigation complete; no suspect identified
e8736d78705e6d158af39a863a455807d455e74dc1aed57681faf17b71e1842f,2024-07,Metropolitan Police Service,Metropolitan Police Service,0.191839,51.566735,On or near Petrol Station,E01002319,Havering 016A,Burglary,Unable to prosecute suspect
d215eb42c1c762138c6023b6c9e8994fb263ebe53c5a8689f5d6f7f25aea0d81,2024-07,Metropolitan Police Service,Metropolitan Police Service,0.187423,51.565523,On or near Roneo Corner,E01002319,Havering 016A,Burglary,Investigation complete; no suspect identified
053f548bb66a2959bf30b9bc5c7bb724bfb149c15945ae2c96f28d4b47880d4f,2024-07,Metropolitan Police Service,Metropolitan Police Service,0.187423,51.565523,On or near Roneo Corner,E01002319,Havering 016A,Burglary,Unable to prosecute suspect
2db4108557b9b9344b5ba3d494c265f531f3e95c7129bb3daa29597761ea2101,2024-07,Metropolitan Police Service,Metropolitan Police Service,0.183528,51.569605,On or near Shopping Area,E01002350,Havering 016B,Burglary,Unable to prosecute suspect
e3d9b04cb1d782402b2ee28a1820d37758f81d72e32e23328b57d194aa983347,2024-07,Metropolitan Police Service,Metropolitan Police Service,0.183528,51.569605,On or near Shopping Area,E01002350,Havering 016B,Burglary,Investigation complete; no suspect identified
3f828d0fe2bedd120c58be39b4656ed4b689e76bcc612d8ca200ffbfef3180bd,2024-07,Metropolitan Police Service,Metropolitan Police Service,0.189899,51.567806,On or near Clydesdale Road,E01002351,Havering 016C,Burglary,Investigation complete; no suspect identified
10ca9b986b4d054d48f4a5d31a77c3c2cb23b27c6cb72454a6244835c579a3f3,2024-07,Metropolitan Police Service,Metropolitan Police Service,0.186001,51.573778,On or near Alexandra Road,E01002358,Havering 016E,Burglary,Investigation complete; no suspect identified
c65aca13db59b71640e1f140723089483d84e57921f6bf203e307a4243a5e735,2024-07,Metropolitan Police Service,Metropolitan Police Service,0.180399,51.570411,On or near Parking Area,E01033786,Havering 017G,Burglary,Investigation complete; no suspect identified
e87bcae299012090afefc42d7662e6fa3d1c9973a2f5abe3aeeb7e331fe648d7,2024-07,Metropolitan Police Service,Metropolitan Police Service,0.178749,51.571808,On or near Maxwell Road,E01033786,Havering 017G,Burglary,Investigation complete; no suspect identified
059e61053642af022db454cae4285d233efebf89aa92dd9fb468d1eb65cbf44b,2024-07,Metropolitan Police Service,Metropolitan Police Service,0.185718,51.565761,On or near Rush Green Road,E01033788,Havering 017I,Burglary,Investigation complete; no suspect identified
63b64fcd6ac6caa8e6f3871903414262809c28b26e6242e53bf2cf7e32afae10,2024-07,Metropolitan Police Service,Metropolitan Police Service,0.272422,51.5579,On or near B187,E01002391,Havering 018E,Burglary,Investigation complete; no suspect identified
3848d79e5b5925d9bfe201ef27aef1ab0249713760402225eb7008bf0fb1ae59,2024-07,Metropolitan Police Service,Metropolitan Police Service,0.29081,51.562093,On or near St Mary'S Lane,E01002391,Havering 018E,Burglary,Investigation complete; no suspect identified
27e112cee5f04ea2aff13973de421d777e9db99f7b59b713ea143194bef43da7,2024-07,Metropolitan Police Service,Metropolitan Police Service,0.252656,51.560799,On or near Latham Place,E01002257,Havering 019C,Burglary,Investigation complete; no suspect identified
3ea0d4fed8f15beefbc55d8562bcf96f52d0f0a1829cabdfe7be69c5d8645c57,2024-07,Metropolitan Police Service,Metropolitan Police Service,0.222732,51.561091,On or near Kareena Close,E01002361,Havering 020C,Burglary,Investigation complete; no suspect identified
d7c89aff84aecd5f6d2a5feed2ae155a29382d91de73dc1d5a113088edea919b,2024-07,Metropolitan Police Service,Metropolitan Police Service,0.220916,51.561719,On or near High Street,E01002361,Havering 020C,Burglary,Status update unavailable
5bfa6d467c7ac61bc53629d586513634787b53d4d324a1e605275a06bf50422d,2024-07,Metropolitan Police Service,Metropolitan Police Service,0.219797,51.563044,On or near Leather Lane,E01002361,Havering 020C,Burglary,Unable to prosecute suspect
0ff9bfa0dc005e5b7affb24f1956c36491d703f60f475ce6fcf9f82d68af41a1,2024-07,Metropolitan Police Service,Metropolitan Police Service,0.222732,51.561091,On or near Kareena Close,E01002361,Havering 020C,Burglary,Unable to prosecute suspect
131e2cf333d444567964935bb33ce79b21f93a3ca7fb08a6374b7f4a1f462f31,2024-07,Metropolitan Police Service,Metropolitan Police Service,0.190488,51.562642,On or near Strathmore Gardens,E01002323,Havering 021D,Burglary,Investigation complete; no suspect identified
4b46d772da9787b89fa27f53d85e8fe1b328ea4944db4492d6e6b7f26b889613,2024-07,Metropolitan Police Service,Metropolitan Police Service,0.195633,51.561323,On or near Albany Road,E01002324,Havering 021E,Burglary,Investigation complete; no suspect identified
ccbfdbcd8fc34d13625039bbe22406e5f1c37b53652a4ccfa578a3b77d1892eb,2024-07,Metropolitan Police Service,Metropolitan Police Service,0.240643,51.561803,On or near Frimley Avenue,E01002255,Havering 022A,Burglary,Status update unavailable
3e50ece1d104295cbb718e9e8f18692c3b2cf520ccc895ead6378cbf04bd932c,2024-07,Metropolitan Police Service,Metropolitan Police Service,0.247005,51.555925,On or near Gridiron Place,E01002386,Havering 022E,Burglary,Investigation complete; no suspect identified
999bcc1e4de185b3aa111bc3421fe109cc06dc7d313fa216266878fdcc7e27e4,2024-07,Metropolitan Police Service,Metropolitan Police Service,0.241826,51.558569,On or near Church View,E01002386,Havering 022E,Burglary,Investigation complete; no suspect identified
d7441d0ee1a24843b8c19b26d82d06dd837cb09219c41f6e95442374ab162fc0,2024-07,Metropolitan Police Service,Metropolitan Police Service,0.24562,51.557382,On or near Cranborne Gardens,E01002386,Havering 022E,Burglary,Investigation complete; no suspect identified
1549d9158966081ae8517618a87fe8d7997a89128a25a3460d11fd787a3e7380,2024-07,Metropolitan Police Service,Metropolitan Police Service,0.206223,51.548498,On or near Farm Way,E01002287,Havering 023A,Burglary,Status update unavailable
ec0923eb10caa4cd68282f3f8a568ae224fdef3f249e4f7f7629e610049a5745,2024-07,Metropolitan Police Service,Metropolitan Police Service,0.220677,51.554745,On or near Matlock Gardens,E01002291,Havering 023B,Burglary,Investigation complete; no suspect identified
a201e84cc017a356ef73bc1792bf6e437de0c1207ad2a7dad2f935107368c69e,2024-07,Metropolitan Police Service,Metropolitan Police Service,0.251816,51.548468,On or near Brackendale Gardens,E01002388,Havering 024C,Burglary,Investigation complete; no suspect identified
276aa76368da705241c8815c14d860b42b7c29ee69215f268fe8b49ca1ae150e,2024-07,Metropolitan Police Service,Metropolitan Police Service,0.251816,51.548468,On or near Brackendale Gardens,E01002388,Havering 024C,Burglary,Investigation complete; no suspect identified
c6f2c83dab939b50f0d7281297ab94be879db8441ba7a2dc6e260209ffdc50c7,2024-07,Metropolitan Police Service,Metropolitan Police Service,0.216946,51.547729,On or near Suttons Lane,E01002285,Havering 025B,Burglary,Unable to prosecute suspect
6bbf4ceeeb9ddc2d263b2d713948e1589c0f133d2c122b2325b8272ee1352214,2024-07,Metropolitan Police Service,Metropolitan Police Service,0.187966,51.541061,On or near Rainham Road,E01002260,Havering 026A,Burglary,Investigation complete; no suspect identified
70e7278fa2e90096d4a37ab93ec4ceb8cfeeee89630278f434e8ff579737cf73,2024-07,Metropolitan Police Service,Metropolitan Police Service,0.189908,51.549658,On or near Singleton Close,E01002260,Havering 026A,Burglary,Awaiting court outcome
694ea0cb4406496df9fd89a1d0558e7f22f2eda37e13315d4c6bafe411130df5,2024-07,Metropolitan Police Service,Metropolitan Police Service,0.189438,51.548588,On or near Petworth Way,E01002260,Havering 026A,Burglary,Investigation complete; no suspect identified
97ac4358a08dcce54e55f47b9750c52b05890958e37adf92864201821a0c722a,2024-07,Metropolitan Police Service,Metropolitan Police Service,0.195809,51.551202,On or near Northwood Avenue,E01002261,Havering 026B,Burglary,Investigation complete; no suspect identified
12385154098acef8682146820e5ac0035006ac9a816198493864dc539cd2f480,2024-07,Metropolitan Police Service,Metropolitan Police Service,0.170244,51.526246,On or near Queens Gardens,E01002368,Havering 028A,Burglary,Investigation complete; no suspect identified
e9392a9463f71a2e352b4f5eb385ad35c0349d488560dda7111d765d7f937e53,2024-07,Metropolitan Police Service,Metropolitan Police Service,0.173509,51.524576,On or near A1306,E01002368,Havering 028A,Burglary,Investigation complete; no suspect identified
2c11debc9ed3faab0f92b9272582a97a21341199633c4c0798af602a3f69858e,2024-07,Metropolitan Police Service,Metropolitan Police Service,0.187607,51.520636,On or near Maiden Way,E01002370,Havering 028C,Burglary,Investigation complete; no suspect identified
59ffffee238b68f473915b72b09e8707bd0f59b5a260d33e971d557789009a38,2024-07,Metropolitan Police Service,Metropolitan Police Service,0.212956,51.521986,On or near Upminster Road North,E01002343,Havering 029A,Burglary,Investigation complete; no suspect identified
52f913e5404d06cfb8dc2605de9b4c7550a35d8d88c614a7171190b019faaf28,2024-07,Metropolitan Police Service,Metropolitan Police Service,0.194929,51.517325,On or near Ferro Road,E01002345,Havering 030B,Burglary,Investigation complete; no suspect identified
0f0b28b195400afb74a3d06ada0f59196c2e52e4da93175451d847c529bc0dfd,2024-07,Metropolitan Police Service,Metropolitan Police Service,0.194929,51.517325,On or near Ferro Road,E01002345,Havering 030B,Burglary,Investigation complete; no suspect identified
b7ee94d86c8f359d0c9acdb1ffecb36f11d51495bd04c22c6202bae1a4862803,2024-07,Metropolitan Police Service,Metropolitan Police Service,0.194929,51.517325,On or near Ferro Road,E01002345,Havering 030B,Burglary,Investigation complete; no suspect identified
dd30005089f0a075cbdaa1cfcdf69d3befbfc868c88932400b34ad95b53df367,2024-07,Metropolitan Police Service,Metropolitan Police Service,0.194929,51.517325,On or near Ferro Road,E01002345,Havering 030B,Burglary,Investigation complete; no suspect identified
931b17d911a7c0ea3db3f054c1e5881b8bac17dfcfa25b47ad133c4b09e6f57f,2024-07,Metropolitan Police Service,Metropolitan Police Service,-0.446742,51.614523,On or near Hospital,E01002475,Hillingdon 001B,Burglary,Investigation complete; no suspect identified
a9e06c3e9a3d5c633d1c37e251e348ebd1e70206ac0fc36cab5aa61080e39118,2024-07,Metropolitan Police Service,Metropolitan Police Service,-0.424316,51.611156,On or near Supermarket,E01002472,Hillingdon 002A,Burglary,Unable to prosecute suspect
170f651ceeb716e480050e5ee212fa7e5a6ff8d180367aae914ee02ea80c9ec0,2024-07,Metropolitan Police Service,Metropolitan Police Service,-0.409304,51.600942,On or near Supermarket,E01002483,Hillingdon 002D,Burglary,Status update unavailable
9c6c1a2596a0d2517001ef437941fa419ae0553158ba3de7a0cb49447a56137c,2024-07,Metropolitan Police Service,Metropolitan Police Service,-0.409304,51.600942,On or near Supermarket,E01002483,Hillingdon 002D,Burglary,Investigation complete; no suspect identified
da20999ead2f7e553319d9a4a0e08c6fb68fc37a6c56834a7be069d379674235,2024-07,Metropolitan Police Service,Metropolitan Police Service,-0.403636,51.602065,On or near Valley Close,E01002483,Hillingdon 002D,Burglary,Investigation complete; no suspect identified
655daf913855e178b65e9dff4b9d70fca73c85bdc7128e8275b96c6d8ee00cc4,2024-07,Metropolitan Police Service,Metropolitan Police Service,-0.495689,51.625203,On or near Parking Area,E01002438,Hillingdon 003A,Burglary,Investigation complete; no suspect identified
c9dadea6213fba653dec9c8d9fa36c638d75d76f65f0a8333b44016d88ed3a72,2024-07,Metropolitan Police Service,Metropolitan Police Service,-0.495689,51.625203,On or near Parking Area,E01002438,Hillingdon 003A,Burglary,Investigation complete; no suspect identified
36fd77c90a95db0bcb8d00809c4ff4982d770439307a12eeb022bb5d7a8e4e34,2024-07,Metropolitan Police Service,Metropolitan Police Service,-0.481862,51.603174,On or near Parking Area,E01002439,Hillingdon 003B,Burglary,Status update unavailable
a680206417c374a898d325a83fb08e515498d53e9fc80714e454923b873f5d35,2024-07,Metropolitan Police Service,Metropolitan Police Service,-0.470694,51.596016,On or near Dovecote Mews,E01002441,Hillingdon 003D,Burglary,Unable to prosecute suspect
8968c683af5aaba23767c259e0ff366299ca8a4908d97ba39f7ef4f96cb069cb,2024-07,Metropolitan Police Service,Metropolitan Police Service,-0.484047,51.601278,On or near Dovedale Close,E01002441,Hillingdon 003D,Burglary,Unable to prosecute suspect
f0e0f277b29f0c7a1275ae31110a92634026bffec85a5bc6c5429b1bcc763d92,2024-07,Metropolitan Police Service,Metropolitan Police Service,-0.411284,51.580668,On or near Hume Way,E01002433,Hillingdon 004A,Burglary,Unable to prosecute suspect
cf09ffcac6f97c68e5639ee6e9349afd817cf9eb6c31278bad9ad741e924981a,2024-07,Metropolitan Police Service,Metropolitan Police Service,-0.416279,51.594764,On or near Theodora Way,E01002479,Hillingdon 004C,Burglary,Investigation complete; no suspect identified
236f3da875a7e73fbf7e81fb76df785cc04ac96eed1533d349e22d57afebccd8,2024-07,Metropolitan Police Service,Metropolitan Police Service,-0.40903,51.593155,On or near Reid Close,E01002481,Hillingdon 004E,Burglary,Unable to prosecute suspect
a7daa2cdf2cc681d03e2386a7fa24f78d1f4728724bd66aebb010ae0d82cc2df,2024-07,Metropolitan Police Service,Metropolitan Police Service,-0.410489,51.591061,On or near Somerford Close,E01002481,Hillingdon 004E,Burglary,Investigation complete; no suspect identified
8dfb4a4dda97a0d4c1aaa288924fa0dbcd0f84e311824107cd286f99ee13693b,2024-07,Metropolitan Police Service,Metropolitan Police Service,-0.442589,51.582778,On or near Mayflower Close,E01002533,Hillingdon 005A,Burglary,Investigation complete; no suspect identified
cdca7aae9bd2b60e2eb0145ff8dc346a78408f53110b5dcb3f6a43558a376446,2024-07,Metropolitan Police Service,Metropolitan Police Service,-0.44494,51.580292,On or near Allonby Drive,E01002533,Hillingdon 005A,Burglary,Investigation complete; no suspect identified
896f3b10d51f2a910d3045ff68b75de043d54bf5ec0ed98772722eecec0c09bc,2024-07,Metropolitan Police Service,Metropolitan Police Service,-0.442589,51.582778,On or near Mayflower Close,E01002533,Hillingdon 005A,Burglary,Investigation complete; no suspect identified
ca9953ac8bc05205c085cd39e1df4dde88b0a57d3feabb64e08e50eea88886f9,2024-07,Metropolitan Police Service,Metropolitan Police Service,-0.427834,51.576206,On or near The Oaks,E01002534,Hillingdon 005B,Burglary,Investigation complete; no suspect identified
443492b8572b655af5f9f5d3e4b1675481a491f9ceab09cae3b21dd49e45cc56,2024-07,Metropolitan Police Service,Metropolitan Police Service,-0.399098,51.579181,On or near Supermarket,E01002432,Hillingdon 006D,Burglary,Investigation complete; no suspect identified
0ec7002dcc50e58f5e1cad00f0c0d863112db9d00028588bee058b35c55e45f9,2024-07,Metropolitan Police Service,Metropolitan Police Service,-0.399892,51.582456,On or near Winslow Close,E01002432,Hillingdon 006D,Burglary,Investigation complete; no suspect identified
8637ae56f02f624b9d58df459d1aae56156cef6260fd0f69a92794e34be6c8b0,2024-07,Metropolitan Police Service,Metropolitan Police Service,-0.39797,51.578015,On or near Parking Area,E01002432,Hillingdon 006D,Burglary,Investigation complete; no suspect identified
34755b7a1aa2dab2b9f03a7f9db1a22b01cfa3ca75130388ad155d69908b3283,2024-07,Metropolitan Police Service,Metropolitan Police Service,-0.394287,51.58791,On or near Barnhill,E01002437,Hillingdon 006E,Burglary,Investigation complete; no suspect identified
e0884e40e2819d963b76d08da9a80ad4a2480667cb60cf72cdb37b1cb9270831,2024-07,Metropolitan Police Service,Metropolitan Police Service,-0.398924,51.585365,On or near Burwood Avenue,E01002437,Hillingdon 006E,Burglary,Investigation complete; no suspect identified
279a908e8d0b8af0dfda14b6d664185de91f543146f6e87effcf80201b8cfb3b,2024-07,Metropolitan Police Service,Metropolitan Police Service,-0.421989,51.579131,On or near Blaydon Close,E01002430,Hillingdon 007A,Burglary,Investigation complete; no suspect identified
d01b410c3a550716c68e2eced16d195b54f30a5e78be8056a39665c9ae9e553b,2024-07,Metropolitan Police Service,Metropolitan Police Service,-0.422791,51.579727,On or near Brook Close,E01002430,Hillingdon 007A,Burglary,Investigation complete; no suspect identified
6f17754a165470a584e3e3f9d9cbadf7cfc1ca914badb781277aac86d0c2e24d,2024-07,Metropolitan Police Service,Metropolitan Police Service,-0.428046,51.582198,On or near Sherwood Avenue,E01002434,Hillingdon 007B,Burglary,Investigation complete; no suspect identified
88260e5dcf4e36ddee9cc3c7dd63fd6ac6b530a628932d783e2b8dd68498fa72,2024-07,Metropolitan Police Service,Metropolitan Police Service,-0.432398,51.584486,On or near Laburnum Grove,E01002434,Hillingdon 007B,Burglary,Investigation complete; no suspect identified
2c0d8ee69feb929b1929f3ca72567eda57e4bef13844d11475d7160148f6b320,2024-07,Metropolitan Police Service,Metropolitan Police Service,-0.412769,51.577406,On or near The Ridgeway,E01002435,Hillingdon 007C,Burglary,Investigation complete; no suspect identified
eb77eb699eae3591ed01899ddc93e51836f5b234b1fc5ea6ffc4e7b13ca9534a,2024-07,Metropolitan Police Service,Metropolitan Police Service,-0.411848,51.57279,On or near Parking Area,E01002470,Hillingdon 007D,Burglary,Investigation complete; no suspect identified
6f0f757128d081c11ed25bdab6322f513ca361ccbb3e7e8732f469cc54c2b68a,2024-07,Metropolitan Police Service,Metropolitan Police Service,-0.415027,51.574326,On or near West Way,E01002470,Hillingdon 007D,Burglary,Investigation complete; no suspect identified
ddfd75cffbe7227ae3d9066437db24d98dbc506f9e624cefaa20a3f247bc75e6,2024-07,Metropolitan Police Service,Metropolitan Police Service,-0.392388,51.565223,On or near Hunters Hill,E01002416,Hillingdon 008A,Burglary,Investigation complete; no suspect identified
22fa70436b2827a40aef5fb19562cd3a868ccea7ca5462fbedbbcf677c9d0492,2024-07,Metropolitan Police Service,Metropolitan Police Service,-0.397867,51.567393,On or near Whitby Road,E01002420,Hillingdon 008C,Burglary,Investigation complete; no suspect identified
88e71b06cd2cb0d002a80819e2016f55596decad37c2276bcae89c8987a38532,2024-07,Metropolitan Police Service,Metropolitan Police Service,-0.392796,51.567585,On or near Oxford Drive,E01002421,Hillingdon 008D,Burglary,Investigation complete; no suspect identified
ec8080dcda84dde49a0315a4a98b2232bf7781f29fc8c61b4cbe55a139b5dd8a,2024-07,Metropolitan Police Service,Metropolitan Police Service,-0.416385,51.567204,On or near Willow Gardens,E01002465,Hillingdon 009A,Burglary,Investigation complete; no suspect identified
63e1bfefdf6afcc8427aaebfe8b669eb2e936056b607d3f45fdeb3115c93d6fc,2024-07,Metropolitan Police Service,Metropolitan Police Service,-0.421619,51.565224,On or near Herlwyn Avenue,E01002467,Hillingdon 009B,Burglary,Investigation complete; no suspect identified
bc02dce7ab461cf6e126c3c267d23049f97fb36ad6870f3e7caa69e89336656c,2024-07,Metropolitan Police Service,Metropolitan Police Service,-0.442073,51.570443,On or near The Greenway,E01002537,Hillingdon 009E,Burglary,Investigation complete; no suspect identified
6d697bc7b9614d74282c87bf34321decdc3b6649205d54b5bcd3c6e117d1b557,2024-07,Metropolitan Police Service,Metropolitan Police Service,-0.404477,51.566521,On or near Lynmouth Drive,E01002466,Hillingdon 010B,Burglary,Investigation complete; no suspect identified
e71d7a64d6e4f204d2778f4f021dba71f42b82cbaea039b9053e294ece47d48e,2024-07,Metropolitan Police Service,Metropolitan Police Service,-0.409692,51.570459,On or near Dulverton Road,E01002468,Hillingdon 010C,Burglary,Investigation complete; no suspect identified
589492c9bc84c869c7607dca092fad3fde0ddefa72e97113c0ed2ec4c27b4229,2024-07,Metropolitan Police Service,Metropolitan Police Service,-0.409692,51.570459,On or near Dulverton Road,E01002468,Hillingdon 010C,Burglary,Investigation complete; no suspect identified
5ee27c99659c65d44a24ce1ad9913c7cc68e71e69b528ca3c273c4342b3a0521,2024-07,Metropolitan Police Service,Metropolitan Police Service,-0.402508,51.560937,On or near Braintree Road,E01002495,Hillingdon 010E,Burglary,Investigation complete; no suspect identified
f7e622610458a582fec2fe689b1c7cbb9dc91d9a568796ea5489f4594ade2f24,2024-07,Metropolitan Police Service,Metropolitan Police Service,-0.445147,51.564513,On or near Supermarket,E01002460,Hillingdon 011C,Burglary,Investigation complete; no suspect identified
1cb3c66944b76931affd6b3043e9234379375360102f1f0600c4eea9fb8aea6e,2024-07,Metropolitan Police Service,Metropolitan Police Service,-0.459844,51.564213,On or near Three Oaks Close,E01002462,Hillingdon 011D,Burglary,Unable to prosecute suspect
46d676c8b5ce018f8e0ad1d10d1647a70fc1b0e90722c67a6c70a5cc23036756,2024-07,Metropolitan Police Service,Metropolitan Police Service,-0.451534,51.556991,On or near Albany Close,E01002463,Hillingdon 013B,Burglary,Investigation complete; no suspect identified
ea11689a9578144db8578a7628abd06f87d0d67f4720988127f6d6db43f61a3e,2024-07,Metropolitan Police Service,Metropolitan Police Service,-0.443957,51.549067,On or near Merton Way,E01002452,Hillingdon 014C,Burglary,Investigation complete; no suspect identified
c40da07bcb60dafebe16c99e12d44dd810e0cc6cda579e4b9f0eeac418a1f774,2024-07,Metropolitan Police Service,Metropolitan Police Service,-0.476645,51.552347,On or near Cambridge Road,E01002514,Hillingdon 015C,Burglary,Unable to prosecute suspect
d0dccfca8181179a98ce506de24b7138b3a94bb724a969ae789a47b879c867df,2024-07,Metropolitan Police Service,Metropolitan Police Service,-0.48086,51.551376,On or near Pages Lane,E01002514,Hillingdon 015C,Burglary,Investigation complete; no suspect identified
0fc73a648a373a7bbdba2499d7e5de08dc22bd9f46d2f97970b8b27bc0acba37,2024-07,Metropolitan Police Service,Metropolitan Police Service,-0.473669,51.54515,On or near Penrith Close,E01034602,Hillingdon 015H,Burglary,Investigation complete; no suspect identified
7efa23254eabf5e10a4b887946584ceff0e221e794d7e67bd064f66513f16cf9,2024-07,Metropolitan Police Service,Metropolitan Police Service,-0.462433,51.540085,On or near Boyle Close,E01034603,Hillingdon 015I,Burglary,Investigation complete; no suspect identified
c40541fd3679bd22317d94d6dd13219449a28f0376e115ad202aa15e476747dd,2024-07,Metropolitan Police Service,Metropolitan Police Service,-0.48019,51.537726,On or near Kew Close,E01034604,Hillingdon 015J,Burglary,Investigation complete; no suspect identified
01a9daa777dd01619334a6eacedb54e46dadec9cbdff597dec30681bbdfcfb1e,2024-07,Metropolitan Police Service,Metropolitan Police Service,-0.480687,51.546608,On or near Shopping Area,E01002521,Hillingdon 016C,Burglary,Investigation complete; no suspect identified
0dd5553cdcbb20533ed106adeca337e665c4a041889a0e5ae1117832bd825d11,2024-07,Metropolitan Police Service,Metropolitan Police Service,-0.485284,51.539789,On or near Bettles Close,E01002523,Hillingdon 016D,Burglary,Investigation complete; no suspect identified
bb6544e00efd9754bcf2a8cfbd7fcad6155578558b9efdbfb7928fd6a9aaf907,2024-07,Metropolitan Police Service,Metropolitan Police Service,-0.477721,51.536094,On or near Villier Street,E01034606,Hillingdon 016G,Burglary,Investigation complete; no suspect identified
8a9dd2e02ed88dd3bf7c7d9b90be45f223a802528f992040baa1391d504183cd,2024-07,Metropolitan Police Service,Metropolitan Police Service,-0.483907,51.533063,On or near Spencer Close,E01034607,Hillingdon 016H,Burglary,Investigation complete; no suspect identified
01ff78a398d535bba25866845a38e2b225985e6df049a54ef066aa3c9a83f1bb,2024-07,Metropolitan Police Service,Metropolitan Police Service,-0.453729,51.526716,On or near Pield Heath Avenue,E01002408,Hillingdon 019A,Burglary,Investigation complete; no suspect identified
b33671d68db341bc4fc20760597fc7c705cd00c67d045f2c73841e6036a4a0d5,2024-07,Metropolitan Police Service,Metropolitan Police Service,-0.436078,51.537839,On or near Gainsborough Road,E01002429,Hillingdon 019C,Burglary,Investigation complete; no suspect identified
68ebfa60058cc00b50df13c4b5e1d618b19bb2df345bb84a67d8fe5ef186684f,2024-07,Metropolitan Police Service,Metropolitan Police Service,-0.404134,51.530548,On or near Barnhill Lane,E01002393,Hillingdon 020B,Burglary,Investigation complete; no suspect identified
aee53baac5661cb4944392786c6175581a50de5fcafae198064daf164e4155a3,2024-07,Metropolitan Police Service,Metropolitan Police Service,-0.400625,51.526616,On or near Avon Close,E01002393,Hillingdon 020B,Burglary,Unable to prosecute suspect
8b2f226849c778b829db6d67d831e9860c56ae7fd8a06361e4289e99bcb1700a,2024-07,Metropolitan Police Service,Metropolitan Police Service,-0.401604,51.526233,On or near Arden Close,E01002393,Hillingdon 020B,Burglary,Status update unavailable
40de97a74c81cb5a76bb4cdf325b8634f17de0ee81d4dc19ddadd9761de591d0,2024-07,Metropolitan Police Service,Metropolitan Police Service,-0.403211,51.528926,On or near Chatsworth Road,E01002393,Hillingdon 020B,Burglary,Investigation complete; no suspect identified
b7fc6ac3819eb169db4828c258a55fb0aff8277368996aef26bbce7bbc1fb30c,2024-07,Metropolitan Police Service,Metropolitan Police Service,-0.397175,51.530858,On or near Yeading Lane,E01002540,Hillingdon 020C,Burglary,Awaiting court outcome
ab7d953561fbefa7e9ced266247f0051fdf506715fbecf055aef13441f8752b0,2024-07,Metropolitan Police Service,Metropolitan Police Service,-0.396742,51.529206,On or near Dunedin Way,E01002542,Hillingdon 020D,Burglary,Awaiting court outcome
76fffbbc6b41237bac957dbacaf779c936aa7210658985e813c12edf1fac6392,2024-07,Metropolitan Police Service,Metropolitan Police Service,-0.418009,51.525817,On or near Balmoral Drive,E01002397,Hillingdon 021C,Burglary,Investigation complete; no suspect identified
f609aa46dc8e97dd238f2074f7e30a904cb11f0b6ce4e70ba29ce7dd45848c4c,2024-07,Metropolitan Police Service,Metropolitan Police Service,-0.475015,51.522157,On or near St Christopher Road,E01002411,Hillingdon 022A,Burglary,Investigation complete; no suspect identified
e2d346046c3439b67ba4bb532096b797740856b77ad08a0da429f8cf8dddcf12,2024-07,Metropolitan Police Service,Metropolitan Police Service,-0.477272,51.512825,On or near Peplow Close,E01034608,Hillingdon 022G,Burglary,Investigation complete; no suspect identified
55bb6559b9f503d8fa18a26f52a5151831e8c312271eded79bac2ffc179cdd49,2024-07,Metropolitan Police Service,Metropolitan Police Service,-0.476847,51.51737,On or near High Road,E01034608,Hillingdon 022G,Burglary,Investigation complete; no suspect identified
c25cc2e6717aa7ead514187e09b54325a58711633105b425a43de0ab1447844d,2024-07,Metropolitan Police Service,Metropolitan Police Service,-0.472215,51.512355,On or near Shopping Area,E01034609,Hillingdon 022H,Burglary,Unable to prosecute suspect
e574160e7778845083cc93c621480e01064f66275a1305eb09d552ebef5ecdb4,2024-07,Metropolitan Police Service,Metropolitan Police Service,-0.469472,51.514226,On or near Elder Close,E01034609,Hillingdon 022H,Burglary,Unable to prosecute suspect
20a6c1855bd2f7d735710fd108c2f640be27b2d3c13f806715eab6567fc3e01f,2024-07,Metropolitan Police Service,Metropolitan Police Service,-0.443592,51.51919,On or near Corwell Gardens,E01002400,Hillingdon 024A,Burglary,Investigation complete; no suspect identified
1787dd99f4a74c754bacd5027ed9e3797d592dc38c20db660325a87178b9563c,2024-07,Metropolitan Police Service,Metropolitan Police Service,-0.466127,51.513391,On or near Maple Avenue,E01002548,Hillingdon 025A,Burglary,Investigation complete; no suspect identified
ef04c39f77086cbd3db96cb6b03f5f36ac44a70a46cf83e822dac7cc12fce366,2024-07,Metropolitan Police Service,Metropolitan Police Service,-0.464825,51.518256,On or near Frankswood Avenue,E01002553,Hillingdon 025E,Burglary,Investigation complete; no suspect identified
fa60093ab66cc7c93c492acddd78ec0cdde77d001fae3274ff6cc9ecb6df2600,2024-07,Metropolitan Police Service,Metropolitan Police Service,-0.407141,51.518746,On or near Langworth Drive,E01002396,Hillingdon 026A,Burglary,Investigation complete; no suspect identified
1e7c7f2fa4a3efe08042729a906fc2917c98df937b4d87e577a710cc46b57cad,2024-07,Metropolitan Police Service,Metropolitan Police Service,-0.407141,51.518746,On or near Langworth Drive,E01002396,Hillingdon 026A,Burglary,Unable to prosecute suspect
e8c3522def19f4377429304cac11f447005c21c0ce0af21f8ba832e8d50a6561,2024-07,Metropolitan Police Service,Metropolitan Police Service,-0.406676,51.51597,On or near St Christophers Drive,E01002505,Hillingdon 026D,Burglary,Investigation complete; no suspect identified
dcdd99e6dd7205fe49d77dd4c6156ad015483d905ea06f561e9ba16144c6b635,2024-07,Metropolitan Police Service,Metropolitan Police Service,-0.424613,51.509882,On or near Rostrever Gardens,E01002405,Hillingdon 027A,Burglary,Investigation complete; no suspect identified
fb542b1421d26245748581c16cf49c8832905047ae6c04be12ef97b162c91424,2024-07,Metropolitan Police Service,Metropolitan Police Service,-0.441067,51.509544,On or near Furzeground Way,E01002405,Hillingdon 027A,Burglary,Investigation complete; no suspect identified
7771a78a0cfe1af041620558fb8efe39fe056bed2f25f2329b407580caf5bc95,2024-07,Metropolitan Police Service,Metropolitan Police Service,-0.444135,51.511707,On or near Park/Open Space,E01002405,Hillingdon 027A,Burglary,Investigation complete; no suspect identified
8ffd34d1ea40905d0340b3e1b8434775b8af998d411004fb8d8583bd12068655,2024-07,Metropolitan Police Service,Metropolitan Police Service,-0.438054,51.515475,On or near Dawley Parade,E01002405,Hillingdon 027A,Burglary,Investigation complete; no suspect identified
df803dd26dd0065dabecec6a8994ee0aeb996f8597a41addc04f7d46ddaa74c0,2024-07,Metropolitan Police Service,Metropolitan Police Service,-0.414514,51.510222,On or near East Way,E01002503,Hillingdon 027C,Burglary,Awaiting court outcome
cde6cfdd74f5c3bac7e1f91b14b5aef2ca4aadb22aed25f43719bba462c3ad5c,2024-07,Metropolitan Police Service,Metropolitan Police Service,-0.41573,51.509232,On or near Shopping Area,E01002506,Hillingdon 027E,Burglary,Investigation complete; no suspect identified
0e5dc631c252e5af47625fdb6ac1440db7bad4ee925f6e50a6add35a0a127b43,2024-07,Metropolitan Police Service,Metropolitan Police Service,-0.418792,51.504444,On or near Western View,E01002506,Hillingdon 027E,Burglary,Investigation complete; no suspect identified
029d4a0a6ec3a2a0d5abbdc1e19d2d3bdd9b42dd729ec0a4cc830a011b16fcc4,2024-07,Metropolitan Police Service,Metropolitan Police Service,-0.413349,51.507266,On or near Fairdale Gardens,E01002507,Hillingdon 027F,Burglary,Unable to prosecute suspect
696c494c09ab64179d9f7a1e27b17a4b60a8cab654352d75dca962c442d2abdf,2024-07,Metropolitan Police Service,Metropolitan Police Service,-0.412833,51.506342,On or near Silverdale Gardens,E01002507,Hillingdon 027F,Burglary,Investigation complete; no suspect identified
f25a161e7c5540b097bd750272ceabac257cebaa1426245ed8ee07cdc2cf4cba,2024-07,Metropolitan Police Service,Metropolitan Police Service,-0.42311,51.522118,On or near Elmlea Drive,E01034610,Hillingdon 027G,Burglary,Investigation complete; no suspect identified
0e1c648c70c4af9012d87513aae6ed525a7d996b53743ee703d6587c49137195,2024-07,Metropolitan Police Service,Metropolitan Police Service,-0.426333,51.503898,On or near Powerhouse Lane,E01034613,Hillingdon 027J,Burglary,Investigation complete; no suspect identified
cf2cf87d2179796139a9dd299d835ad1a7b833fbcde533c586bd521bce1302a0,2024-07,Metropolitan Police Service,Metropolitan Police Service,-0.46675,51.503417,On or near Poppy Close,E01002526,Hillingdon 028C,Burglary,Investigation complete; no suspect identified
5c2b7e3021182157b5363626b2c99c5d5de335e30228a9321924d3ec84ad93b4,2024-07,Metropolitan Police Service,Metropolitan Police Service,-0.46675,51.503417,On or near Poppy Close,E01002526,Hillingdon 028C,Burglary,Status update unavailable
bb695f83f66be73954a8f82627bdb60a1841cd9b14a30afada5c55436b3ded11,2024-07,Metropolitan Police Service,Metropolitan Police Service,-0.46675,51.503417,On or near Poppy Close,E01002526,Hillingdon 028C,Burglary,Investigation complete; no suspect identified
e115e022b1ce554cba3680b89ed464f3133bcecff30830252e2d2ac3fa0d4ba9,2024-07,Metropolitan Police Service,Metropolitan Police Service,-0.46675,51.503417,On or near Poppy Close,E01002526,Hillingdon 028C,Burglary,Investigation complete; no suspect identified
ce751f45883877b0d43babe1ef7acd0c5551111959621a7e211bc07357c27e0b,2024-07,Metropolitan Police Service,Metropolitan Police Service,-0.459164,51.504496,On or near Spring Promenade,E01002526,Hillingdon 028C,Burglary,Unable to prosecute suspect
c40bd682fe42e089f8f544e323ccd8a5bc60cbb57632deeee454500971a7d44d,2024-07,Metropolitan Police Service,Metropolitan Police Service,-0.464816,51.502232,On or near Napier Close,E01002528,Hillingdon 028D,Burglary,Investigation complete; no suspect identified
2ede8a3699807d8ab688ba6340519e90d124ee660e36c2d361625c66b98507ce,2024-07,Metropolitan Police Service,Metropolitan Police Service,-0.460998,51.500096,On or near Myrtle Close,E01002528,Hillingdon 028D,Burglary,Unable to prosecute suspect
44d5c89c44d62343b6b44477e601ef39d94fcb75396fb7b82c1c1cfceec5e2ec,2024-07,Metropolitan Police Service,Metropolitan Police Service,-0.46279,51.505919,On or near Park Lodge Avenue,E01034614,Hillingdon 028F,Burglary,Investigation complete; no suspect identified
7ecf81920b8091c35fbc062ffea97c78150eb40f2fda1c47302874ec2a363ff8,2024-07,Metropolitan Police Service,Metropolitan Police Service,-0.454894,51.507632,On or near Archie Close,E01034615,Hillingdon 028G,Burglary,Investigation complete; no suspect identified
eb45b6a5988d4eebcef346e939dc6cf5541a590535989b34e794aee70f93f641,2024-07,Metropolitan Police Service,Metropolitan Police Service,-0.466188,51.500443,On or near Dell Road,E01002445,Hillingdon 029A,Burglary,Awaiting court outcome
6efb131c525093c8a7fd8cffb9bebc6b2d82432729d7ca9cd9c6d14cd9448a6f,2024-07,Metropolitan Police Service,Metropolitan Police Service,-0.472873,51.507319,On or near Classon Close,E01002529,Hillingdon 029C,Burglary,Unable to prosecute suspect
382e1e470bdabefed0fff9c05f6b97ad915b68626a699cc77fff70e3cb2ae11d,2024-07,Metropolitan Police Service,Metropolitan Police Service,-0.476135,51.49506,On or near Little Benty,E01002530,Hillingdon 029D,Burglary,Investigation complete; no suspect identified
9963d001610e7dea6e3da41f671c2f55388b84eeff5bd4fde7c9f52c12190b4f,2024-07,Metropolitan Police Service,Metropolitan Police Service,-0.422477,51.498298,On or near Monmouth Road,E01002489,Hillingdon 030C,Burglary,Investigation complete; no suspect identified
c985d182beeca948bfc2dc8a8de0d7154cfedcaf71d9e2d41620ba6abb91d776,2024-07,Metropolitan Police Service,Metropolitan Police Service,-0.431143,51.498082,On or near Pinkwell Avenue,E01002490,Hillingdon 030D,Burglary,Investigation complete; no suspect identified
ec09e3ef10051752cbf9ec462b41aa8c2d8c2c33ae3485f834ff0b4b5d933fff,2024-07,Metropolitan Police Service,Metropolitan Police Service,-0.434991,51.495368,On or near Sports/Recreation Area,E01002490,Hillingdon 030D,Burglary,Unable to prosecute suspect
75d1fad64e11970b34314000b2d63c7ae171ad6db1f1b176336632970bfbefce,2024-07,Metropolitan Police Service,Metropolitan Police Service,-0.420641,51.503903,On or near Parking Area,E01034616,Hillingdon 030F,Burglary,Status update unavailable
1550ecd721c52efc642db277552bdc3cae60ff493986dd3e6b918e4bbbaf0547,2024-07,Metropolitan Police Service,Metropolitan Police Service,-0.420641,51.503903,On or near Parking Area,E01034616,Hillingdon 030F,Burglary,Investigation complete; no suspect identified
bd2cd0cd46f729824d44b31b53f6e4d677a0346b58fde85fa0e2df422198dd87,2024-07,Metropolitan Police Service,Metropolitan Police Service,-0.418139,51.500839,On or near Cranton Avenue,E01034617,Hillingdon 030G,Burglary,Investigation complete; no suspect identified
d5c241eb0e33f20a4a2ad74f342ca022077bd87cbf60e98ae433c02f1e4e6780,2024-07,Metropolitan Police Service,Metropolitan Police Service,-0.421343,51.500675,On or near Petrol Station,E01034617,Hillingdon 030G,Burglary,Investigation complete; no suspect identified
7acfb9efa4ffc9a40d7f9edda3ad599b8a84041b63c96754d9b49f92b60efe0a,2024-07,Metropolitan Police Service,Metropolitan Police Service,-0.421343,51.500675,On or near Petrol Station,E01034617,Hillingdon 030G,Burglary,Unable to prosecute suspect
096e3d06b715dc584f230f8d55de35af0ede8cd5be735a674862fa1836192fbf,2024-07,Metropolitan Police Service,Metropolitan Police Service,-0.418139,51.500839,On or near Cranton Avenue,E01034617,Hillingdon 030G,Burglary,Investigation complete; no suspect identified
891f11726deb98648944179abc20b4acbe03d91306242226a9d6a1c21d1fb669,2024-07,Metropolitan Police Service,Metropolitan Police Service,-0.424528,51.475575,On or near Esher Crescent,E01002444,Hillingdon 031A,Burglary,Investigation complete; no suspect identified
68fabfe3858ba74dcf4b1669c8f41efefb430cbe671ff1a8d35d8946ef57c8d2,2024-07,Metropolitan Police Service,Metropolitan Police Service,-0.480449,51.481871,On or near Petrol Station,E01002444,Hillingdon 031A,Burglary,Investigation complete; no suspect identified
e682c2d9db844bac67059d078e62421edede19670941f33b15382ba3b11a14d8,2024-07,Metropolitan Police Service,Metropolitan Police Service,-0.464589,51.493138,On or near Holloway Lane,E01002446,Hillingdon 031B,Burglary,Unable to prosecute suspect
17eedfb8488cb6dfaa7a2561b2e671873ba0cef5a0b34cc8fceb72c8cdc84332,2024-07,Metropolitan Police Service,Metropolitan Police Service,-0.45922,51.481908,On or near Blunts Avenue,E01002447,Hillingdon 031C,Burglary,Investigation complete; no suspect identified
18872d0360d3760a0d6c21908676eacd24279ed3df2a03085de731f516031b32,2024-07,Metropolitan Police Service,Metropolitan Police Service,-0.444022,51.482031,On or near Mondial Way,E01002447,Hillingdon 031C,Burglary,Investigation complete; no suspect identified
3249f1653607155ec56cbd8f8e57cd6ade31cd2b9264d59c034af78bd8f94f47,2024-07,Metropolitan Police Service,Metropolitan Police Service,-0.479435,51.501973,On or near Mill Close,E01002527,Hillingdon 031D,Burglary,Investigation complete; no suspect identified
ada1d0f2d8d61cb5340f067f7663c527723203599a705823e47a5fecc66a5e30,2024-07,Metropolitan Police Service,Metropolitan Police Service,-0.419664,51.483009,On or near Strathearn Avenue,E01002443,Hillingdon 032A,Burglary,Unable to prosecute suspect
bebcce85ee58c4b874d412d906f45da0e0e2cf505aa50c969beb23d415197e63,2024-07,Metropolitan Police Service,Metropolitan Police Service,-0.43577,51.485806,On or near Providence Lane,E01002448,Hillingdon 032B,Burglary,Investigation complete; no suspect identified
5c661090a190480c44c163d534cdf8b0daf04ff3006ea346e96f61bd537d972b,2024-07,Metropolitan Police Service,Metropolitan Police Service,-0.43577,51.485806,On or near Providence Lane,E01002448,Hillingdon 032B,Burglary,Investigation complete; no suspect identified
4fc70f131637b9eacbf78b2e2deafded4b5bb1628fe6e0e3c89bda340333ae28,2024-07,Metropolitan Police Service,Metropolitan Police Service,-0.43577,51.485806,On or near Providence Lane,E01002448,Hillingdon 032B,Burglary,Investigation complete; no suspect identified
15afb969179c16287bed6dade353234645daf2c0d71a7a2aa73b460b806f9224,2024-07,Metropolitan Police Service,Metropolitan Police Service,-0.380778,51.553734,On or near Rabournmead Drive,E01002496,Hillingdon 033A,Burglary,Unable to prosecute suspect
70908437eae4372fa2c72ad37d03f71c683cb8d475b0f51e8c716586346aa2da,2024-07,Metropolitan Police Service,Metropolitan Police Service,-0.392968,51.556149,On or near Petrol Station,E01002497,Hillingdon 033B,Burglary,Unable to prosecute suspect
9f34484346d2e7791bf50985d14dc845efe8f8d210f911dac656fca118d18c1b,2024-07,Metropolitan Police Service,Metropolitan Police Service,-0.251443,51.487996,On or near Dorchester Grove,E01002569,Hounslow 001A,Burglary,Unable to prosecute suspect
f45df5fa9175900a0696226f115bca881e8225351639ab8280431c72b46627cc,2024-07,Metropolitan Police Service,Metropolitan Police Service,-0.253376,51.493195,On or near Orchard Place,E01002570,Hounslow 001B,Burglary,Investigation complete; no suspect identified
8b115edc3f4b70360332681df20a57074f00b921f018e2c715bbb9db37f8d445,2024-07,Metropolitan Police Service,Metropolitan Police Service,-0.245631,51.489312,On or near British Grove Passage,E01002575,Hounslow 001E,Burglary,Investigation complete; no suspect identified
07b6338119e600629a8b4a1366b27494f5179ca8efdee8e0e466b6f55acb563a,2024-07,Metropolitan Police Service,Metropolitan Police Service,-0.250104,51.491743,On or near Homefield Road,E01002575,Hounslow 001E,Burglary,Investigation complete; no suspect identified
29be76b64e76c109c3102a5764b5e4212135580c93e3ca576772f22d45d35a8a,2024-07,Metropolitan Police Service,Metropolitan Police Service,-0.379991,51.487333,On or near West Park Close,E01002620,Hounslow 004A,Burglary,Investigation complete; no suspect identified
aa0a3311609bf516f4d7de62653b9f83a9530fd310f951f1102ce440fc681b8a,2024-07,Metropolitan Police Service,Metropolitan Police Service,-0.373838,51.489037,On or near Winchester Avenue,E01002626,Hounslow 004C,Burglary,Investigation complete; no suspect identified
0d0eea4a9e90ddd0098e3db07117c6a6a7ad42cf8106f6aeb0fcdd254fda43df,2024-07,Metropolitan Police Service,Metropolitan Police Service,-0.402976,51.498142,On or near Hayes Road,E01002637,Hounslow 005C,Burglary,Investigation complete; no suspect identified
eaca96cb709a0cb9c26c6d959bf7db3d2afdd6ece22cee273debb70a0d92fa31,2024-07,Metropolitan Police Service,Metropolitan Police Service,-0.305335,51.491296,On or near York Parade,E01002565,Hounslow 006B,Burglary,Investigation complete; no suspect identified
61f8eeb57ac4813d43f37fde78d6f946ea4ee4a1860dcd3c2ff46ff25f4ae9d3,2024-07,Metropolitan Police Service,Metropolitan Police Service,-0.316326,51.4823,On or near Mulberry Crescent,E01002686,Hounslow 006E,Burglary,Investigation complete; no suspect identified
de293e79bd82fda12e0c85fb6091ec56227be0a425c4a34e8ca495d4a1f2a787,2024-07,Metropolitan Police Service,Metropolitan Police Service,-0.316326,51.4823,On or near Mulberry Crescent,E01002686,Hounslow 006E,Burglary,Investigation complete; no suspect identified
b4286dd116030c87d2de7044a8a358b948a1f80b42d0cb13ab881d94f060a0a9,2024-07,Metropolitan Police Service,Metropolitan Police Service,-0.316326,51.4823,On or near Mulberry Crescent,E01002686,Hounslow 006E,Burglary,Investigation complete; no suspect identified
b76f0ff46eae5f9000b8a784f3a5345ad47b9b7248e09a9c3aa5068f05244179,2024-07,Metropolitan Police Service,Metropolitan Police Service,-0.313025,51.481596,On or near Brent Lea,E01034033,Hounslow 006H,Burglary,Unable to prosecute suspect
f0498a0dace819e8cc7f2d7c5f4315a81e1bee79f6ffebeece26aed6c8cef9eb,2024-07,Metropolitan Police Service,Metropolitan Police Service,-0.309651,51.482483,On or near Parking Area,E01034033,Hounslow 006H,Burglary,Investigation complete; no suspect identified
e4723b9b697d7c9d5887b080cfc8d6f58efcf0066d475b36b7458a6b9632cd5b,2024-07,Metropolitan Police Service,Metropolitan Police Service,-0.313826,51.484089,On or near Boaters Avenue,E01034033,Hounslow 006H,Burglary,Investigation complete; no suspect identified
a094ffaa732a1190afa999ea518e53b552764dae4445c7e3068272acdc99dfbd,2024-07,Metropolitan Police Service,Metropolitan Police Service,-0.312405,51.482396,On or near High Street,E01034033,Hounslow 006H,Burglary,Unable to prosecute suspect
27c8b562dce2eb15f8f482aff5f6ef2ecbe9ca537a4238666bbe1750467c5c9d,2024-07,Metropolitan Police Service,Metropolitan Police Service,-0.309427,51.483477,On or near Market Place,E01034033,Hounslow 006H,Burglary,Investigation complete; no suspect identified
0697236b44ac862b3f2803bd2402b4ecf1bb3fc6c139bc26f33e4e8c0ee2f1d3,2024-07,Metropolitan Police Service,Metropolitan Police Service,-0.266013,51.482484,On or near Fitzroy Crescent,E01002578,Hounslow 007D,Burglary,Investigation complete; no suspect identified
9846de88a809116585872a803351b7069b536cdb710f188945417e310858806c,2024-07,Metropolitan Police Service,Metropolitan Police Service,-0.264139,51.48858,On or near Barrowgate Road,E01002690,Hounslow 007F,Burglary,Investigation complete; no suspect identified
e67325801a00a4b0f31168396b7e92999bb7c5631f8761848dfc2ed1e62fdcdf,2024-07,Metropolitan Police Service,Metropolitan Police Service,-0.281386,51.490354,On or near Haining Close,E01002580,Hounslow 008C,Burglary,Investigation complete; no suspect identified
af96f38471827dd5037b117dd59d832dffd6c41f59f867ab74560b2a24907e77,2024-07,Metropolitan Police Service,Metropolitan Police Service,-0.336764,51.482636,On or near Wood Lane,E01002675,Hounslow 009A,Burglary,Unable to prosecute suspect
69c85b5c3bf826794a7bdf38b967df356c3335f07f6a3b3f79b1ef5c2c2281d7,2024-07,Metropolitan Police Service,Metropolitan Police Service,-0.336764,51.482636,On or near Wood Lane,E01002675,Hounslow 009A,Burglary,Investigation complete; no suspect identified
d8164b78f76b009022ccba4657841fd62a72cbe1903168f62dab46102c67f470,2024-07,Metropolitan Police Service,Metropolitan Police Service,-0.342729,51.486156,On or near Ashley Drive,E01002678,Hounslow 009B,Burglary,Investigation complete; no suspect identified
ff3d17114767240bce531dd0ba96b5dd8ad03b12a0fc71fda453a5f238c9ad52,2024-07,Metropolitan Police Service,Metropolitan Police Service,-0.342729,51.486156,On or near Ashley Drive,E01002678,Hounslow 009B,Burglary,Investigation complete; no suspect identified
11c1ca4f875377cb548b3f3ee3fdf4991bb92919b5dba87d926e669a60ef9f65,2024-07,Metropolitan Police Service,Metropolitan Police Service,-0.379669,51.483003,On or near The Warren,E01002619,Hounslow 010A,Burglary,Unable to prosecute suspect
950376395fc96b4ed8fc3bec1ecf8e0f566f6b4ed25ee51ec54da3d966c9a5cd,2024-07,Metropolitan Police Service,Metropolitan Police Service,-0.388383,51.475642,On or near Elmdon Road,E01002622,Hounslow 010B,Burglary,Unable to prosecute suspect
0f7bc4488b2932a8614f152b5e0a5110b5653f6637b1c65623f929ec880b4e47,2024-07,Metropolitan Police Service,Metropolitan Police Service,-0.381613,51.485044,On or near The Croft,E01002632,Hounslow 010C,Burglary,Investigation complete; no suspect identified
9903b05b7d46b3a16b54a7ae788b2258a14b1bc55360375fdd82e77e7bbbeb77,2024-07,Metropolitan Police Service,Metropolitan Police Service,-0.384713,51.484943,On or near Meadow Waye,E01002632,Hounslow 010C,Burglary,Investigation complete; no suspect identified
69ad132de8b272d1f8b5f6a30ececc744969ad30b844a2f888dc257e16a8bb8c,2024-07,Metropolitan Police Service,Metropolitan Police Service,-0.381681,51.484767,On or near St Giles Close,E01002632,Hounslow 010C,Burglary,Investigation complete; no suspect identified
14497c477682eaafa9164fb4c3b4212dcef00ada420c1dc8520e8138f00d18ef,2024-07,Metropolitan Police Service,Metropolitan Police Service,-0.381681,51.484767,On or near St Giles Close,E01002632,Hounslow 010C,Burglary,Unable to prosecute suspect
092328246d32540b51e4d45b18bdce04eec93a0d762b2b4b2b51b6b3fd36f7ca,2024-07,Metropolitan Police Service,Metropolitan Police Service,-0.377749,51.481106,On or near The Crossways,E01002618,Hounslow 011A,Burglary,Status update unavailable
c4052e6d0bc7baa8dea7ba455ca6b2f0396a3f10d4b9860ba34f908be14e7fbf,2024-07,Metropolitan Police Service,Metropolitan Police Service,-0.38056,51.475759,On or near Kingswood Avenue,E01002623,Hounslow 011C,Burglary,Status update unavailable
9000cfca122be08700876aa863736b89a5d8b43cf0146010f8405101e42a4283,2024-07,Metropolitan Police Service,Metropolitan Police Service,-0.372754,51.482251,On or near Sonia Gardens,E01002628,Hounslow 011D,Burglary,Investigation complete; no suspect identified
b99d01e53ba53cc6c58a313e2a66630124abb7379be3402c0da715f4ef8c1a2c,2024-07,Metropolitan Police Service,Metropolitan Police Service,-0.361811,51.478885,On or near Petrol Station,E01002630,Hounslow 012A,Burglary,Investigation complete; no suspect identified
b1341996c722cba211316152a1759a40db337bb7f5eb27ab59f7ae782a83d6ff,2024-07,Metropolitan Police Service,Metropolitan Police Service,-0.413768,51.479846,On or near Dudset Lane,E01002584,Hounslow 013B,Burglary,Unable to prosecute suspect
fdb9afd23e0500df4358ffcc9f5d7933c6e1be8e99b965cca1164f5cb3003f55,2024-07,Metropolitan Police Service,Metropolitan Police Service,-0.401882,51.468857,On or near Lichfield Road,E01002589,Hounslow 013E,Burglary,Investigation complete; no suspect identified
25b1941ef65bc1c14634f6f568581623ee3c525f084dbaee0e77c623f765696c,2024-07,Metropolitan Police Service,Metropolitan Police Service,-0.334337,51.471775,On or near St John'S Road,E01002668,Hounslow 014A,Burglary,Investigation complete; no suspect identified
66b30ca32ba95c72afa89ff21ab443872d80d3fbadbf70d184fa2ed521653bb7,2024-07,Metropolitan Police Service,Metropolitan Police Service,-0.327956,51.476963,On or near Rose And Crown Mews,E01002681,Hounslow 014C,Burglary,Unable to prosecute suspect
8c604e22816e947f68c7fe28ad65f950869d91134a119d36c8afe4589f0b591f,2024-07,Metropolitan Police Service,Metropolitan Police Service,-0.324351,51.473944,On or near Hospital,E01002681,Hounslow 014C,Burglary,Investigation complete; no suspect identified
9025b9a945ddbe7e442ef3fcff9908a6b1bd867d5eb954beb3777d59f6a5d729,2024-07,Metropolitan Police Service,Metropolitan Police Service,-0.358822,51.466347,On or near Inwood Road,E01002645,Hounslow 015C,Burglary,Investigation complete; no suspect identified
0e97547445b8d305f47568ccd6500171dfe2d07c4884970224d2a365cca9645a,2024-07,Metropolitan Police Service,Metropolitan Police Service,-0.336342,51.475652,On or near Beechen Cliff Way,E01002677,Hounslow 015E,Burglary,Investigation complete; no suspect identified
08a98df8aae5eb753f346f119d92c42aa667943bc97b3498760ebf5f4156f620,2024-07,Metropolitan Police Service,Metropolitan Police Service,-0.354767,51.47102,On or near Bus/Coach Station,E01034036,Hounslow 015F,Burglary,Investigation complete; no suspect identified
de38826fd93b67727ee4fd93e2b0c92b763ca50bd925296c597926e867e99623,2024-07,Metropolitan Police Service,Metropolitan Police Service,-0.353469,51.470283,On or near Selbourne Avenue,E01034036,Hounslow 015F,Burglary,Investigation complete; no suspect identified
44ad854ca36ea8b2df061b6735814678664199f7fdd3337e141ff84c447cc72b,2024-07,Metropolitan Police Service,Metropolitan Police Service,-0.353469,51.470283,On or near Selbourne Avenue,E01034036,Hounslow 015F,Burglary,Investigation complete; no suspect identified
dec1e609928b297044db4d26f7469c202fde30f68a4b7300ee80274aad852f9e,2024-07,Metropolitan Police Service,Metropolitan Police Service,-0.356519,51.472745,On or near Kingsley Road,E01034036,Hounslow 015F,Burglary,Court result unavailable
7739c13649928c6de4850642175273e00cf8dba726bd6b96684dbc14cdfee0e6,2024-07,Metropolitan Police Service,Metropolitan Police Service,-0.373442,51.465355,On or near Benson Close,E01002646,Hounslow 017B,Burglary,Investigation complete; no suspect identified
9fbdfba5dc08a9cc60790ae227bd83f77884843d49c2cb5c5ee39b593031d744,2024-07,Metropolitan Police Service,Metropolitan Police Service,-0.374142,51.470347,On or near Bulstrode Gardens,E01002662,Hounslow 017C,Burglary,Investigation complete; no suspect identified
fdbce026ab46ef8e3af46c0055877ac3c10ac1821ac75ce6f39d75a7fe1ba4d7,2024-07,Metropolitan Police Service,Metropolitan Police Service,-0.364328,51.46912,On or near Police Station,E01002641,Hounslow 018A,Burglary,Unable to prosecute suspect
b604629d7029d3da72ab599eb4030e505a4fa59c1801fb83753315146b9d57e8,2024-07,Metropolitan Police Service,Metropolitan Police Service,-0.364044,51.463246,On or near New Road,E01002649,Hounslow 018D,Burglary,Investigation complete; no suspect identified
efa8697affe82b329e55864faf7f541f402d3e9d882754f1d0b4cbc8f88894dd,2024-07,Metropolitan Police Service,Metropolitan Police Service,-0.363047,51.468134,On or near Shopping Area,E01033083,Hounslow 018F,Burglary,Investigation complete; no suspect identified
9ee1bf500cf400727239fd93de9713b37f038cb290a6b791c60e798f62b80f41,2024-07,Metropolitan Police Service,Metropolitan Police Service,-0.363047,51.468134,On or near Shopping Area,E01033083,Hounslow 018F,Burglary,Status update unavailable
7e4a0a69813af834fbab503f2e7a428b58549ed48d281d11f8c7f63d3cabaf3c,2024-07,Metropolitan Police Service,Metropolitan Police Service,-0.358379,51.469479,On or near Gilbert Street,E01033084,Hounslow 018G,Burglary,Unable to prosecute suspect
1d12ec987a3908f50eafb99a2a90b8f253bd20c53ba75faa015b3da1d723bed4,2024-07,Metropolitan Police Service,Metropolitan Police Service,-0.34805,51.468426,On or near Elmer Gardens,E01002659,Hounslow 019E,Burglary,Investigation complete; no suspect identified
9d8c0da4e270019419a2fc4498fa60e0d27d120c17d9edf7d2c27438d1516ec3,2024-07,Metropolitan Police Service,Metropolitan Police Service,-0.324614,51.468732,On or near Upper Square,E01002667,Hounslow 020A,Burglary,Investigation complete; no suspect identified
da7f719dd3bf9ff091e9331286a75a465477cc001ed5501e3ee5f08a708ccb6f,2024-07,Metropolitan Police Service,Metropolitan Police Service,-0.323341,51.469298,On or near Lower Square,E01002667,Hounslow 020A,Burglary,Status update unavailable
ac459fcf0088f9b72335edca98c27db33824f06a9a9c2dba92ded6d158646b7e,2024-07,Metropolitan Police Service,Metropolitan Police Service,-0.333326,51.461986,On or near Hillary Drive,E01002670,Hounslow 020B,Burglary,Investigation complete; no suspect identified
6016fcda6b54763555a02a148ed58c1179dbf58533e45e28ed27765e023b2694,2024-07,Metropolitan Police Service,Metropolitan Police Service,-0.413344,51.448888,On or near Locomotive Drive,E01002590,Hounslow 022C,Burglary,Investigation complete; no suspect identified
c3e934b2e0763bcefe7b8bb23dae0dc1b23dcfda6d79b662126bc245f9c65e37,2024-07,Metropolitan Police Service,Metropolitan Police Service,-0.414517,51.456979,On or near Clive Road,E01002595,Hounslow 022E,Burglary,Investigation complete; no suspect identified
6d7a6c18b41a55632d6c9b54c5bb0adfc668a143ad445f209163c3e722a93d19,2024-07,Metropolitan Police Service,Metropolitan Police Service,-0.439898,51.452617,On or near Longleat Way,E01002557,Hounslow 023A,Burglary,Investigation complete; no suspect identified
278343a32165b565a8a55133b1783e5a129a4fdd51aa874ee6a38f117dfeb5de,2024-07,Metropolitan Police Service,Metropolitan Police Service,-0.430899,51.453153,On or near New Road,E01002558,Hounslow 023B,Burglary,Investigation complete; no suspect identified
359bf1cb96c258c2b9029b9710f6fc8d621fa9d9f1f03ae983825341ccdc7446,2024-07,Metropolitan Police Service,Metropolitan Police Service,-0.411821,51.448391,On or near Manor Place,E01002593,Hounslow 024B,Burglary,Awaiting court outcome
3dd8bb338ddd48bb0e1adefde2c8ae371095e0e10646fa5e15ce3cd2b3fd3d3f,2024-07,Metropolitan Police Service,Metropolitan Police Service,-0.408724,51.445598,On or near Victoria Road,E01002612,Hounslow 024E,Burglary,Investigation complete; no suspect identified
d134f4c41f3c4b4d34b004537fbbfe7f4c9b8a2181b4afee686eeddde24456a1,2024-07,Metropolitan Police Service,Metropolitan Police Service,-0.413213,51.443795,On or near Petrol Station,E01002598,Hounslow 025B,Burglary,Awaiting court outcome
638cd873292701e71e7c133b2b4b44a2b615b840f4198cd07f03a47b7a9e4ab9,2024-07,Metropolitan Police Service,Metropolitan Police Service,-0.415157,51.441404,On or near Rose Gardens,E01002598,Hounslow 025B,Burglary,Unable to prosecute suspect
e1b5acb27df82286b3f1b3c7ef7e19ea4eabdf74d2b420593b0be7fe5c5ed5c7,2024-07,Metropolitan Police Service,Metropolitan Police Service,-0.41687,51.440573,On or near Francis Avenue,E01002598,Hounslow 025B,Burglary,Investigation complete; no suspect identified
f8845aa30ccd6afab0d6cebeb3c233311ab8ba3c4b1ac317265bd2b6a70cce5b,2024-07,Metropolitan Police Service,Metropolitan Police Service,-0.41687,51.440573,On or near Francis Avenue,E01002598,Hounslow 025B,Burglary,Investigation complete; no suspect identified
c536cd821ad371df0a8a1ba5f9dd7d5854f6e53c5fdc14ad1e04c71eb01337cd,2024-07,Metropolitan Police Service,Metropolitan Police Service,-0.41687,51.440573,On or near Francis Avenue,E01002598,Hounslow 025B,Burglary,Unable to prosecute suspect
77088c79f587615dcd521bd0b243362d53e3d1dce8d00e0930f3b9e147523404,2024-07,Metropolitan Police Service,Metropolitan Police Service,-0.420733,51.44621,On or near Waterloo Close,E01002599,Hounslow 025C,Burglary,Unable to prosecute suspect
240493d4bc0c6bc545353fecb2d78952304bab22d7fa7a035fad5d18b93e0b8a,2024-07,Metropolitan Police Service,Metropolitan Police Service,-0.421038,51.441942,On or near Vernon Road,E01002600,Hounslow 025D,Burglary,Investigation complete; no suspect identified
b2a75ee6aa68ca3d78ea2d58d615cffd1b413cee9d348ea22f717994f66c98ed,2024-07,Metropolitan Police Service,Metropolitan Police Service,-0.372988,51.440458,On or near Evans Grove,E01002604,Hounslow 026A,Burglary,Investigation complete; no suspect identified
08ab6d4138c177054a9fed3b1de0967fd3f51d00aa7031b7a2c150fef3f355fc,2024-07,Metropolitan Police Service,Metropolitan Police Service,-0.372988,51.440458,On or near Evans Grove,E01002604,Hounslow 026A,Burglary,Investigation complete; no suspect identified
ef8b7ff66a882899e1a4fc30b521f278de457886b83450433d5745a60c5bf94d,2024-07,Metropolitan Police Service,Metropolitan Police Service,-0.38927,51.435323,On or near Swinfield Close,E01002606,Hounslow 026C,Burglary,Investigation complete; no suspect identified
1e2cd54e1c314de5558721a1f5a9fc63c6820df09ac5ae949adc9509ef63d069,2024-07,Metropolitan Police Service,Metropolitan Police Service,-0.393127,51.44266,On or near Uxbridge Road,E01002615,Hounslow 026E,Burglary,Investigation complete; no suspect identified
245d80f64be6efa478548853d5ea53561b0135d4dc12479b7ae0cc1ed4fa3793,2024-07,Metropolitan Police Service,Metropolitan Police Service,-0.405907,51.437628,On or near Chestnut Way,E01002615,Hounslow 026E,Burglary,Investigation complete; no suspect identified
cab849592b228af0f5b7556ddee837bf0a89d16a215b170da36b16d8e1ee1500,2024-07,Metropolitan Police Service,Metropolitan Police Service,-0.427058,51.436781,On or near Larkham Close,E01002601,Hounslow 027B,Burglary,Unable to prosecute suspect
03970c3dedc58fbca52fd2468cf4c2469d84fcccb64bd64ca0c76751e23d8c56,2024-07,Metropolitan Police Service,Metropolitan Police Service,-0.418117,51.432794,On or near Groveley Road,E01002602,Hounslow 027C,Burglary,Unable to prosecute suspect
f569ce7cb8d632bba083017db187d1ea053125c19d47fde919460753fac1b72a,2024-07,Metropolitan Police Service,Metropolitan Police Service,-0.405778,51.442995,On or near Air Park Way,E01002614,Hounslow 027D,Burglary,Investigation complete; no suspect identified
2ae90b8a52d45afc47526f63f166f1ee1d19d1c0483f2046728e8f6af0444945,2024-07,Metropolitan Police Service,Metropolitan Police Service,-0.388539,51.434009,On or near Petrol Station,E01002608,Hounslow 028A,Burglary,Investigation complete; no suspect identified
1995fb66281e0d17391bd2c70684285d38d1818bdd5c7320cf2099f23714a53f,2024-07,Metropolitan Police Service,Metropolitan Police Service,-0.273888,51.490549,On or near A3000,E01002687,Hounslow 029A,Burglary,Unable to prosecute suspect
0009628484d99778fe8ddf255f65f5a1aaf5a7ad72477723b19a5b3c39ce5f5a,2024-07,Metropolitan Police Service,Metropolitan Police Service,-0.276394,51.494381,On or near Chiswick High Road,E01002691,Hounslow 029B,Burglary,Investigation complete; no suspect identified
1febbb6aa77e5eccf33ea1e38f030e5897db3cd9b2e13ce45696483c4093cb9a,2024-07,Metropolitan Police Service,Metropolitan Police Service,-0.278092,51.493677,On or near Thorney Hedge Road,E01002692,Hounslow 029C,Burglary,Investigation complete; no suspect identified
927c9e67101ef5bb7013738a5903d15a035787b81ebae3e9e1dcc992a07bb1de,2024-07,Metropolitan Police Service,Metropolitan Police Service,-0.258896,51.491614,On or near Linden Gardens,E01002693,Hounslow 029D,Burglary,Investigation complete; no suspect identified
31b71ba3faa7b8a18b28823091aaf14c55cb3c6a7c66bd36d507b9ee33616b00,2024-07,Metropolitan Police Service,Metropolitan Police Service,-0.258337,51.493053,On or near Parking Area,E01002693,Hounslow 029D,Burglary,Investigation complete; no suspect identified
74305258a9d302b535e6db1bb7e7fd29704678562bec97cb69f32fdf4d579434,2024-07,Metropolitan Police Service,Metropolitan Police Service,-0.256106,51.491482,On or near Devonshire Mews,E01002693,Hounslow 029D,Burglary,Investigation complete; no suspect identified
e419b8fe604d8bb60e57d01e8e3582afda8bf8f8e3a25869ee112c441bb3ad85,2024-07,Metropolitan Police Service,Metropolitan Police Service,-0.256751,51.491941,On or near Prince Of Wales Terrace,E01002693,Hounslow 029D,Burglary,Investigation complete; no suspect identified
c7a7a9d01269cc0aa6987366d01a5808bb782bdba543488ab63e5fe219fad285,2024-07,Metropolitan Police Service,Metropolitan Police Service,-0.258337,51.493053,On or near Parking Area,E01002693,Hounslow 029D,Burglary,Investigation complete; no suspect identified
52e5bc04344841ba5c10480dab11431447b7fc35d87890ba8df3c0fe4c78de2a,2024-07,Metropolitan Police Service,Metropolitan Police Service,-0.270075,51.491212,On or near Walpole Gardens,E01032573,Hounslow 029E,Burglary,Investigation complete; no suspect identified
a1c60f717d0c445bcdc1ef0f544a8e340b193e18c5a087b3895fcf7f9957741d,2024-07,Metropolitan Police Service,Metropolitan Police Service,-0.283394,51.491575,On or near Petrol Station,E01034042,Hounslow 030A,Burglary,Investigation complete; no suspect identified
e4dbb99a472716faae1f4c7953906626679a5636c6d54e203ac6e10438cf604b,2024-07,Metropolitan Police Service,Metropolitan Police Service,-0.291798,51.4885,On or near Heritage Walk,E01034042,Hounslow 030A,Burglary,Investigation complete; no suspect identified
c5f3b9198ac2eebb74377b0007377b87ed16f48fc05ce09c38932b7c71a72929,2024-07,Metropolitan Police Service,Metropolitan Police Service,-0.283394,51.491575,On or near Petrol Station,E01034042,Hounslow 030A,Burglary,Investigation complete; no suspect identified
e749aec360b8fdc397922f935a42a08eed9f61b75a8122cb76ef66f9e893dde6,2024-07,Metropolitan Police Service,Metropolitan Police Service,-0.28747,51.487916,On or near Kew Road,E01034044,Hounslow 030C,Burglary,Unable to prosecute suspect
2f5c92f97906f8f59ef5e9d3379cc8d703308322247378e9038abe8c14dfb4ab,2024-07,Metropolitan Police Service,Metropolitan Police Service,-0.299712,51.489506,On or near Burford Road,E01034046,Hounslow 031B,Burglary,Investigation complete; no suspect identified
dd7dc3d273a140bb85fb6fe89f2bf7721ade3f3aae8c958dc42106abe250fbfa,2024-07,Metropolitan Police Service,Metropolitan Police Service,-0.299022,51.486744,On or near Walnut Tree Road,E01034046,Hounslow 031B,Burglary,Investigation complete; no suspect identified
3435b142c57f66c8bd953cd7309dc91571d42f853a11ff9cd4654327484ca648,2024-07,Metropolitan Police Service,Metropolitan Police Service,-0.301171,51.483574,On or near Soaphouse Lane,E01033081,Hounslow 031D,Burglary,Investigation complete; no suspect identified
2b2ab93644d2cf67a16065aed6a022dbd3ca87d8577bf30b5009e718d3cea864,2024-07,Metropolitan Police Service,Metropolitan Police Service,-0.300473,51.491495,On or near A4,E01002564,Hounslow 031E,Burglary,Unable to prosecute suspect
08d0a0195aaabf51f6e5632343aceda8d0735a3c8fd08615c85223340205f9d9,2024-07,Metropolitan Police Service,Metropolitan Police Service,-0.300473,51.491495,On or near A4,E01002564,Hounslow 031E,Burglary,Awaiting court outcome
b7408613f132b58850a92a2730f98e22512c312328d788e78d7c15478de0227a,2024-07,Metropolitan Police Service,Metropolitan Police Service,-0.12036,51.573213,On or near Barnfield Close,E01002756,Islington 001B,Burglary,Investigation complete; no suspect identified
e04ffdfca2d9a90633a8451baf2a1743765b0af33caa929c55ef5867d49a7bba,2024-07,Metropolitan Police Service,Metropolitan Police Service,-0.128393,51.571228,On or near Hazellville Road,E01002758,Islington 001C,Burglary,Unable to prosecute suspect
3460ce9f965a2351157f425607fc6563862d4d7846f8368da209b9c4f3130afe,2024-07,Metropolitan Police Service,Metropolitan Police Service,-0.121303,51.568552,On or near Grenville Road,E01002804,Islington 001D,Burglary,Investigation complete; no suspect identified
0bb8f7c81ae5a6591c2f43e2c0c759a779f43af3055875fff3e65bd286749599,2024-07,Metropolitan Police Service,Metropolitan Police Service,-0.122316,51.565322,On or near Bavaria Road,E01002807,Islington 001E,Burglary,Investigation complete; no suspect identified
ec066fa0769ff8e89404134d5b03946bba14ac183428011644a072e241141c10,2024-07,Metropolitan Police Service,Metropolitan Police Service,-0.125131,51.568802,On or near Nyton Close,E01002760,Islington 002E,Burglary,Investigation complete; no suspect identified
681482d3b3ab4806044c285143772e49ad2e77ca1a48d2a294953bac30b958ae,2024-07,Metropolitan Police Service,Metropolitan Police Service,-0.130814,51.564621,On or near Criterion Mews,E01002772,Islington 002F,Burglary,Unable to prosecute suspect
875fb8b928e9c600fb9d2ade73eb081f387bb9affdf7e15abcb04f7a67eca4e7,2024-07,Metropolitan Police Service,Metropolitan Police Service,-0.130512,51.565651,On or near Old Forge Road,E01002772,Islington 002F,Burglary,Investigation complete; no suspect identified
6afe3a6c289ed67a340dd0aad7df588ab7d3f7a88748ea40754c7dd2e45a08b5,2024-07,Metropolitan Police Service,Metropolitan Police Service,-0.130814,51.564621,On or near Criterion Mews,E01002772,Islington 002F,Burglary,Investigation complete; no suspect identified
7c0470528e24e47f8bcbec1d2c9081cd1f7d357750e741453205c86cbe4d5932,2024-07,Metropolitan Police Service,Metropolitan Police Service,-0.110356,51.568062,On or near Athelstane Mews,E01002735,Islington 003A,Burglary,Investigation complete; no suspect identified
b07b06998349876aca6880c033c64b9071b99b8aa22b67ef047a23a4b0c57701,2024-07,Metropolitan Police Service,Metropolitan Police Service,-0.108668,51.565633,On or near Theatre/Concert Hall,E01002735,Islington 003A,Burglary,Investigation complete; no suspect identified
a8641bc72602e46ff4a74367511c26bab034a0f1631a999424a9aa7a9cf6bc3d,2024-07,Metropolitan Police Service,Metropolitan Police Service,-0.112723,51.565968,On or near Moray Road,E01002735,Islington 003A,Burglary,Investigation complete; no suspect identified
1fc1a7d58b92b7f06f2d07faa984c7bdaa3126ad95c9cc5d707720d94db4eb0b,2024-07,Metropolitan Police Service,Metropolitan Police Service,-0.107891,51.565243,On or near Wells Terrace,E01002735,Islington 003A,Burglary,Investigation complete; no suspect identified
d9d49345d4a82f08d6aec5fe786a003efc95d75ce4d19162d69ff2682d8d9faf,2024-07,Metropolitan Police Service,Metropolitan Police Service,-0.113945,51.567814,On or near Stonenest Street,E01002805,Islington 003B,Burglary,Unable to prosecute suspect
fdc629a6c317d6c8881bb7d04a138168437aa0bee64de1d1f5d1edf934c48c8e,2024-07,Metropolitan Police Service,Metropolitan Police Service,-0.112733,51.569557,On or near A1201,E01002805,Islington 003B,Burglary,Awaiting court outcome
2c8a2672c4c149cb9467202ca91ef6eecabeecce72701adef32e428b7548c3fc,2024-07,Metropolitan Police Service,Metropolitan Police Service,-0.115328,51.568924,On or near Evershot Road,E01002806,Islington 003C,Burglary,Investigation complete; no suspect identified
56ec2d3874d6c8e010764dc3cdfcdd6b7e46919b9d563a2940d51e8836724e8e,2024-07,Metropolitan Police Service,Metropolitan Police Service,-0.115328,51.568924,On or near Evershot Road,E01002806,Islington 003C,Burglary,Investigation complete; no suspect identified
804e3300dd16bbc8de0071134d6f0eeaf50cce3f181325d4563aabf4e2a2a8e2,2024-07,Metropolitan Police Service,Metropolitan Police Service,-0.12581,51.565953,On or near Hatchard Road,E01002809,Islington 003E,Burglary,Investigation complete; no suspect identified
a5be9536292bbb26ccf28f44bbc542b359495d4510ff040472b4032876e93b8e,2024-07,Metropolitan Police Service,Metropolitan Police Service,-0.12581,51.565953,On or near Hatchard Road,E01002809,Islington 003E,Burglary,Investigation complete; no suspect identified
f89358eeda8235cac0a2129380ab9691c6fc27c9de843dcd3220647ee10c393b,2024-07,Metropolitan Police Service,Metropolitan Police Service,-0.12581,51.565953,On or near Hatchard Road,E01002809,Islington 003E,Burglary,Investigation complete; no suspect identified
bfd7dfa29b42e43828c997b8aaa3ed57705e87dd7245ca4c5f34484de2f9acc3,2024-07,Metropolitan Police Service,Metropolitan Police Service,-0.123282,51.563584,On or near Kingsdown Road,E01002810,Islington 003F,Burglary,Unable to prosecute suspect
d6208d0adcea8956fc952e3599f77265419f53288ee0f922e24d2ca6d4092701,2024-07,Metropolitan Police Service,Metropolitan Police Service,-0.12213,51.562477,On or near Alexander Road,E01002810,Islington 003F,Burglary,Investigation complete; no suspect identified
f5fffd837e7adaa89da165e19e832240b5c0bcb4c8d82d7cf6ca5279e2b8d437,2024-07,Metropolitan Police Service,Metropolitan Police Service,-0.135288,51.563173,On or near Brookside Road,E01002770,Islington 004B,Burglary,Unable to prosecute suspect
e2668c718c91d3ce0b642f34d5e6b029974ad3a92219a73e8b27ab0bd1bb62ed,2024-07,Metropolitan Police Service,Metropolitan Police Service,-0.134858,51.566286,On or near Flowers Mews,E01002770,Islington 004B,Burglary,Unable to prosecute suspect
3f174e5ec047344bf8355060e96d60de8f36c77a13a9bcc8601bdc82b44ce772,2024-07,Metropolitan Police Service,Metropolitan Police Service,-0.138809,51.560693,On or near Poynings Road,E01002771,Islington 004C,Burglary,Investigation complete; no suspect identified
75f9e8dee5d8e78b894d5bc06ecbd51052400e9e946f323307c27d2c41bb9aa3,2024-07,Metropolitan Police Service,Metropolitan Police Service,-0.136882,51.561256,On or near Junction Road,E01002771,Islington 004C,Burglary,Investigation complete; no suspect identified
c17c18c18e5a1f34015a76fab5ab7603e0b587990ac9eced906adba7566f0e34,2024-07,Metropolitan Police Service,Metropolitan Police Service,-0.138021,51.564098,On or near Bredgar Road,E01002773,Islington 004D,Burglary,Unable to prosecute suspect
d62245230cf7ab6178a2f59038242ed4ecb5a88eca21a888bb92d8c11b44b425,2024-07,Metropolitan Police Service,Metropolitan Police Service,-0.138021,51.564098,On or near Bredgar Road,E01002773,Islington 004D,Burglary,Investigation complete; no suspect identified
f9fd7f771e0756e3e9ca6f2001107569e894045a2e078e77515f8fa11302a549,2024-07,Metropolitan Police Service,Metropolitan Police Service,-0.128013,51.563264,On or near Hampden Road,E01002774,Islington 004E,Burglary,Unable to prosecute suspect
458a93fff04bd9c06b8656b505cd4d1375686d503247becabebecfd0b2e61d5e,2024-07,Metropolitan Police Service,Metropolitan Police Service,-0.109761,51.561532,On or near Yonge Park,E01002732,Islington 005A,Burglary,Investigation complete; no suspect identified
6ea2aa239e42e3e0601c2d8fb307b4e308a0a1b3d67b19f1cc4a7ac3fd08f5b3,2024-07,Metropolitan Police Service,Metropolitan Police Service,-0.109825,51.564186,On or near Biggerstaff Street,E01002734,Islington 005B,Burglary,Investigation complete; no suspect identified
ef4d1c581cbc06a041951ef879b52a81087711aa9da276f696c9782cefe2006b,2024-07,Metropolitan Police Service,Metropolitan Police Service,-0.108799,51.562128,On or near Coleridge Road,E01002734,Islington 005B,Burglary,Unable to prosecute suspect
cb2fe5d1ed51fa3385f46673328469dcb7e27c46b1a1b059ab638fcd3a63d886,2024-07,Metropolitan Police Service,Metropolitan Police Service,-0.108135,51.564222,On or near Goodwin Street,E01002734,Islington 005B,Burglary,Investigation complete; no suspect identified
8b3b835c007e7d8076c9fb4ea4d1432ee2b32babf7bde47d27fa7f311d98a252,2024-07,Metropolitan Police Service,Metropolitan Police Service,-0.108344,51.56302,On or near Whadcoat Street,E01002734,Islington 005B,Burglary,Awaiting court outcome
ac5597b1817de704a734c51ebd8efa4ae098334e641ed537826a405c8d9959ce,2024-07,Metropolitan Police Service,Metropolitan Police Service,-0.108135,51.564222,On or near Goodwin Street,E01002734,Islington 005B,Burglary,Investigation complete; no suspect identified
e1843737ef86ca5a6ea59235f8a1f02cc8079dd5c5609c562cc0df8e0309a375,2024-07,Metropolitan Police Service,Metropolitan Police Service,-0.11193,51.563528,On or near Durham Road,E01002736,Islington 005C,Burglary,Investigation complete; no suspect identified
48fa2ebe724e15a4fdebc367922d904617d7d9f9cbd4b3235d49a23658a2d6b6,2024-07,Metropolitan Police Service,Metropolitan Police Service,-0.112995,51.565316,On or near Moray Mews,E01002736,Islington 005C,Burglary,Unable to prosecute suspect
3b1c8898725b052e4791251a099b9ed12312d0a5460a8ae0385f3f831b98ba65,2024-07,Metropolitan Police Service,Metropolitan Police Service,-0.099148,51.560381,On or near Vale Row,E01002749,Islington 006D,Burglary,Status update unavailable
a809a345f06008483fb81f317e36dd2f426a4124bed854e87a53ae21f85176ef,2024-07,Metropolitan Police Service,Metropolitan Police Service,-0.102012,51.558116,On or near Avenell Road,E01033493,Islington 006F,Burglary,Investigation complete; no suspect identified
d5cf7cd4d25af76c5889bb403d707eac0884134014bf928fed6305e0fca3899f,2024-07,Metropolitan Police Service,Metropolitan Police Service,-0.102439,51.560677,On or near Plimsoll Road,E01033494,Islington 006G,Burglary,Unable to prosecute suspect
558ae2774fd1342a78531da21b7cc3864ac65215788715886b5ce13dd0f5b093,2024-07,Metropolitan Police Service,Metropolitan Police Service,-0.104804,51.555841,On or near Elfort Road,E01033494,Islington 006G,Burglary,Investigation complete; no suspect identified
000ee4309d1af2387e452417d5c56972043f0106d4f821f494c31498ef11e5a4,2024-07,Metropolitan Police Service,Metropolitan Police Service,-0.1148,51.558655,On or near Pakeman Street,E01002730,Islington 007A,Burglary,Unable to prosecute suspect
d387acd67103cfede6994bce6a359d548b8893dbcfcdd25f46dc25dd97a24121,2024-07,Metropolitan Police Service,Metropolitan Police Service,-0.120903,51.561792,On or near Bryett Road,E01002733,Islington 007C,Burglary,Investigation complete; no suspect identified
098fb87b7967a62a04b1f3c24f9be3268eee6a2fab3d7d123f9377821a3499d8,2024-07,Metropolitan Police Service,Metropolitan Police Service,-0.121203,51.555215,On or near Williamson Street,E01002763,Islington 007D,Burglary,Investigation complete; no suspect identified
feea45d06777cf55fef591bbb5b8176466eeba0504667f0f8c2177c7b4887300,2024-07,Metropolitan Police Service,Metropolitan Police Service,-0.119811,51.55575,On or near Warlters Close,E01002763,Islington 007D,Burglary,Status update unavailable
327f0ed0e6e3b9f1a090779203ef42a06af543c8e8334ca0566e2f8d38abd3be,2024-07,Metropolitan Police Service,Metropolitan Police Service,-0.117477,51.556378,On or near Holloway Road,E01002763,Islington 007D,Burglary,Investigation complete; no suspect identified
0639c4da8151942486414d77f484b4db238c03c24ca00ee1e860bbc1906a2f36,2024-07,Metropolitan Police Service,Metropolitan Police Service,-0.117477,51.556378,On or near Holloway Road,E01002763,Islington 007D,Burglary,Investigation complete; no suspect identified
916a89bb0277dd3696e0a148ace28769a3740a1060525d6056802d24ee3a3a96,2024-07,Metropolitan Police Service,Metropolitan Police Service,-0.119394,51.55711,On or near Further/Higher Educational Building,E01002763,Islington 007D,Burglary,Investigation complete; no suspect identified
344efd60c963e027c69ce6e49357a4f854b83d7e0951adec232aa186d29bacaa,2024-07,Metropolitan Police Service,Metropolitan Police Service,-0.117052,51.561635,On or near Petrol Station,E01035651,Islington 007E,Burglary,Investigation complete; no suspect identified
022e33fd394a3ba8263c3ed1a0d9986052acce243b8a3ec8413d90bdc66995fb,2024-07,Metropolitan Police Service,Metropolitan Police Service,-0.116525,51.561596,On or near Hornsey Road,E01035651,Islington 007E,Burglary,Unable to prosecute suspect
68c202e597588060b83bcbd44281205b6803405144bf72f60285cbe241f07531,2024-07,Metropolitan Police Service,Metropolitan Police Service,-0.115327,51.560228,On or near Shopping Area,E01035651,Islington 007E,Burglary,Investigation complete; no suspect identified
7b14058f5fe72f6abfdd6906aa5e0be4eacd07f4bd3439296a9189090e503c5b,2024-07,Metropolitan Police Service,Metropolitan Police Service,-0.114811,51.562225,On or near Newington Barrow Way,E01035651,Islington 007E,Burglary,Unable to prosecute suspect
9eed3f6a1ecc35465ddd9668e7c5aabde0c7fb86f3994a49f57e289e05a5a808,2024-07,Metropolitan Police Service,Metropolitan Police Service,-0.115327,51.560228,On or near Shopping Area,E01035651,Islington 007E,Burglary,Investigation complete; no suspect identified
dee3782dfd980622a19a2bf450ee52526346be002c8d09b93950af5c7a5f3aa9,2024-07,Metropolitan Police Service,Metropolitan Police Service,-0.115327,51.560228,On or near Shopping Area,E01035651,Islington 007E,Burglary,Unable to prosecute suspect
90cd0d210e2c29739c83458f023ed1bb2f5de1a21e0ee11d0cdc415b4dcd19c2,2024-07,Metropolitan Police Service,Metropolitan Police Service,-0.12046,51.558539,On or near Bowman'S Place,E01035652,Islington 007F,Burglary,Investigation complete; no suspect identified
80c142c742ee4bff6a666b52fa06726984e1a6e4a0715cc702aa7307575c4773,2024-07,Metropolitan Police Service,Metropolitan Police Service,-0.119045,51.558579,On or near Hercules Place,E01035652,Islington 007F,Burglary,Investigation complete; no suspect identified
a211c8a0496aded93ffee0013133299af07bdb64925078d729951ebcace11596,2024-07,Metropolitan Police Service,Metropolitan Police Service,-0.12046,51.558539,On or near Bowman'S Place,E01035652,Islington 007F,Burglary,Investigation complete; no suspect identified
a802e25f3110ff142bfb52c0c5e0050b8f618cd1a639219357ad9bddd5e36b17,2024-07,Metropolitan Police Service,Metropolitan Police Service,-0.097341,51.552519,On or near Melody Lane,E01002738,Islington 009A,Burglary,Investigation complete; no suspect identified
c7c58f93a2c4482183fd009a0c3bb01bf2f1a6c5ffd773b6277587e8de9de650,2024-07,Metropolitan Police Service,Metropolitan Police Service,-0.095236,51.550075,On or near Holmcote Gardens,E01002738,Islington 009A,Burglary,Investigation complete; no suspect identified
86b2a1bb34096cc1e8c8c4a6e819d14cc9387a99cd381c6d9221568cd50b2ffa,2024-07,Metropolitan Police Service,Metropolitan Police Service,-0.090422,51.557568,On or near Collins Road,E01002743,Islington 009C,Burglary,Investigation complete; no suspect identified
ebfac0eb51178c091324199a6a206a6869323f22b9d71591e0b81c239f68ff6c,2024-07,Metropolitan Police Service,Metropolitan Police Service,-0.093129,51.554573,On or near Stradbroke Road,E01002744,Islington 009D,Burglary,Unable to prosecute suspect
d4e1f270d5039c63af3c95ff158ffb30a3fe6287de7a31c08635e31eb5ecf61c,2024-07,Metropolitan Police Service,Metropolitan Police Service,-0.124411,51.55157,On or near Beacon Hill,E01002764,Islington 010A,Burglary,Investigation complete; no suspect identified
1b163c5367f579c67d724feab841e5d63fda3bf3885d3ee26dfa5b02f997abd3,2024-07,Metropolitan Police Service,Metropolitan Police Service,-0.127945,51.54981,On or near Camden Road,E01002764,Islington 010A,Burglary,Investigation complete; no suspect identified
4102aeb6799e3a469d64cb32d89720191183231a86926b5d0d7a331868582202,2024-07,Metropolitan Police Service,Metropolitan Police Service,-0.124411,51.55157,On or near Beacon Hill,E01002764,Islington 010A,Burglary,Investigation complete; no suspect identified
0a8873fedca975da9d80dce2e5381a6b97497cb0d952dc6f9c41d33174324a5c,2024-07,Metropolitan Police Service,Metropolitan Police Service,-0.127945,51.54981,On or near Camden Road,E01002764,Islington 010A,Burglary,Unable to prosecute suspect
37ebf7e37e6014a4b7124563a5a6606fcf9dea3e0eb9b4ae2fb87934d7bbc29f,2024-07,Metropolitan Police Service,Metropolitan Police Service,-0.127579,51.554166,On or near Trecastle Way,E01002784,Islington 010C,Burglary,Investigation complete; no suspect identified
b5877c9f5432cfacfe00f9cbdf56e5f0bcf5163d8b70146a9f527a7f3e44a27e,2024-07,Metropolitan Police Service,Metropolitan Police Service,-0.122292,51.556455,On or near Moriatry Close,E01002786,Islington 010D,Burglary,Unable to prosecute suspect
34fd051a10ec7df837fa46764b249fb91680752e6f5c58b6532f524351f079b8,2024-07,Metropolitan Police Service,Metropolitan Police Service,-0.125861,51.555613,On or near Bakers Field,E01002787,Islington 010E,Burglary,Investigation complete; no suspect identified
db62bce672790653d4aae643b6100312b57f2773cc4a219474079f26e3ac0c04,2024-07,Metropolitan Police Service,Metropolitan Police Service,-0.117665,51.552505,On or near Sturmer Way,E01002762,Islington 011C,Burglary,Investigation complete; no suspect identified
d9e0f111b8cc4dfb58944980cae21240305ba20468743a389f366347553599c9,2024-07,Metropolitan Police Service,Metropolitan Police Service,-0.118569,51.555065,On or near Further/Higher Educational Building,E01002762,Islington 011C,Burglary,Investigation complete; no suspect identified
c85d36ae01eea52f089f920c90bda1d1843c5c7281ed1fc44a453d4bcb1d4a58,2024-07,Metropolitan Police Service,Metropolitan Police Service,-0.114167,51.551649,On or near Hornsey Street,E01033487,Islington 011F,Burglary,Investigation complete; no suspect identified
7d10cd5454f1b0a43c015ff47f994e77cafd8b94497028a3d1e65265a73a5608,2024-07,Metropolitan Police Service,Metropolitan Police Service,-0.113444,51.55099,On or near Eden Grove,E01033487,Islington 011F,Burglary,Investigation complete; no suspect identified
6e6bd13d06a958006b8f29ad1998ab6fcbbfd87a217c15d447f361992999f872,2024-07,Metropolitan Police Service,Metropolitan Police Service,-0.114167,51.551649,On or near Hornsey Street,E01033487,Islington 011F,Burglary,Investigation complete; no suspect identified
abe11e76cb0443b565c009d2ef3e3809d65e4e93a0f0170e25c77a82cd8f61be,2024-07,Metropolitan Police Service,Metropolitan Police Service,-0.114167,51.551649,On or near Hornsey Street,E01033487,Islington 011F,Burglary,Unable to prosecute suspect
e309ac438ac570f4010b8727938468022ad4d4b3134024c5b266ddc4a7dd8077,2024-07,Metropolitan Police Service,Metropolitan Police Service,-0.113056,51.552701,On or near Holloway Road,E01033488,Islington 011G,Burglary,Investigation complete; no suspect identified
8e50cd5bdca9bee15983817daa27dde3302ffd32f1e679fc39d9902b1bc4cbeb,2024-07,Metropolitan Police Service,Metropolitan Police Service,-0.113269,51.55453,On or near Dunford Road,E01033491,Islington 011H,Burglary,Investigation complete; no suspect identified
806f35c06883af0a6e75b3be479108d7aef256b0becef0169afcacd5262ecb69,2024-07,Metropolitan Police Service,Metropolitan Police Service,-0.108609,51.552791,On or near Courtney Road,E01033491,Islington 011H,Burglary,Investigation complete; no suspect identified
eea0a293f6a4fb4f28d55ba285ef5523835c10aa643e3e638d3f6a74c50c497a,2024-07,Metropolitan Police Service,Metropolitan Police Service,-0.107519,51.552648,On or near Bryantwood Road,E01035654,Islington 011K,Burglary,Investigation complete; no suspect identified
3c5d3d9bb86ecdaf212cdb3113acc0a63be7def85dd1463687d3e3804b64d64e,2024-07,Metropolitan Police Service,Metropolitan Police Service,-0.081245,51.549388,On or near Queen Margaret'S Grove,E01002777,Islington 012A,Burglary,Investigation complete; no suspect identified
8767273e3c04842cd074437340d659b75ac381472b4216cdb2961017196cba91,2024-07,Metropolitan Police Service,Metropolitan Police Service,-0.086758,51.551358,On or near Hedley Row,E01002779,Islington 012C,Burglary,Investigation complete; no suspect identified
6107a731c5d17885e3735c9d6871ff4bd9a2f04a1c00e2c44420c3640e56c067,2024-07,Metropolitan Police Service,Metropolitan Police Service,-0.090504,51.55284,On or near Petherton Road,E01002779,Islington 012C,Burglary,Investigation complete; no suspect identified
8902188a7fd33887ec38fab81364ab3dbfb918f8d44e173e2f14113b6d90b821,2024-07,Metropolitan Police Service,Metropolitan Police Service,-0.086563,51.552569,On or near Winston Road,E01002779,Islington 012C,Burglary,Investigation complete; no suspect identified
70414f8cffa907873c8242274fac84cbb5c7589f7d670b42f59e7d3cba8ea218,2024-07,Metropolitan Police Service,Metropolitan Police Service,-0.106396,51.549464,On or near Fieldway Crescent,E01002739,Islington 013A,Burglary,Status update unavailable
ab7487bcf16bfcf01b2bca5d697e63e9c907f6f201cc7854e7fc326041221b19,2024-07,Metropolitan Police Service,Metropolitan Police Service,-0.106548,51.551022,On or near Witherington Road,E01002739,Islington 013A,Burglary,Investigation complete; no suspect identified
a4574bc0d9505707d4e439c87600e851a9072c47c94657e38499cc90df35823c,2024-07,Metropolitan Police Service,Metropolitan Police Service,-0.100227,51.553879,On or near Roseleigh Avenue,E01002745,Islington 013C,Burglary,Investigation complete; no suspect identified
1f386e093bab9c65750543244cbcfeaee86dd4767a7431047372d49b8eab245d,2024-07,Metropolitan Police Service,Metropolitan Police Service,-0.108756,51.54926,On or near Morgan Road,E01002795,Islington 013D,Burglary,Unable to prosecute suspect
8a7a89346abeb9d744e0fca9dcb684ebeda8644789112ac6200548c960385366,2024-07,Metropolitan Police Service,Metropolitan Police Service,-0.085955,51.541975,On or near Northchurch Road,E01002718,Islington 014B,Burglary,Investigation complete; no suspect identified
705ff602c730e9bbaa37b7affcf87787c50479bc165062b374dca52fd14b3930,2024-07,Metropolitan Police Service,Metropolitan Police Service,-0.086182,51.544127,On or near Ockendon Road,E01002718,Islington 014B,Burglary,Investigation complete; no suspect identified
8b16eb9ab20caa5142fa49e82e2a028018dd78a4fda9c35e72fc8b1c3f155e24,2024-07,Metropolitan Police Service,Metropolitan Police Service,-0.087294,51.537563,On or near Rosemary Street,E01002721,Islington 014C,Burglary,Investigation complete; no suspect identified
95ee4efc3ffbb649c89d8cdf671f7549764b040a3aad605989ff91926eb8736c,2024-07,Metropolitan Police Service,Metropolitan Police Service,-0.093359,51.548048,On or near Hope Close,E01002775,Islington 014D,Burglary,Investigation complete; no suspect identified
e786a9908c4a159e244a8956ab00891b5a1542e672bfc6e26001a1d354e59f87,2024-07,Metropolitan Police Service,Metropolitan Police Service,-0.084717,51.547071,On or near Mildmay Street,E01002776,Islington 014E,Burglary,Investigation complete; no suspect identified
23b75cfd8995a1df291cc03e4502eb257d36e60bac2475089987b81cd176e351,2024-07,Metropolitan Police Service,Metropolitan Police Service,-0.084717,51.547071,On or near Mildmay Street,E01002776,Islington 014E,Burglary,Status update unavailable
0a3e715288bd9bcda92d3dd5bb73d6ea8a71fc7884eb6ea404fd18d14231649c,2024-07,Metropolitan Police Service,Metropolitan Police Service,-0.12477,51.543546,On or near Brandon Road,E01002708,Islington 015A,Burglary,Investigation complete; no suspect identified
1ab0eea520d82d63cab7e6a59b31543645a8368c4059d869a57ced902b4f1b00,2024-07,Metropolitan Police Service,Metropolitan Police Service,-0.12477,51.543546,On or near Brandon Road,E01002708,Islington 015A,Burglary,Investigation complete; no suspect identified
e93bfcce4198edd22e91898303e9adb379cf5a68eb056d1a6b46eec17f4f8462,2024-07,Metropolitan Police Service,Metropolitan Police Service,-0.119779,51.542881,On or near Bunning Way,E01002708,Islington 015A,Burglary,Unable to prosecute suspect
6fc5956e29673ca3ece2f212c0a28b953d0cb17f865e07a25d07cabee0b69caa,2024-07,Metropolitan Police Service,Metropolitan Police Service,-0.117979,51.54385,On or near Frederica Street,E01002712,Islington 015B,Burglary,Investigation complete; no suspect identified
1d5ef5996219fd607309ce76c0c746b29ce1fc14b8cf6e9049b7b59df2ba4c4c,2024-07,Metropolitan Police Service,Metropolitan Police Service,-0.115853,51.542962,On or near Offord Street,E01002712,Islington 015B,Burglary,Investigation complete; no suspect identified
313b11fe64f413ebf8bd15eef1fe4e1ffe626899e44860d1687ec5d5235edc68,2024-07,Metropolitan Police Service,Metropolitan Police Service,-0.118088,51.546811,On or near Caledonian Road,E01002713,Islington 015C,Burglary,Investigation complete; no suspect identified
9416e2fac812612b27db94f94474ae7983d62c967a9c7449e383824f67108bb0,2024-07,Metropolitan Police Service,Metropolitan Police Service,-0.114959,51.547498,On or near Jupiter Way,E01002713,Islington 015C,Burglary,Unable to prosecute suspect
9d76ecddb527d0bf55303e63a212d156c1878f7fd63f04ceaf0105e859ed530a,2024-07,Metropolitan Police Service,Metropolitan Police Service,-0.120722,51.547986,On or near Yoke Close,E01002765,Islington 015D,Burglary,Investigation complete; no suspect identified
65a9320464aa2e37f13b9476dd95582fb5f30a782bd24f60d615e33788726507,2024-07,Metropolitan Police Service,Metropolitan Police Service,-0.120036,51.549618,On or near Shopping Area,E01002765,Islington 015D,Burglary,Status update unavailable
7991b2ea7f2c445ac53b524dc328b29d5476977736a8089b9da10d4551161f41,2024-07,Metropolitan Police Service,Metropolitan Police Service,-0.120722,51.547986,On or near Yoke Close,E01002765,Islington 015D,Burglary,Investigation complete; no suspect identified
c706eac1197363ced5a9d4f5621d01127f8d2a3a113ac3650633b0be222421a2,2024-07,Metropolitan Police Service,Metropolitan Police Service,-0.120722,51.547986,On or near Yoke Close,E01002765,Islington 015D,Burglary,Status update unavailable
680430c468bf3daef104f7adea3e3c8bcfffa24211b0424fea0f2764a146f23d,2024-07,Metropolitan Police Service,Metropolitan Police Service,-0.120722,51.547986,On or near Yoke Close,E01002765,Islington 015D,Burglary,Investigation complete; no suspect identified
526ee3c4934186101afe709db4d29db3b6245dd0b6e486dd212d90ade9a96db1,2024-07,Metropolitan Police Service,Metropolitan Police Service,-0.120722,51.547986,On or near Yoke Close,E01002765,Islington 015D,Burglary,Investigation complete; no suspect identified
a2d210e4854524fcc5153adb4187130796490fb675ac862b2ba2859cd7525607,2024-07,Metropolitan Police Service,Metropolitan Police Service,-0.120722,51.547986,On or near Yoke Close,E01002765,Islington 015D,Burglary,Investigation complete; no suspect identified
e2e3b30c8dfd5bada6d423fabbedbc53909ef74a8fa5ea26e82cc8beba09d681,2024-07,Metropolitan Police Service,Metropolitan Police Service,-0.12522,51.547689,On or near Chris Pullen Way,E01002766,Islington 015E,Burglary,Investigation complete; no suspect identified
be4eb0c5775abd998357a49f59e5f5c1fb6f68c06cc4d14fc6a2a78fb4d2eb2d,2024-07,Metropolitan Police Service,Metropolitan Police Service,-0.12522,51.547689,On or near Chris Pullen Way,E01002766,Islington 015E,Burglary,Investigation complete; no suspect identified
c701e24ec96a1aa9140f17a01885dc79b6ca8264779dbc7b3236a65ac9552594,2024-07,Metropolitan Police Service,Metropolitan Police Service,-0.100634,51.542717,On or near Sable Street,E01002791,Islington 016E,Burglary,Investigation complete; no suspect identified
34b95fda40b233fc720d78af33649b7d4a25e32f590d86f3776c9bb953d92a66,2024-07,Metropolitan Police Service,Metropolitan Police Service,-0.103069,51.542414,On or near Tyndale Lane,E01002791,Islington 016E,Burglary,Investigation complete; no suspect identified
d58ad932144d808204301f3a25b1ed9bd5effe88a35b09c87aca16daeecb4cb5,2024-07,Metropolitan Police Service,Metropolitan Police Service,-0.10831,51.543308,On or near Albany Mews,E01002698,Islington 017A,Burglary,Investigation complete; no suspect identified
4fbd7ada98fc1554d1563c7699814df6f4ba07d6bcd7748de95a84e184fd041b,2024-07,Metropolitan Police Service,Metropolitan Police Service,-0.111254,51.543626,On or near St Clements Street,E01002698,Islington 017A,Burglary,Investigation complete; no suspect identified
b55603f8828cabcca84a3e33be4a5a0ee49d6157e9618e59e904614ae9538d7f,2024-07,Metropolitan Police Service,Metropolitan Police Service,-0.114599,51.540847,On or near Bridgeman Road,E01002714,Islington 017D,Burglary,Investigation complete; no suspect identified
9bab6cf6b2f837b3a2f6b7b4b8aafcca9c8a48ad3495e2b688d4ce1c196ec766,2024-07,Metropolitan Police Service,Metropolitan Police Service,-0.103827,51.539099,On or near Esther Anne Place,E01002792,Islington 017E,Burglary,Investigation complete; no suspect identified
7cc5e5cb2ddd7e1a025fd22a0b13406ef6c67fc2d94b0555cec3cd8485022976,2024-07,Metropolitan Police Service,Metropolitan Police Service,-0.089479,51.538759,On or near Hullbridge Mews,E01002722,Islington 018A,Burglary,Investigation complete; no suspect identified
f66b5c6a458d4715a378299789f5c0857cca7fd2f865951dba63aaacf464ae74,2024-07,Metropolitan Police Service,Metropolitan Police Service,-0.092267,51.541736,On or near Clare Lane,E01002722,Islington 018A,Burglary,Investigation complete; no suspect identified
27b6239b850bb06f19db01c80ddee6a64405ad3c81c6591526a863c5797259c1,2024-07,Metropolitan Police Service,Metropolitan Police Service,-0.094311,51.534926,On or near James Morgan Mews,E01002800,Islington 018E,Burglary,Investigation complete; no suspect identified
561ce34cfa558d4cc96b9153d7a720445fb7575bab122d5682bade314019a993,2024-07,Metropolitan Police Service,Metropolitan Police Service,-0.095417,51.535033,On or near Ann Street,E01002800,Islington 018E,Burglary,Investigation complete; no suspect identified
a6ea2a3125f704da4d998c12e87823b9123370934b933a082794215c212c72d9,2024-07,Metropolitan Police Service,Metropolitan Police Service,-0.116132,51.536906,On or near Copenhagen Street,E01002694,Islington 019A,Burglary,Awaiting court outcome
baf2be0ed8223252e1b8ba3986d5c3a58ac09aad0f32899d370c9b4d4409f240,2024-07,Metropolitan Police Service,Metropolitan Police Service,-0.118987,51.537959,On or near Bemerton Street,E01002709,Islington 019C,Burglary,Investigation complete; no suspect identified
6d5a381db3a8f019598c493ace1078e600bac27659310ef5f53475795b8e89af,2024-07,Metropolitan Police Service,Metropolitan Police Service,-0.119315,51.537343,On or near Clayton Crescent,E01002709,Islington 019C,Burglary,Investigation complete; no suspect identified
2d332dc7e9e5ff83dacfe776572319906c827dc8042d6f2ef1465113fbf9c804,2024-07,Metropolitan Police Service,Metropolitan Police Service,-0.117573,51.540418,On or near Carnoustie Drive,E01002715,Islington 019E,Burglary,Investigation complete; no suspect identified
557d101cc970cae7ff313ff161293bcda66c948699d3f4dd542015961e70f6fa,2024-07,Metropolitan Police Service,Metropolitan Police Service,-0.107432,51.533888,On or near Supermarket,E01002696,Islington 020A,Burglary,Status update unavailable
ff2fc2703bfea125433af4b8a302b8138167080d3856cd121fd399bf606a9c24,2024-07,Metropolitan Police Service,Metropolitan Police Service,-0.102893,51.537987,On or near Theatre/Concert Hall,E01002794,Islington 020B,Burglary,Unable to prosecute suspect
bc769ea5b8331aabbbb9422aa12e41df089a0a48d5c365939065c09391610500,2024-07,Metropolitan Police Service,Metropolitan Police Service,-0.102893,51.537987,On or near Theatre/Concert Hall,E01002794,Islington 020B,Burglary,Investigation complete; no suspect identified
4600405d3ba336369b4272ae1af506b9dc971623f182b5a6801b0be0090be2a7,2024-07,Metropolitan Police Service,Metropolitan Police Service,-0.102893,51.537987,On or near Theatre/Concert Hall,E01002794,Islington 020B,Burglary,Unable to prosecute suspect
1917c4db92dd9cd0123ed882c42ae52d95123b447a293492f722e3d26a3bde5d,2024-07,Metropolitan Police Service,Metropolitan Police Service,-0.101695,51.539407,On or near Florence Street,E01002794,Islington 020B,Burglary,Investigation complete; no suspect identified
899fd2a49f318c039d3754e711fcf8bcc4afeadea99888f9c3d3cc504f996a10,2024-07,Metropolitan Police Service,Metropolitan Police Service,-0.100995,51.536473,On or near Elliott'S Place,E01002801,Islington 020C,Burglary,Unable to prosecute suspect
32f6ce5bb33a528e9f630c16a33b93bbe38a5c512d4cab732f99e51a59a20507,2024-07,Metropolitan Police Service,Metropolitan Police Service,-0.098443,51.533689,On or near Burgh Street,E01002802,Islington 020D,Burglary,Investigation complete; no suspect identified
dd300e12ccba54f6154fd10cf09adca9abb7d03590b14a9bda1a557931219171,2024-07,Metropolitan Police Service,Metropolitan Police Service,-0.098103,51.530077,On or near Supermarket,E01035656,Islington 020G,Burglary,Awaiting court outcome
a9bcda62310a5e3718d8c5eb59e37d547171bb03adfa353cfe50e91926de93cc,2024-07,Metropolitan Police Service,Metropolitan Police Service,-0.112455,51.531658,On or near Hermes Street,E01002695,Islington 021A,Burglary,Investigation complete; no suspect identified
4ee33a81adbe9d6b4234483c2af1666d77df292a107128ea790d94212e54c285,2024-07,Metropolitan Police Service,Metropolitan Police Service,-0.110061,51.532384,On or near Penton Grove,E01002695,Islington 021A,Burglary,Investigation complete; no suspect identified
8f8705b6bc95e5c846c2a35162dfe58b5a2ca8c84579bad91e6a062b3662472c,2024-07,Metropolitan Police Service,Metropolitan Police Service,-0.11923,51.531344,On or near Sports/Recreation Area,E01002711,Islington 021B,Burglary,Investigation complete; no suspect identified
b6b70e77a9055af7611d630eb9a661cf0da188eebe5bc74afc033a9d2a5e3732,2024-07,Metropolitan Police Service,Metropolitan Police Service,-0.11923,51.531344,On or near Sports/Recreation Area,E01002711,Islington 021B,Burglary,Investigation complete; no suspect identified
71b9a978db942999e75e007bd0124b80c2821aaa094c6b719a81259b755c3ff6,2024-07,Metropolitan Police Service,Metropolitan Police Service,-0.120992,51.531273,On or near Omega Place,E01002711,Islington 021B,Burglary,Investigation complete; no suspect identified
1d8a36184d7db9d0cafe3b7c55b5f62ba89d4f91078b2cf956266dcc5210c41e,2024-07,Metropolitan Police Service,Metropolitan Police Service,-0.117344,51.53304,On or near Calshot Street,E01002711,Islington 021B,Burglary,Investigation complete; no suspect identified
9bb440ddd45a796402d27726f032d1a22a6f721ceeffa179f9f2d6d124f1d63e,2024-07,Metropolitan Police Service,Metropolitan Police Service,-0.106263,51.529409,On or near Theatre/Concert Hall,E01002727,Islington 021C,Burglary,Status update unavailable
0f47e0feaf8bd383ac08b2542e89e846865c77d9bb935a7606b466654291daa6,2024-07,Metropolitan Police Service,Metropolitan Police Service,-0.10547,51.531132,On or near Owen Street,E01002707,Islington 022B,Burglary,Unable to prosecute suspect
aab3992b590cd26832bf5eb976948b141f4b1f4731fd6d3e68933173debf74cb,2024-07,Metropolitan Police Service,Metropolitan Police Service,-0.100954,51.526715,On or near Berry Place,E01002723,Islington 022C,Burglary,Investigation complete; no suspect identified
64b7256ccab330fee788cd4a0507e29860565bc5c25f335b9e93df0556715f80,2024-07,Metropolitan Police Service,Metropolitan Police Service,-0.105962,51.522758,On or near Clerkenwell Green,E01002724,Islington 022D,Burglary,Investigation complete; no suspect identified
3a7bf25071222ba024a4ecfd2a5d15d21fc9fb79292b0c3d5d3a2c3b42fcda0d,2024-07,Metropolitan Police Service,Metropolitan Police Service,-0.111594,51.526338,On or near Attneave Street,E01002726,Islington 022F,Burglary,Unable to prosecute suspect
4eb2f3c8bfa65c99c4dd5f08dafa4ea4e240d5ccc7e018aba94cc04f69e58d83,2024-07,Metropolitan Police Service,Metropolitan Police Service,-0.108407,51.527411,On or near Garnault Mews,E01002726,Islington 022F,Burglary,Unable to prosecute suspect
b0dfdf50aa3d9b871adb7dd0a129bfdeb90f248952ea499788956fe269ee0ca3,2024-07,Metropolitan Police Service,Metropolitan Police Service,-0.108407,51.527411,On or near Garnault Mews,E01002726,Islington 022F,Burglary,Status update unavailable
e7e9762edef64a84697b0abad64d293bb468c867eebd7a8088e6b9e98de94bb1,2024-07,Metropolitan Police Service,Metropolitan Police Service,-0.098715,51.523001,On or near Charterhouse Bldgs,E01033489,Islington 022G,Burglary,Investigation complete; no suspect identified
ff89b1b2688f503691190598f71b4c97910848a20270d070f680a2b06a977ecd,2024-07,Metropolitan Police Service,Metropolitan Police Service,-0.09777,51.524586,On or near Conference/Exhibition Centre,E01033490,Islington 022H,Burglary,Unable to prosecute suspect
81f77a562a723f2cdc651114f9dc5d33d5b771295576956a534a1cfa5e5644d2,2024-07,Metropolitan Police Service,Metropolitan Police Service,-0.097629,51.524854,On or near Bastwick Street,E01033490,Islington 022H,Burglary,Investigation complete; no suspect identified
48f9d8aa574d177c8d82a70f5f6d96006513d53c987327f244938356514ff659,2024-07,Metropolitan Police Service,Metropolitan Police Service,-0.089574,51.52752,On or near Hospital,E01002701,Islington 023A,Burglary,Investigation complete; no suspect identified
cb0ff735e1b8a916e96b021c04e4da852492f7843241cbfd9dad5469ade5e961,2024-07,Metropolitan Police Service,Metropolitan Police Service,-0.091571,51.528029,On or near B144,E01002701,Islington 023A,Burglary,Investigation complete; no suspect identified
99f53f77aadbca503681ef30ced3bc21265a96e97466bdb295c644c8790791d4,2024-07,Metropolitan Police Service,Metropolitan Police Service,-0.091571,51.528029,On or near B144,E01002701,Islington 023A,Burglary,Unable to prosecute suspect
c42a7b301d9aaa81a9902f450b75a553d3eece7e6836a964c045328dd05e75ff,2024-07,Metropolitan Police Service,Metropolitan Police Service,-0.089574,51.52752,On or near Hospital,E01002701,Islington 023A,Burglary,Investigation complete; no suspect identified
4d6af519acf6838651215196b22d023835265bceff48922e88528b277be5c4d2,2024-07,Metropolitan Police Service,Metropolitan Police Service,-0.091571,51.528029,On or near B144,E01002701,Islington 023A,Burglary,Unable to prosecute suspect
3da99940947c1035aab420cfee53136aaf625125efbd07cc928e57d861c42a04,2024-07,Metropolitan Police Service,Metropolitan Police Service,-0.093427,51.527088,On or near Galway Street,E01002702,Islington 023B,Burglary,Investigation complete; no suspect identified
44ef913fa61192c25582955d0a22c8e7529e3662e77ffcf05c9d3e350a9a1f4e,2024-07,Metropolitan Police Service,Metropolitan Police Service,-0.096033,51.527175,On or near Lever Street,E01002702,Islington 023B,Burglary,Unable to prosecute suspect
93592d1512d04d239fedbb2b67743b9e8c4620179411160323c035e55802c796,2024-07,Metropolitan Police Service,Metropolitan Police Service,-0.093427,51.527088,On or near Galway Street,E01002702,Islington 023B,Burglary,Investigation complete; no suspect identified
cd6a4cc00bae87b711c5f5ed0a4e92b388ed8c7abd0dfa123848db0f64cb676b,2024-07,Metropolitan Police Service,Metropolitan Police Service,-0.09454,51.527025,On or near Ironmonger Row,E01002702,Islington 023B,Burglary,Investigation complete; no suspect identified
3d827db277447e13d50ebe2936f62ce7e8a6e65a014a92f7604f8c80c037b0c2,2024-07,Metropolitan Police Service,Metropolitan Police Service,-0.099556,51.526009,On or near Mount Mills,E01002703,Islington 023C,Burglary,Investigation complete; no suspect identified
d8a82a3e9e6e7e06df7b79532cdb9945da81abdfece9fcadc4c9648089c389e7,2024-07,Metropolitan Police Service,Metropolitan Police Service,-0.099556,51.526009,On or near Mount Mills,E01002703,Islington 023C,Burglary,Investigation complete; no suspect identified
d39f951b44a36b4e734351d910669ae73fd6aa6ba142bd39a106bbc402e4f2ab,2024-07,Metropolitan Police Service,Metropolitan Police Service,-0.088432,51.525541,On or near Old Street,E01002704,Islington 023D,Burglary,Investigation complete; no suspect identified
c4bb4c151f605bf575555cfcbbfbf4033d41865da9b5d6fdff5e5767e0cb186a,2024-07,Metropolitan Police Service,Metropolitan Police Service,-0.084876,51.52577,On or near Singer Street,E01002704,Islington 023D,Burglary,Investigation complete; no suspect identified
6585a0bd12cc5dccce91d4258967c946d72f6ca4c515909b7ae4699904fabbdc,2024-07,Metropolitan Police Service,Metropolitan Police Service,-0.08467,51.523114,On or near Nightclub,E01002704,Islington 023D,Burglary,Investigation complete; no suspect identified
04dc92b2332d52251703186865ba70303bbd6082c69a1ce0a2ea0ffda57d85ec,2024-07,Metropolitan Police Service,Metropolitan Police Service,-0.086858,51.521127,On or near Parking Area,E01002704,Islington 023D,Burglary,Unable to prosecute suspect
040671a4cdca81d016504e451c856d29d5cddda45e72fc901af3bf798dc54d4f,2024-07,Metropolitan Police Service,Metropolitan Police Service,-0.092894,51.523986,On or near Banner Street,E01002706,Islington 023E,Burglary,Unable to prosecute suspect
28af5c0df3a23cd747bf13faa24fd95bfdb721b78bc564db3417362d51801977,2024-07,Metropolitan Police Service,Metropolitan Police Service,-0.213587,51.525634,On or near West Row,E01002852,Kensington and Chelsea 001A,Burglary,Investigation complete; no suspect identified
87eb4ac4a05eeabdc922b70eacf3285820129c5f8d2b41e1d287ad244a4a6821,2024-07,Metropolitan Police Service,Metropolitan Police Service,-0.212414,51.526497,On or near Adela Street,E01002852,Kensington and Chelsea 001A,Burglary,Investigation complete; no suspect identified
d8003b3ba0bc1e799e3440a70db575dd62ec37b75605e6b4a72b34985057f9c7,2024-07,Metropolitan Police Service,Metropolitan Police Service,-0.21174,51.525687,On or near Middle Row,E01002852,Kensington and Chelsea 001A,Burglary,Investigation complete; no suspect identified
d8eb12ccb202740b667d1ec0db8ebd06f94c5714dc01e29ac8f5d780e4192a66,2024-07,Metropolitan Police Service,Metropolitan Police Service,-0.208675,51.525181,On or near Bosworth Road,E01002852,Kensington and Chelsea 001A,Burglary,Investigation complete; no suspect identified
1538b780cdf2cbea670911dc3cc7e8e305556ca3584eae519c585d64fc0fd1e4,2024-07,Metropolitan Police Service,Metropolitan Police Service,-0.209698,51.52151,On or near Munro Mews,E01002853,Kensington and Chelsea 001B,Burglary,Investigation complete; no suspect identified
0fcf149f83dbc82d1bdd43aff06f82629fb9b698ba1ffc64dd58068c634f038d,2024-07,Metropolitan Police Service,Metropolitan Police Service,-0.209698,51.52151,On or near Munro Mews,E01002853,Kensington and Chelsea 001B,Burglary,Investigation complete; no suspect identified
fca75887b061a7ace14c8f386574b0193551b6d204dddab3adfb085d6fcbbb05,2024-07,Metropolitan Police Service,Metropolitan Police Service,-0.207218,51.523361,On or near Southam Street,E01002854,Kensington and Chelsea 001C,Burglary,Unable to prosecute suspect
15d934f4d08afd34ab2b0a864e7387eae6365d656aab3a4994fa0e3740834eee,2024-07,Metropolitan Police Service,Metropolitan Police Service,-0.205656,51.520936,On or near Malvern Close,E01002855,Kensington and Chelsea 001D,Burglary,Awaiting court outcome
10be9f02896a0e2498e7ea1e30b8529300edff6e5decd203adad63be660999b3,2024-07,Metropolitan Police Service,Metropolitan Police Service,-0.206981,51.51985,On or near Raddington Road,E01002855,Kensington and Chelsea 001D,Burglary,Investigation complete; no suspect identified
af8443cd8ef6374b8485f318b0f1d8cb5f83a8daf6013b6d5925aaea0a3cace5,2024-07,Metropolitan Police Service,Metropolitan Police Service,-0.206981,51.51985,On or near Raddington Road,E01002855,Kensington and Chelsea 001D,Burglary,Investigation complete; no suspect identified
26e068d1bb58a52b23c6dc97b51596f415065e4b6b773de1e787421968d44679,2024-07,Metropolitan Police Service,Metropolitan Police Service,-0.208472,51.521887,On or near Golborne Road,E01002855,Kensington and Chelsea 001D,Burglary,Investigation complete; no suspect identified
d46cf56c77df90b81cad94837c3e38ed559d8bb4e9f8ef88f4094bcd95cb788e,2024-07,Metropolitan Police Service,Metropolitan Police Service,-0.214332,51.515817,On or near Bartle Road,E01002878,Kensington and Chelsea 003C,Burglary,Investigation complete; no suspect identified
ff1677605676d85ebf3676ca2d32000dd5c60460b64ba477da622ff98f080fd1,2024-07,Metropolitan Police Service,Metropolitan Police Service,-0.211128,51.518115,On or near Malton Mews,E01002878,Kensington and Chelsea 003C,Burglary,Investigation complete; no suspect identified
adcd02e52639f06e9dc5fea96049106837eb96ace2be9d64394a142b8e0b4364,2024-07,Metropolitan Police Service,Metropolitan Police Service,-0.214332,51.515817,On or near Bartle Road,E01002878,Kensington and Chelsea 003C,Burglary,Investigation complete; no suspect identified
023da1cdb3dfb160bb181a8c4b5eb425ad44d5a9e3f76db08fbac14fd64d0e2f,2024-07,Metropolitan Police Service,Metropolitan Police Service,-0.213573,51.51567,On or near Wesley Square,E01002878,Kensington and Chelsea 003C,Burglary,Investigation complete; no suspect identified
b4138acbeb0ae27646ade142fb99f690afacf3e9b0361305c2885facbb52f7fe,2024-07,Metropolitan Police Service,Metropolitan Police Service,-0.213573,51.51567,On or near Wesley Square,E01002878,Kensington and Chelsea 003C,Burglary,Unable to prosecute suspect
6cd163de828debafb78f851120cff3363f7984b0f0b0c394f85371879a9f2448,2024-07,Metropolitan Police Service,Metropolitan Police Service,-0.214332,51.515817,On or near Bartle Road,E01002878,Kensington and Chelsea 003C,Burglary,Investigation complete; no suspect identified
3966af321ac6875b3290304c72469438f4da27eb33653863a7a6b843ec91e6ed,2024-07,Metropolitan Police Service,Metropolitan Police Service,-0.215968,51.51487,On or near Silchester Road,E01002878,Kensington and Chelsea 003C,Burglary,Investigation complete; no suspect identified
7b22a0388b3e5537b75253df2de90795a0d4481aac9fe61b0a435d582b5a5411,2024-07,Metropolitan Police Service,Metropolitan Police Service,-0.223084,51.522019,On or near Blake Close,E01002908,Kensington and Chelsea 003D,Burglary,Investigation complete; no suspect identified
590190561321feb75a6bdf5c5e8bd00313699bcc014bc39c47e5fe03eb5e390b,2024-07,Metropolitan Police Service,Metropolitan Police Service,-0.215476,51.517875,On or near Oxford Gardens,E01002909,Kensington and Chelsea 003E,Burglary,Investigation complete; no suspect identified
6186a18d39ab1b2d29820a84580ffcd41192dbb8110797df1685eb081862ad72,2024-07,Metropolitan Police Service,Metropolitan Police Service,-0.216136,51.518335,On or near St Marks Road,E01002909,Kensington and Chelsea 003E,Burglary,Unable to prosecute suspect
e62171111b53376f2ec537812dafed620a4f95c9e0288f398f4b00c65799d92c,2024-07,Metropolitan Police Service,Metropolitan Police Service,-0.201338,51.51783,On or near Powis Mews,E01002829,Kensington and Chelsea 004A,Burglary,Investigation complete; no suspect identified
a2f7f4b28a2cb2b1c41e799144d038c3b53a060a2fbe446786ad55b79ccca14d,2024-07,Metropolitan Police Service,Metropolitan Police Service,-0.200991,51.516764,On or near Powis Terrace,E01002829,Kensington and Chelsea 004A,Burglary,Investigation complete; no suspect identified
fa3c01f817ae722aa3b0ed8b39ecda61b642b4558dc4f3fc0e21aefe934a28e3,2024-07,Metropolitan Police Service,Metropolitan Police Service,-0.200991,51.516764,On or near Powis Terrace,E01002829,Kensington and Chelsea 004A,Burglary,Investigation complete; no suspect identified
05d6f877289718cc1fc4589f3297a5dbfed54991589fdfcf0fabd310eecc1721,2024-07,Metropolitan Police Service,Metropolitan Police Service,-0.203214,51.516321,On or near Clydesdale Road,E01002830,Kensington and Chelsea 004B,Burglary,Investigation complete; no suspect identified
f92e3ae25cdebc80a814b14e1257d302b4bb612ba2d04c758f0507a1a8209ecf,2024-07,Metropolitan Police Service,Metropolitan Police Service,-0.203634,51.517721,On or near St Lukes Mews,E01002830,Kensington and Chelsea 004B,Burglary,Unable to prosecute suspect
7000fd1297647cb82863603620065623548aefee83f6b3ca25b9769b23185342,2024-07,Metropolitan Police Service,Metropolitan Police Service,-0.205319,51.517774,On or near Basing Street,E01002830,Kensington and Chelsea 004B,Burglary,Investigation complete; no suspect identified
9ab32efad55db209fcd6a1535151095d26c4efbc5135737f41cc13e1e192cd15,2024-07,Metropolitan Police Service,Metropolitan Police Service,-0.206527,51.516012,On or near Convent Gardens,E01002831,Kensington and Chelsea 004C,Burglary,Investigation complete; no suspect identified
bc22cd49696c3f08ba67a9f7af8cf878a8fef23e7d0d22a1f036ef248dd220d2,2024-07,Metropolitan Police Service,Metropolitan Police Service,-0.205704,51.516773,On or near Westbourne Park Road,E01002831,Kensington and Chelsea 004C,Burglary,Unable to prosecute suspect
7d44b745220bfc77eebb8941d7c4cc87f6ee0ecfcc3bac3955f76ea9132fe0f1,2024-07,Metropolitan Police Service,Metropolitan Police Service,-0.204031,51.51387,On or near Vernon Yard,E01002832,Kensington and Chelsea 004D,Burglary,Investigation complete; no suspect identified
35762ac76b6ce8c8d08f1a60dc34050ceda9c5b8fa787e8a63a4ec476f4e0778,2024-07,Metropolitan Police Service,Metropolitan Police Service,-0.210826,51.508542,On or near Penzance Street,E01002872,Kensington and Chelsea 005B,Burglary,Investigation complete; no suspect identified
44da79ffe0cf532aef8b19a3c1fb64ceaaa8e95ccdfdb4faf11643d033ac1207,2024-07,Metropolitan Police Service,Metropolitan Police Service,-0.210397,51.510298,On or near Clarendon Cross,E01002872,Kensington and Chelsea 005B,Burglary,Unable to prosecute suspect
220ab9d6b1403076e25a06c04656606142c063cc103d7ac848d2268abe828bdd,2024-07,Metropolitan Police Service,Metropolitan Police Service,-0.2153,51.515373,On or near Kingsdown Close,E01002880,Kensington and Chelsea 005D,Burglary,Investigation complete; no suspect identified
d7ca16d0c8dae32b931c2dc6d17fe1b769372aa3d8133f599e29f4c23a76131d,2024-07,Metropolitan Police Service,Metropolitan Police Service,-0.2153,51.515373,On or near Kingsdown Close,E01002880,Kensington and Chelsea 005D,Burglary,Investigation complete; no suspect identified
9b5945270284ea85aefd96ca0f793f560328db55e6ef60c5021a7ab9a2d41a99,2024-07,Metropolitan Police Service,Metropolitan Police Service,-0.201602,51.512607,On or near Shopping Area,E01002882,Kensington and Chelsea 006A,Burglary,Investigation complete; no suspect identified
0c4c7c38fb0c00b40804ca9081f6be52140ae4bf28647a96c5bb5390dfb04e16,2024-07,Metropolitan Police Service,Metropolitan Police Service,-0.196695,51.510232,On or near Pembridge Gardens,E01002884,Kensington and Chelsea 006C,Burglary,Investigation complete; no suspect identified
56335208e5d3cc00191a5a6ac0a3383866ef95bacf763960beae328d0aa36afd,2024-07,Metropolitan Police Service,Metropolitan Police Service,-0.197729,51.509592,On or near Bulmer Mews,E01002884,Kensington and Chelsea 006C,Burglary,Investigation complete; no suspect identified
4b7467644e7084e6e99d55073b3aa642c1d719a77432bd5e748eab914e9b071d,2024-07,Metropolitan Police Service,Metropolitan Police Service,-0.198424,51.511329,On or near Portobello Mews,E01002884,Kensington and Chelsea 006C,Burglary,Investigation complete; no suspect identified
8f6f0d99087159c0a47bea3f58ef98fce917549b08dd1247438eda7ccb0cb4e7,2024-07,Metropolitan Police Service,Metropolitan Police Service,-0.195582,51.512508,On or near Dawson Place,E01002886,Kensington and Chelsea 006E,Burglary,Investigation complete; no suspect identified
94c94f69b0a907019423f08707763cfb4d7226674e83a65b19a402ccdf3c2e24,2024-07,Metropolitan Police Service,Metropolitan Police Service,-0.195064,51.515018,On or near Pembridge Villas,E01002886,Kensington and Chelsea 006E,Burglary,Investigation complete; no suspect identified
4313cebd81a035cbda49fe3dce468d29e3b9b061860ad2e234c2ab0765db2b72,2024-07,Metropolitan Police Service,Metropolitan Police Service,-0.199064,51.514108,On or near Ledbury Road,E01002886,Kensington and Chelsea 006E,Burglary,Investigation complete; no suspect identified
a9498a8de1c8190ae6fa4fe3ddb1c2516f3cdeaf2efa538277382bd7a0e7e398,2024-07,Metropolitan Police Service,Metropolitan Police Service,-0.199988,51.514437,On or near Westbourne Grove,E01002886,Kensington and Chelsea 006E,Burglary,Investigation complete; no suspect identified
9351507819114d7b0b1102838ac77d91225fdd186fb5bc7482f7a0bd8d512527,2024-07,Metropolitan Police Service,Metropolitan Police Service,-0.206081,51.51525,On or near Kensington Park Mews,E01002833,Kensington and Chelsea 007A,Burglary,Investigation complete; no suspect identified
e2e222f528caf1f571aef5ee75ac614f637ef07bf24643690c4ee9d98e2ae645,2024-07,Metropolitan Police Service,Metropolitan Police Service,-0.204053,51.516253,On or near Colville Houses,E01002833,Kensington and Chelsea 007A,Burglary,Investigation complete; no suspect identified
14f687b63388e8bad36b1715f71e0388399f90b6aaaff996f25ec87d13ce0511,2024-07,Metropolitan Police Service,Metropolitan Police Service,-0.206081,51.51525,On or near Kensington Park Mews,E01002833,Kensington and Chelsea 007A,Burglary,Investigation complete; no suspect identified
df586e7ecc174ed01434a092f3f33d840cc896f8c88cde8c8126bd18eb5df85f,2024-07,Metropolitan Police Service,Metropolitan Police Service,-0.203843,51.515351,On or near Colville Square,E01002833,Kensington and Chelsea 007A,Burglary,Investigation complete; no suspect identified
c1ca157c39716de560e1d329c3f44b03312a12722ff09b19453016bf7f4d0196,2024-07,Metropolitan Police Service,Metropolitan Police Service,-0.207156,51.507335,On or near Lansdowne Mews,E01002871,Kensington and Chelsea 007B,Burglary,Investigation complete; no suspect identified
85aca4c3a4c0550dc8c927cfcf085f96a07f26bb57f158a6fb1a0a9fd1f58976,2024-07,Metropolitan Police Service,Metropolitan Police Service,-0.211902,51.507201,On or near Queensdale Walk,E01002873,Kensington and Chelsea 007C,Burglary,Investigation complete; no suspect identified
cc711f545aca3020d90d7eccd4586dd681523328bf9c911b9b28815e97d70128,2024-07,Metropolitan Police Service,Metropolitan Police Service,-0.208203,51.511128,On or near Lansdowne Rise,E01002875,Kensington and Chelsea 007E,Burglary,Unable to prosecute suspect
5fbe57aabec0af802a4e2991fdd18daf10e4d3908fadf70168f71eae95bbe16e,2024-07,Metropolitan Police Service,Metropolitan Police Service,-0.190637,51.505993,On or near Kensington Palace Gardens,E01002824,Kensington and Chelsea 008A,Burglary,Investigation complete; no suspect identified
8f22308020c7be69b0b2255b00a2a3cd7c056f8a35fc6a7fcb8ea771c52b8663,2024-07,Metropolitan Police Service,Metropolitan Police Service,-0.194703,51.504123,On or near Campden Grove,E01002824,Kensington and Chelsea 008A,Burglary,Investigation complete; no suspect identified
8db38988478b8234ac57a00ff5688737eca740de7e3b70fc912567d683dfb039,2024-07,Metropolitan Police Service,Metropolitan Police Service,-0.194249,51.503558,On or near Gordon Place,E01002824,Kensington and Chelsea 008A,Burglary,Investigation complete; no suspect identified
6970bf8b2a7efcde1c2e9767597d09b2768b9464c473063e7aedc1557ae443d8,2024-07,Metropolitan Police Service,Metropolitan Police Service,-0.194703,51.504123,On or near Campden Grove,E01002824,Kensington and Chelsea 008A,Burglary,Investigation complete; no suspect identified
f6731ec6c57ec96cb4602039103926315bfbd4f49927a427fa09f6103aaa6d8e,2024-07,Metropolitan Police Service,Metropolitan Police Service,-0.19329,51.501592,On or near Hornton Place,E01002826,Kensington and Chelsea 008C,Burglary,Investigation complete; no suspect identified
1af32c02aa0e7af90577621f3638caa2edfd4489130848e97e192037cc9bd4b2,2024-07,Metropolitan Police Service,Metropolitan Police Service,-0.193723,51.50667,On or near Brunswick Gardens,E01002827,Kensington and Chelsea 008D,Burglary,Investigation complete; no suspect identified
6d315ba5951fb0c587dcc3d4ac4e1fb50fe62199520eafecb5ae292b9c1c4fba,2024-07,Metropolitan Police Service,Metropolitan Police Service,-0.210997,51.500137,On or near Nightclub,E01002866,Kensington and Chelsea 009B,Burglary,Investigation complete; no suspect identified
6ba29cf390fa649aac52d6f67fa25d7abd80a38787b4b93833c4ee68fe4b13b5,2024-07,Metropolitan Police Service,Metropolitan Police Service,-0.210997,51.500137,On or near Nightclub,E01002866,Kensington and Chelsea 009B,Burglary,Investigation complete; no suspect identified
8cbf5788ba36856b87115c2b9ddfe38e425ade46ba7a8d2e3872ae6b032118d0,2024-07,Metropolitan Police Service,Metropolitan Police Service,-0.207972,51.497915,On or near Fairfax Place,E01002867,Kensington and Chelsea 009C,Burglary,Unable to prosecute suspect
8f67146ee968f51bcc68279f540b030aff62123c33a4318ad80e1f3ca58959ad,2024-07,Metropolitan Police Service,Metropolitan Police Service,-0.210314,51.498814,On or near Holland Gardens,E01002867,Kensington and Chelsea 009C,Burglary,Investigation complete; no suspect identified
36e31c506e32ecf3142ff98141151707f5fed1c89ca28239de415b76a6a7f47f,2024-07,Metropolitan Police Service,Metropolitan Police Service,-0.210314,51.498814,On or near Holland Gardens,E01002867,Kensington and Chelsea 009C,Burglary,Investigation complete; no suspect identified
0bfc1f90553b852bbac4a033dc09418b13cf1b59a69c18b3472ba506ab1809ff,2024-07,Metropolitan Police Service,Metropolitan Police Service,-0.182925,51.4952,On or near Gloucester Road,E01002887,Kensington and Chelsea 010A,Burglary,Unable to prosecute suspect
be0934aa793281f4507090ee8abcde84c9f9c57d071dcbd939cb8109810f2e22,2024-07,Metropolitan Police Service,Metropolitan Police Service,-0.185046,51.495853,On or near Grenville Place,E01002887,Kensington and Chelsea 010A,Burglary,Investigation complete; no suspect identified
258dcbe6ecdc3b1c2131e9218649613c6a6fba25bd1593bdda19bc2821f0dce4,2024-07,Metropolitan Police Service,Metropolitan Police Service,-0.184452,51.499558,On or near Canning Place,E01002890,Kensington and Chelsea 010C,Burglary,Investigation complete; no suspect identified
37005270eee2c56cd998eb11da7c70b8a58e64744b7edd81c17f4d30f215677f,2024-07,Metropolitan Police Service,Metropolitan Police Service,-0.180163,51.495814,On or near Queen'S Gate Place Mews,E01002892,Kensington and Chelsea 010E,Burglary,Investigation complete; no suspect identified
e2a35d18f3edd662b79adfc53e829651ebf1cdc1ab7405fa6b80bbb4b3201d73,2024-07,Metropolitan Police Service,Metropolitan Police Service,-0.180901,51.498271,On or near Gore Street,E01002892,Kensington and Chelsea 010E,Burglary,Investigation complete; no suspect identified
8870b2a43b8717f6ee3fd3ef9abcd94d0ab1dfebab50955e3fb003065315c440,2024-07,Metropolitan Police Service,Metropolitan Police Service,-0.196309,51.498113,On or near Abingdon Road,E01002813,Kensington and Chelsea 011A,Burglary,Unable to prosecute suspect
9941c70112eb355d8f01747e7a582230c41f911bbc3b13e399298c5d6275d0a7,2024-07,Metropolitan Police Service,Metropolitan Police Service,-0.192608,51.498803,On or near Cheniston Gardens,E01002816,Kensington and Chelsea 011C,Burglary,Investigation complete; no suspect identified
626a31685382613dd782e125c2fc1092ccfa26c0ca6a0dad42f283df0db66636,2024-07,Metropolitan Police Service,Metropolitan Police Service,-0.197991,51.499281,On or near Kensington High Street,E01002817,Kensington and Chelsea 011D,Burglary,Investigation complete; no suspect identified
c4172d3eb0c8196bd5dd4eb2fecc0de6084b533bbfa20ecb4003ac6a25691b14,2024-07,Metropolitan Police Service,Metropolitan Police Service,-0.197991,51.499281,On or near Kensington High Street,E01002817,Kensington and Chelsea 011D,Burglary,Awaiting court outcome
3501b72d23ba4ade4558153c960e5db1815b0c4f5850376ae1e7d0153839edb6,2024-07,Metropolitan Police Service,Metropolitan Police Service,-0.197914,51.498696,On or near Supermarket,E01002817,Kensington and Chelsea 011D,Burglary,Investigation complete; no suspect identified
c2d8d9443b4db7cd55c33d905df375ab3f917f1cf061db118fbc84fe52ce7126,2024-07,Metropolitan Police Service,Metropolitan Police Service,-0.198534,51.495765,On or near Pembroke Villas,E01002817,Kensington and Chelsea 011D,Burglary,Investigation complete; no suspect identified
72cce79cbba4980710e0254777c5e63b687a5c788ba1500e79d8f150d3da3607,2024-07,Metropolitan Police Service,Metropolitan Police Service,-0.200597,51.498962,On or near Melbury Court,E01002865,Kensington and Chelsea 011E,Burglary,Investigation complete; no suspect identified
8eac997e60423035f3ea6f8afd47580b32259141b0686da7c1b7fff6d1b20679,2024-07,Metropolitan Police Service,Metropolitan Police Service,-0.160567,51.498404,On or near Herbert Crescent,E01002818,Kensington and Chelsea 012A,Burglary,Investigation complete; no suspect identified
8d23d80528866a1c1b141d323b85a7cf8a762fc16f74c3fb1f3143236a8e6da0,2024-07,Metropolitan Police Service,Metropolitan Police Service,-0.164637,51.497505,On or near Beauchamp Place,E01002818,Kensington and Chelsea 012A,Burglary,Investigation complete; no suspect identified
dd48bbd00268caedad3b2ba53b327b3716f41fdf50bc477d73d1277a8a112c09,2024-07,Metropolitan Police Service,Metropolitan Police Service,-0.160567,51.498404,On or near Herbert Crescent,E01002818,Kensington and Chelsea 012A,Burglary,Investigation complete; no suspect identified
bc04c743b7bd0fc19aecb4fe78eadd2043227097cd0d452ad4e3f76302cbe7c1,2024-07,Metropolitan Police Service,Metropolitan Police Service,-0.165914,51.49837,On or near Brompton Road,E01002819,Kensington and Chelsea 012B,Burglary,Investigation complete; no suspect identified
17da6c172e5dbd7d18ba2d90b010d4d3dcb86b110d395a41caa2a656bbb6600f,2024-07,Metropolitan Police Service,Metropolitan Police Service,-0.161283,51.493505,On or near Cadogan Street,E01002860,Kensington and Chelsea 012D,Burglary,Unable to prosecute suspect
13c4889fc0bd5e993acf73d81765fbbf02c11bcfa3b1a81e82ad2db35f98ab79,2024-07,Metropolitan Police Service,Metropolitan Police Service,-0.191382,51.495103,On or near Hospital,E01002812,Kensington and Chelsea 013A,Burglary,Investigation complete; no suspect identified
b8604c16d7c4f4c1d11bd6b4f20f87f75b1613e92ecf894048210c2fbbe30471,2024-07,Metropolitan Police Service,Metropolitan Police Service,-0.1896,51.492156,On or near Laverton Mews,E01002834,Kensington and Chelsea 013B,Burglary,Investigation complete; no suspect identified
a3b8c5910df53ae4c1ca54cc2b331a09c56655cd4ee561be0f6e7dae2a7a4b05,2024-07,Metropolitan Police Service,Metropolitan Police Service,-0.18901,51.492147,On or near Laverton Place,E01002834,Kensington and Chelsea 013B,Burglary,Investigation complete; no suspect identified
3ba945c87845970a696879fd711e48ad757eaf2fcedd272bdad53c8419330f12,2024-07,Metropolitan Police Service,Metropolitan Police Service,-0.1895,51.493971,On or near Collingham Place,E01002839,Kensington and Chelsea 013C,Burglary,Investigation complete; no suspect identified
0365b91710ae7df9c3b0743c2ffde101bc163c926ecdb9fed129a77c3818e6b3,2024-07,Metropolitan Police Service,Metropolitan Police Service,-0.193712,51.494198,On or near Redfield Mews,E01002850,Kensington and Chelsea 013D,Burglary,Investigation complete; no suspect identified
91c0b94d6438cbe30d7ab11450d4157425bd6a1aa7a0be031752fa209d525c8c,2024-07,Metropolitan Police Service,Metropolitan Police Service,-0.190912,51.493957,On or near Knaresborough Place,E01002850,Kensington and Chelsea 013D,Burglary,Investigation complete; no suspect identified
fa1cd8e3729c69fdc97e285e14e0024a3fc80600fcf6ab8ab3c64b9889dd628d,2024-07,Metropolitan Police Service,Metropolitan Police Service,-0.190912,51.493957,On or near Knaresborough Place,E01002850,Kensington and Chelsea 013D,Burglary,Investigation complete; no suspect identified
fce74da7b91f7497cef5cbfdab54ffca8ccf15905eaf3fac06fa88825def376a,2024-07,Metropolitan Police Service,Metropolitan Police Service,-0.188275,51.495398,On or near Supermarket,E01002888,Kensington and Chelsea 013E,Burglary,Investigation complete; no suspect identified
a7632520eb67525f3e4c8aac1fae448f982e5252bc2dd20bdb4b9ca2b9ea1d1a,2024-07,Metropolitan Police Service,Metropolitan Police Service,-0.187393,51.496231,On or near Osten Mews,E01002888,Kensington and Chelsea 013E,Burglary,Unable to prosecute suspect
6887dd3ee7dfbc16799e04ca8561f8c93698bc0985ec76396ef76b2e5338f6e1,2024-07,Metropolitan Police Service,Metropolitan Police Service,-0.169662,51.495794,On or near North Terrace,E01002821,Kensington and Chelsea 014A,Burglary,Investigation complete; no suspect identified
37a55688fa68aa860d1c834d542740c7df86932dfa2b164c76e4b6d7543a3c9d,2024-07,Metropolitan Police Service,Metropolitan Police Service,-0.1756,51.493558,On or near Glendower Place,E01002821,Kensington and Chelsea 014A,Burglary,Investigation complete; no suspect identified
1bd484ae07b73de20682ac0282b79d13f8ad7e2ee7f66c38b3a42222e57683f9,2024-07,Metropolitan Police Service,Metropolitan Police Service,-0.171597,51.493504,On or near Pelham Place,E01002823,Kensington and Chelsea 014B,Burglary,Investigation complete; no suspect identified
28a70cf9bdfee5754c02ceb5eddf8786947ec1b4ec84cc74e1379071a0ec6e78,2024-07,Metropolitan Police Service,Metropolitan Police Service,-0.172996,51.493841,On or near Pelham Street,E01002823,Kensington and Chelsea 014B,Burglary,Investigation complete; no suspect identified
adc9bf44bb9518967e473a7a60be7dda78c437731eabd697688f58f5a3a17fb6,2024-07,Metropolitan Police Service,Metropolitan Police Service,-0.172996,51.493841,On or near Pelham Street,E01002823,Kensington and Chelsea 014B,Burglary,Investigation complete; no suspect identified
fff787cc9f7efc0d693346787984ccc7a4c1d96f199e2cd45387032fcdc7f5ea,2024-07,Metropolitan Police Service,Metropolitan Police Service,-0.203248,51.49715,On or near St Mary Abbot'S Place,E01002814,Kensington and Chelsea 015A,Burglary,Awaiting court outcome
b9efa8a35b570e1758c865cfc1e37eb1315e8f92932c84f9f32a0d5c954734f2,2024-07,Metropolitan Police Service,Metropolitan Police Service,-0.196654,51.491563,On or near Nevern Square,E01002848,Kensington and Chelsea 015C,Burglary,Investigation complete; no suspect identified
948c71c0464da97707ee17a8f97a7bb0b5a0adea27a381b52f38770c2ece1755,2024-07,Metropolitan Police Service,Metropolitan Police Service,-0.194487,51.492816,On or near Spear Mews,E01002851,Kensington and Chelsea 015D,Burglary,Unable to prosecute suspect
2a2a200d250d0e5ba9c2d58c2d06ba661ecc404a0a02d24b45488afc963ac435,2024-07,Metropolitan Police Service,Metropolitan Police Service,-0.194487,51.492816,On or near Spear Mews,E01002851,Kensington and Chelsea 015D,Burglary,Investigation complete; no suspect identified
ceaffcadaa1b484b37392e88336c233da9201275eddf466f353cb2265d8c4197,2024-07,Metropolitan Police Service,Metropolitan Police Service,-0.179528,51.491865,On or near Petrol Station,E01002835,Kensington and Chelsea 016C,Burglary,Investigation complete; no suspect identified
224f5776a39111f46a98bad415ca63663c652da571d2f72adc26a887bbca7aba,2024-07,Metropolitan Police Service,Metropolitan Police Service,-0.18472,51.493888,On or near Parking Area,E01002835,Kensington and Chelsea 016C,Burglary,Investigation complete; no suspect identified
ca09483d52dd9aa96eb902ee7417bdc7fe6451f818ffd41930cd612a219d82d1,2024-07,Metropolitan Police Service,Metropolitan Police Service,-0.18338,51.491367,On or near Bina Gardens,E01002836,Kensington and Chelsea 016D,Burglary,Investigation complete; no suspect identified
f113beacfa43d8bf32e62bfeb2516b204b21c7352d11fc374c179d413ce5cb61,2024-07,Metropolitan Police Service,Metropolitan Police Service,-0.180659,51.489167,On or near Roland Way,E01002837,Kensington and Chelsea 016E,Burglary,Investigation complete; no suspect identified
7dd5ba8e8fc90ae5b8d2cf5013d505cb197ce4d99fb33d518fbf1df20628cbde,2024-07,Metropolitan Police Service,Metropolitan Police Service,-0.176633,51.493313,On or near Kendrick Mews,E01035713,Kensington and Chelsea 016F,Burglary,Investigation complete; no suspect identified
e27d4da04fdcd86b2808b64f2ca5b8907bc052b317963865442e9ccef7431e56,2024-07,Metropolitan Police Service,Metropolitan Police Service,-0.176735,51.494007,On or near Bute Street,E01035713,Kensington and Chelsea 016F,Burglary,Investigation complete; no suspect identified
c4376bf053558f019370c37e637022a20c88e1a9e1cfeaf9dd17b98c101fbc42,2024-07,Metropolitan Police Service,Metropolitan Police Service,-0.190654,51.492469,On or near Barkston Gardens,E01002849,Kensington and Chelsea 017B,Burglary,Investigation complete; no suspect identified
4e1ee7f740e5f790a02bbc1f99f17f05281c03b1d8bdae0d5a229a5890e93c8c,2024-07,Metropolitan Police Service,Metropolitan Police Service,-0.189782,51.490117,On or near Wetherby Mews,E01002894,Kensington and Chelsea 017D,Burglary,Investigation complete; no suspect identified
869cb12a4bc30b9071477e4c0a3b67962bc66e0488c3650957d8894f146bdf13,2024-07,Metropolitan Police Service,Metropolitan Police Service,-0.183338,51.49062,On or near Theatre/Concert Hall,E01002898,Kensington and Chelsea 017E,Burglary,Investigation complete; no suspect identified
2f13292ba6dbb73e8492f76e78d108e3c01754299d50aa6b7ea3fd49930eb249,2024-07,Metropolitan Police Service,Metropolitan Police Service,-0.160227,51.484676,On or near Dilke Street,E01002900,Kensington and Chelsea 018B,Burglary,Investigation complete; no suspect identified
8906262bf4b6b906abde644bb6153f8f75ab9aa516b123faf89b387291d962bf,2024-07,Metropolitan Police Service,Metropolitan Police Service,-0.157034,51.492764,On or near Sloane Square,E01002902,Kensington and Chelsea 018D,Burglary,Investigation complete; no suspect identified
fd40db74f444a73b44cd4dc9996aad0bb7a03e4af91c60b62a84746f71241071,2024-07,Metropolitan Police Service,Metropolitan Police Service,-0.156562,51.490553,On or near Holbein Mews,E01002902,Kensington and Chelsea 018D,Burglary,Investigation complete; no suspect identified
848ac5f18f47c0070f02a2af39579764a9ef5d1e17bc28d21680661a40c0eb5e,2024-07,Metropolitan Police Service,Metropolitan Police Service,-0.165335,51.48731,On or near Shawfield Street,E01002903,Kensington and Chelsea 018E,Burglary,Investigation complete; no suspect identified
061b7968d9096944d810a47df6c472295303cd1ee0de5a3e98f4a5d2f0284756,2024-07,Metropolitan Police Service,Metropolitan Police Service,-0.162593,51.488499,On or near Woodfall Street,E01002903,Kensington and Chelsea 018E,Burglary,Investigation complete; no suspect identified
5a7570d2da983f393b076aa9064bf87634d2b9e6106f9999ffedcc48a137bc9b,2024-07,Metropolitan Police Service,Metropolitan Police Service,-0.171761,51.482941,On or near Petyt Place,E01002844,Kensington and Chelsea 019A,Burglary,Investigation complete; no suspect identified
6035680f73c297ef86d6811a15d2b7d260b888b5a638baf7099d0ed4bb4847d4,2024-07,Metropolitan Police Service,Metropolitan Police Service,-0.179113,51.487093,On or near Drayton Gardens,E01002911,Kensington and Chelsea 019D,Burglary,Status update unavailable
bd70bd33ed0797c708cda60102b3dacf97d10b9d4c0b7738cb9e7a43c513e58b,2024-07,Metropolitan Police Service,Metropolitan Police Service,-0.175956,51.484652,On or near Beaufort Street,E01002911,Kensington and Chelsea 019D,Burglary,Investigation complete; no suspect identified
cec9d777f17a55f549868a9d258a039b0f5e71953511fd0dc2302363193563be,2024-07,Metropolitan Police Service,Metropolitan Police Service,-0.169247,51.488899,On or near Britten Street,E01002914,Kensington and Chelsea 019E,Burglary,Unable to prosecute suspect
6357ea36443941dcb54091bf057d6a6d534d148fe384147235071ddb6329aecd,2024-07,Metropolitan Police Service,Metropolitan Police Service,-0.187423,51.481682,On or near Billing Road,E01002897,Kensington and Chelsea 020D,Burglary,Investigation complete; no suspect identified
a3f1761924177e8e8352d14e4f493bfaebdf723d1e87c5ba951c9f6b9bc937ca,2024-07,Metropolitan Police Service,Metropolitan Police Service,-0.180128,51.486209,On or near Nightclub,E01002912,Kensington and Chelsea 020E,Burglary,Investigation complete; no suspect identified
04419d2a435c8161b9b0996adc53bf983ab8fddf530d0608d7b601714f7bd4a1,2024-07,Metropolitan Police Service,Metropolitan Police Service,-0.179994,51.488131,On or near Holly Mews,E01035714,Kensington and Chelsea 020F,Burglary,Unable to prosecute suspect
1c173d77b0b2fad2cb9a83ae4be463db1403a3815fccf245358395d9a12cda31,2024-07,Metropolitan Police Service,Metropolitan Police Service,-0.179994,51.488131,On or near Holly Mews,E01035714,Kensington and Chelsea 020F,Burglary,Investigation complete; no suspect identified
c4ffa1f262465b088127acdd18ce57f697239cd2036dc7f2db42a62db7824384,2024-07,Metropolitan Police Service,Metropolitan Police Service,-0.179994,51.488131,On or near Holly Mews,E01035714,Kensington and Chelsea 020F,Burglary,Awaiting court outcome
a446643a3d92f297df8f02a000c152f458dc49d783fbd22387487dfb61f34e86,2024-07,Metropolitan Police Service,Metropolitan Police Service,-0.181708,51.485604,On or near Seymour Walk,E01035714,Kensington and Chelsea 020F,Burglary,Investigation complete; no suspect identified
4ce47b5bffa79722675be8ebf3a178acd366dacd44560598f79b2e1fa31722fe,2024-07,Metropolitan Police Service,Metropolitan Police Service,-0.178714,51.487356,On or near Fulham Road,E01035714,Kensington and Chelsea 020F,Burglary,Investigation complete; no suspect identified
069bfb3b9139b28125aa015a150e7e8ea6edfb1cbed90e05ad1326c2ad797ce3,2024-07,Metropolitan Police Service,Metropolitan Police Service,-0.178239,51.481576,On or near Blantyre Street,E01002840,Kensington and Chelsea 021A,Burglary,Investigation complete; no suspect identified
244f278f6edfd46155722ec56ad837b94f0fa8b3ca36f6cec03adff08a8f8600,2024-07,Metropolitan Police Service,Metropolitan Police Service,-0.180251,51.479512,On or near Stadium Street,E01002841,Kensington and Chelsea 021B,Burglary,Investigation complete; no suspect identified
ec53c83230b2e087341db7f8dc8e0ffac3e43ff6432c6c658aa62f688d2bf25a,2024-07,Metropolitan Police Service,Metropolitan Police Service,-0.183354,51.482231,On or near Edith Terrace,E01002913,Kensington and Chelsea 021E,Burglary,Investigation complete; no suspect identified
46558ac46afda78f5ea2d1c9b7435c7fa7a8061ca455a946fc7aa539f44d1ff8,2024-07,Metropolitan Police Service,Metropolitan Police Service,-0.186434,51.482656,On or near Fulham Road,E01002913,Kensington and Chelsea 021E,Burglary,Investigation complete; no suspect identified
751455b0d3aac31303256956a281c0ee2a4309f1e00291f501088ddcc5600636,2024-07,Metropolitan Police Service,Metropolitan Police Service,-0.184514,51.482392,On or near Gunter Grove,E01002913,Kensington and Chelsea 021E,Burglary,Unable to prosecute suspect
4af15a4442b03cbb0e52a906c2180086686f992e162da8a2844d5fdd2f52ad8c,2024-07,Metropolitan Police Service,Metropolitan Police Service,-0.285634,51.414331,On or near Carlisle Close,E01002935,Kingston upon Thames 003A,Burglary,Investigation complete; no suspect identified
68b5fd8b95f9a93d0ec4720ac228e36469e8115cca5fff9ea1e2a0c1804e2084,2024-07,Metropolitan Police Service,Metropolitan Police Service,-0.285634,51.414331,On or near Carlisle Close,E01002935,Kingston upon Thames 003A,Burglary,Investigation complete; no suspect identified
ad758df250f996eb98a5d1319def028af133faa9b8ca0a2526a4bf247873eb66,2024-07,Metropolitan Police Service,Metropolitan Police Service,-0.285634,51.414331,On or near Carlisle Close,E01002935,Kingston upon Thames 003A,Burglary,Investigation complete; no suspect identified
a437e1ee54e1eb4fb635af90148c3d5131e8275ec505640d0f15765f824d5b82,2024-07,Metropolitan Police Service,Metropolitan Police Service,-0.285634,51.414331,On or near Carlisle Close,E01002935,Kingston upon Thames 003A,Burglary,Investigation complete; no suspect identified
ef147871c6577bb61314dd88c821ee16715d8c012a1521cd103278e0376f6494,2024-07,Metropolitan Police Service,Metropolitan Police Service,-0.280816,51.415106,On or near Galsworthy Road,E01002954,Kingston upon Thames 003D,Burglary,Investigation complete; no suspect identified
82a89d2203150689fcb6ad7ccfb093137a367b1d7b9c2ce05207d83a02ba8b3d,2024-07,Metropolitan Police Service,Metropolitan Police Service,-0.280879,51.410745,On or near Gloucester Road,E01002954,Kingston upon Thames 003D,Burglary,Investigation complete; no suspect identified
9a432f04df7b1fb949abc7315ab7b68fbe20b47c47e7eacee4572a7fdfcf53a8,2024-07,Metropolitan Police Service,Metropolitan Police Service,-0.297191,51.41485,On or near Sports/Recreation Area,E01002933,Kingston upon Thames 004A,Burglary,Unable to prosecute suspect
ff1138cf81d63c3cc73090993f195348766e0d99956569d826c35b93050f739f,2024-07,Metropolitan Police Service,Metropolitan Police Service,-0.298649,51.414305,On or near Parking Area,E01002933,Kingston upon Thames 004A,Burglary,Status update unavailable
a1e53bdbfe73a3afac9f19fa608e6252fb374cf94617731a7b448483222d0fc3,2024-07,Metropolitan Police Service,Metropolitan Police Service,-0.300431,51.414331,On or near Theatre/Concert Hall,E01033569,Kingston upon Thames 004G,Burglary,Investigation complete; no suspect identified
2e65441c1b4c329a54567d36cbf4673dfa889125e52a41d3c281d08c55d8ad94,2024-07,Metropolitan Police Service,Metropolitan Police Service,-0.302394,51.413757,On or near Kingsgate Road,E01034577,Kingston upon Thames 004I,Burglary,Investigation complete; no suspect identified
9c8d2f3cb4c0fc94c7dc6a61e0474c930f75ba2ffbd66ff624a027f3dc7484ed,2024-07,Metropolitan Police Service,Metropolitan Police Service,-0.301612,51.413511,On or near Sopwith Way,E01034577,Kingston upon Thames 004I,Burglary,Investigation complete; no suspect identified
090b47f53858e0a61b040fcd0abef7a46059113353ca08c88080052928541d75,2024-07,Metropolitan Police Service,Metropolitan Police Service,-0.297572,51.40768,On or near Fairfield South,E01002964,Kingston upon Thames 005A,Burglary,Investigation complete; no suspect identified
8a399b866bd86e02ae6de009fdfb0054908de34eb4864601c55336b7c3d7c7be,2024-07,Metropolitan Police Service,Metropolitan Police Service,-0.290434,51.411694,On or near Birkenhead Avenue,E01002972,Kingston upon Thames 005D,Burglary,Investigation complete; no suspect identified
5bfb1e2474bdeed2069dd6111a3e562fd727699bb3b03ac22faddeecf0838e09,2024-07,Metropolitan Police Service,Metropolitan Police Service,-0.271505,51.407271,On or near Long Walk,E01002962,Kingston upon Thames 006C,Burglary,Investigation complete; no suspect identified
69865340a27f18855da6228e7c324f41ce17a4d7d8b06863afc87ec102e9de54,2024-07,Metropolitan Police Service,Metropolitan Police Service,-0.254357,51.401082,On or near Firman Close,E01002929,Kingston upon Thames 007A,Burglary,Investigation complete; no suspect identified
96950e9cf97b57ec5f5b448fb470976ea333a644850eb756336bc43d7859d2e4,2024-07,Metropolitan Police Service,Metropolitan Police Service,-0.255914,51.403614,On or near Parking Area,E01002930,Kingston upon Thames 007B,Burglary,Investigation complete; no suspect identified
3177b57f6443f69b05ceab5bc7ebcace61f7a41352a35afbc94f24141b6a46f4,2024-07,Metropolitan Police Service,Metropolitan Police Service,-0.262728,51.40135,On or near Penrith Road,E01002930,Kingston upon Thames 007B,Burglary,Investigation complete; no suspect identified
08ba978ac6b8f5e979cfb545c2cd314b373f3027164af374078771e7dc565a11,2024-07,Metropolitan Police Service,Metropolitan Police Service,-0.257744,51.406519,On or near Coombe Road,E01002963,Kingston upon Thames 007D,Burglary,Investigation complete; no suspect identified
3133bdb2748bd360ae215899ed00c543c7f9553b954418c3f12a6360b480ef26,2024-07,Metropolitan Police Service,Metropolitan Police Service,-0.249705,51.397532,On or near Queen'S Road,E01002985,Kingston upon Thames 007E,Burglary,Investigation complete; no suspect identified
07ae7c84cf2f753529d6ca3730a81b3c02c67a727f8756bfef8cea9b0bad96a9,2024-07,Metropolitan Police Service,Metropolitan Police Service,-0.265618,51.399819,On or near Grayham Crescent,E01002928,Kingston upon Thames 008B,Burglary,Unable to prosecute suspect
ce16401686ff0ae8745c88a7f2e35187478e1be527e5e24f99cf5cd5e5cc5ec0,2024-07,Metropolitan Police Service,Metropolitan Police Service,-0.260172,51.409999,On or near Langley Grove,E01002961,Kingston upon Thames 008D,Burglary,Status update unavailable
8c3b77c3d95d299c3bebdb24138e8022e8031580abe41bfa56f4a4625507a9a8,2024-07,Metropolitan Police Service,Metropolitan Police Service,-0.26427,51.40961,On or near Elm Road,E01002961,Kingston upon Thames 008D,Burglary,Investigation complete; no suspect identified
af5a7110cb02dba97fdef31a41c3da44dff3371213ed9e017a98ead4e71f1423,2024-07,Metropolitan Police Service,Metropolitan Police Service,-0.264426,51.410808,On or near Darley Drive,E01002961,Kingston upon Thames 008D,Burglary,Investigation complete; no suspect identified
1933abf8f0b963fd20c8a68189578194dc2621fe5e5c32e85c164e38a311a328,2024-07,Metropolitan Police Service,Metropolitan Police Service,-0.268143,51.394245,On or near Bazalgette Gardens,E01002986,Kingston upon Thames 008E,Burglary,Investigation complete; no suspect identified
ed9f1c081c225cddbcdc7bba0a96d469c71fe9aede9ee0fcd1be6b3b138f887a,2024-07,Metropolitan Police Service,Metropolitan Police Service,-0.263087,51.395294,On or near Nelson Road,E01002986,Kingston upon Thames 008E,Burglary,Investigation complete; no suspect identified
79f21c381ba46d916fee8a7e42c42322a389819b73595c75275cfb9ae8e26334,2024-07,Metropolitan Police Service,Metropolitan Police Service,-0.302534,51.408426,On or near Parking Area,E01002968,Kingston upon Thames 009C,Burglary,Investigation complete; no suspect identified
1cd303587346fcff1c9b0ae588dd8a9083379990bdcfdf93e014361eb2b2f069,2024-07,Metropolitan Police Service,Metropolitan Police Service,-0.300589,51.406977,On or near Knight'S Park,E01002968,Kingston upon Thames 009C,Burglary,Unable to prosecute suspect
bab50c4cb7f5b9809ae2965e282e19eff5b822646923ab1082fe86a1f6d050c4,2024-07,Metropolitan Police Service,Metropolitan Police Service,-0.307418,51.408928,On or near Wadbrook Street,E01002968,Kingston upon Thames 009C,Burglary,Investigation complete; no suspect identified
89420d835238ddfb7615f4498107542019881a30f52647ec09a6ced1847570a6,2024-07,Metropolitan Police Service,Metropolitan Police Service,-0.294464,51.399244,On or near Chumleigh Walk,E01002991,Kingston upon Thames 009E,Burglary,Investigation complete; no suspect identified
f3aa36f1b161bb20c1a21ea8499c06534df45bb6e471b47ee0f42b6638897e3d,2024-07,Metropolitan Police Service,Metropolitan Police Service,-0.295363,51.392837,On or near Paragon Grove,E01002921,Kingston upon Thames 011A,Burglary,Investigation complete; no suspect identified
7440d4a8300ad6a3b5ec53525575f9035d38c7626c298c38e457924326df39f6,2024-07,Metropolitan Police Service,Metropolitan Police Service,-0.304045,51.393242,On or near B3370,E01002987,Kingston upon Thames 011B,Burglary,Investigation complete; no suspect identified
2e36cde1fc09774b5adc10ada4c07de8ce7c294bbed2b14c0dd42ae2e7684df0,2024-07,Metropolitan Police Service,Metropolitan Police Service,-0.259041,51.393957,On or near Bodley Close,E01002981,Kingston upon Thames 012D,Burglary,Investigation complete; no suspect identified
9ec106149e01a453c0d72f5174693500ec38f517fa1335b8d225f1b5cd693901,2024-07,Metropolitan Police Service,Metropolitan Police Service,-0.260016,51.394035,On or near Bodley Road,E01002981,Kingston upon Thames 012D,Burglary,Unable to prosecute suspect
078c07c80b60860dc8cfefce9ede1f5617fc32d46547de003d239de7939d6d74,2024-07,Metropolitan Police Service,Metropolitan Police Service,-0.254989,51.396181,On or near Malden Road,E01002984,Kingston upon Thames 012E,Burglary,Investigation complete; no suspect identified
e71897b8ce109f172839d9f3001a712bbf2a6daffc5fa5726982f2b7738eff13,2024-07,Metropolitan Police Service,Metropolitan Police Service,-0.294943,51.391761,On or near Smith Street,E01002923,Kingston upon Thames 013A,Burglary,Unable to prosecute suspect
e134beacbf67c15262cbd156d3f3073858c42d7692bf9240d86c910133d7f8c3,2024-07,Metropolitan Police Service,Metropolitan Police Service,-0.272929,51.38473,On or near Collingwood Avenue,E01002915,Kingston upon Thames 014A,Burglary,Investigation complete; no suspect identified
196c582ca1852c25dc5f77988719721b63d2e175d8e2e503dbc952da230518ea,2024-07,Metropolitan Police Service,Metropolitan Police Service,-0.256407,51.392542,On or near Knightwood Crescent,E01002982,Kingston upon Thames 015D,Burglary,Investigation complete; no suspect identified
a328fb50e1d9908d80b85c2c9df521227c44f764d7a768f3cdf91715be8ffb7d,2024-07,Metropolitan Police Service,Metropolitan Police Service,-0.245676,51.391258,On or near Hornbeam Gardens,E01002983,Kingston upon Thames 015E,Burglary,Investigation complete; no suspect identified
bba330c13f073da7ffd1b6aae75d076445b7c6e234c31119cb901ea184ce6ca7,2024-07,Metropolitan Police Service,Metropolitan Police Service,-0.244844,51.391587,On or near Hopton Gardens,E01002983,Kingston upon Thames 015E,Burglary,Investigation complete; no suspect identified
415298064c4923b2ba38754ef266a5da50547f64b6f712afe002bc312db6d527,2024-07,Metropolitan Police Service,Metropolitan Police Service,-0.303513,51.380788,On or near Rickards Close,E01002994,Kingston upon Thames 016A,Burglary,Investigation complete; no suspect identified
e85974264fbbba987ffda49be18b9a50a7bd6c11d761798d9542aeecd159515b,2024-07,Metropolitan Police Service,Metropolitan Police Service,-0.287597,51.382949,On or near Ewell Road,E01002996,Kingston upon Thames 016B,Burglary,Investigation complete; no suspect identified
4890447a37bccd8839dae36f4aa99b5c60285c48a7daa4c1740330080016b081,2024-07,Metropolitan Police Service,Metropolitan Police Service,-0.287597,51.382949,On or near Ewell Road,E01002996,Kingston upon Thames 016B,Burglary,Investigation complete; no suspect identified
d5e8780ffdf19c4ffcd098f1acce8273c6afa10d07457e95b251f66f98f12d97,2024-07,Metropolitan Police Service,Metropolitan Police Service,-0.278053,51.379554,On or near Sunray Avenue,E01002919,Kingston upon Thames 017B,Burglary,Unable to prosecute suspect
fb77846fbb305dc65ae9ec8c1bde9caca833f9fbfd7951a7915945d7d518742e,2024-07,Metropolitan Police Service,Metropolitan Police Service,-0.282887,51.378231,On or near St George'S Gardens,E01003001,Kingston upon Thames 017D,Burglary,Investigation complete; no suspect identified
aedbc6528bbb24a08b21ab7840ff88b4adab43adc81aa804455e4a680d4e912c,2024-07,Metropolitan Police Service,Metropolitan Police Service,-0.300539,51.363704,On or near Parking Area,E01002939,Kingston upon Thames 018A,Burglary,Unable to prosecute suspect
ec7311bc549b2eb560e506262aa7e2eec7096963597ec1ad0ae2969eb9427708,2024-07,Metropolitan Police Service,Metropolitan Police Service,-0.306721,51.367472,On or near A243,E01002941,Kingston upon Thames 018B,Burglary,Investigation complete; no suspect identified
bb9a9a07945be21a8085b6fe81bcbdea0cea50d58b53d2c9d877bafbc7a33a00,2024-07,Metropolitan Police Service,Metropolitan Police Service,-0.302649,51.36958,On or near Orchard Road,E01002942,Kingston upon Thames 018C,Burglary,Investigation complete; no suspect identified
695721c0c347033e6afbaff97cbc7de04191ace142e3072df36e6324d7a4e11b,2024-07,Metropolitan Police Service,Metropolitan Police Service,-0.296418,51.371414,On or near Cedarcroft Road,E01003005,Kingston upon Thames 018E,Burglary,Investigation complete; no suspect identified
2670923c53f066750cd0e2dcda561729bba20693d1f58c34f1aa3e95ff9937fd,2024-07,Metropolitan Police Service,Metropolitan Police Service,-0.105609,51.493392,On or near Castlebrook Close,E01003110,Lambeth 002C,Burglary,Investigation complete; no suspect identified
caf1f38eeb16bf32847173f1d73375b0b48bea2559c138ed4b88dc58dde26f1d,2024-07,Metropolitan Police Service,Metropolitan Police Service,-0.11935,51.49275,On or near Whitgift Street,E01003112,Lambeth 002E,Burglary,Investigation complete; no suspect identified
e69a078fa346bd690bc6a831b9580ac4271f1b902a54dbfbd73cd224bce51caa,2024-07,Metropolitan Police Service,Metropolitan Police Service,-0.118209,51.493874,On or near Old Paradise Street,E01003112,Lambeth 002E,Burglary,Investigation complete; no suspect identified
253b2f19643855691b9ac8a368f533598f755d5155c6adbbf63fb6fcf2f5441f,2024-07,Metropolitan Police Service,Metropolitan Police Service,-0.111502,51.487084,On or near Windmill Row,E01003101,Lambeth 003A,Burglary,Investigation complete; no suspect identified
7696bab86641e8483ac7aae3219163ba65d4e65a086501711027b29faf60403d,2024-07,Metropolitan Police Service,Metropolitan Police Service,-0.123707,51.485212,On or near Shopping Area,E01003102,Lambeth 004A,Burglary,Investigation complete; no suspect identified
8edd6f9300dbf0f426a53c9a6f0bfe290fc5f5ffab3f87b07fb3ff6f28266dc7,2024-07,Metropolitan Police Service,Metropolitan Police Service,-0.121325,51.484994,On or near Vauxhall Grove,E01003102,Lambeth 004A,Burglary,Investigation complete; no suspect identified
fe15b231d60d8fe356a3784ce4a74ba362c12c1b33bace723104116eb6d6234c,2024-07,Metropolitan Police Service,Metropolitan Police Service,-0.123049,51.477405,On or near Supermarket,E01003129,Lambeth 004E,Burglary,Investigation complete; no suspect identified
07f1d2596affa50807354102cb08342f0692cae01d7c0d8c5d3f307666b2f892,2024-07,Metropolitan Police Service,Metropolitan Police Service,-0.123049,51.477405,On or near Supermarket,E01003129,Lambeth 004E,Burglary,Awaiting court outcome
1ae3e8217270c6df0d6185baad37872fb80b030e8a879bde9b058b8673fb2bd6,2024-07,Metropolitan Police Service,Metropolitan Police Service,-0.123049,51.477405,On or near Supermarket,E01003129,Lambeth 004E,Burglary,Unable to prosecute suspect
c17cc13df1df1560e3d3e74d0baa99d0082ad43f82ff732ce65bb8044f9e3953,2024-07,Metropolitan Police Service,Metropolitan Police Service,-0.123049,51.477405,On or near Supermarket,E01003129,Lambeth 004E,Burglary,Investigation complete; no suspect identified
e90bb528f9ca20abd72a50c22d6e78ef8eba6761ca48c85e0939ebbdcf76c1af,2024-07,Metropolitan Police Service,Metropolitan Police Service,-0.123049,51.477405,On or near Supermarket,E01003129,Lambeth 004E,Burglary,Unable to prosecute suspect
7b1537540ef0bde676704eb1acf21d6ea32905b9d7be76ca4ee26fe0feca8007,2024-07,Metropolitan Police Service,Metropolitan Police Service,-0.123049,51.477405,On or near Supermarket,E01003129,Lambeth 004E,Burglary,Investigation complete; no suspect identified
e87a9de3155efe9ae03e9d009c410029d2c9dd9a1b28d241727f6d789cf8fade,2024-07,Metropolitan Police Service,Metropolitan Police Service,-0.124227,51.485535,On or near Vauxhall Bus Station,E01033208,Lambeth 004G,Burglary,Investigation complete; no suspect identified
608aae2ef342a26a047e1ed746688724235ec72a2e4b6cbeec7b847e898172f5,2024-07,Metropolitan Police Service,Metropolitan Police Service,-0.125167,51.484381,On or near Parry Street,E01033208,Lambeth 004G,Burglary,Investigation complete; no suspect identified
0262e38dea33fd9d5d45d174e647d73d1f77b9738a8b89e54c167fdac320e3e9,2024-07,Metropolitan Police Service,Metropolitan Police Service,-0.124754,51.482864,On or near Miles Street,E01033865,Lambeth 004I,Burglary,Investigation complete; no suspect identified
ab855d6f07bb80d883888d39f8760fec1fdf2e027aca8e97f57dfb354f53583c,2024-07,Metropolitan Police Service,Metropolitan Police Service,-0.125823,51.481748,On or near Trenchold Street,E01033865,Lambeth 004I,Burglary,Investigation complete; no suspect identified
20cb3a00d7405aed995ff9ea7430a06f2af7aaed2ad3ce4ead07454d81faefe4,2024-07,Metropolitan Police Service,Metropolitan Police Service,-0.116005,51.479531,On or near Palfrey Place,E01003098,Lambeth 005A,Burglary,Investigation complete; no suspect identified
130472f5ac1c79ee7bb7df6c47dee2c6f0ad1c6b6502ee536d7183faad3ccdfc,2024-07,Metropolitan Police Service,Metropolitan Police Service,-0.109245,51.481737,On or near Sports/Recreation Area,E01003099,Lambeth 005B,Burglary,Investigation complete; no suspect identified
6d52560f2730885cb15e0063d66afc4569306a9f25375dff31edcbf107a6592f,2024-07,Metropolitan Police Service,Metropolitan Police Service,-0.112304,51.480587,On or near Offley Road,E01003100,Lambeth 005C,Burglary,Unable to prosecute suspect
a40d5ab5aacd9fa9d857d2da3bfea973f875e78be9287ec54bd1528624e60113,2024-07,Metropolitan Police Service,Metropolitan Police Service,-0.104293,51.476159,On or near Tindal Street,E01003180,Lambeth 005D,Burglary,Investigation complete; no suspect identified
8df6e910a5e6d0cec5055012535c1aedf9b0859c137303ebc430cef758816f0c,2024-07,Metropolitan Police Service,Metropolitan Police Service,-0.127562,51.476191,On or near Viceroy Road,E01003121,Lambeth 006B,Burglary,Investigation complete; no suspect identified
43c30996402130d55a3ed0494baa0a3f97e1d854bd3586c8064e8f7d40a01af9,2024-07,Metropolitan Police Service,Metropolitan Police Service,-0.129477,51.476572,On or near Darsley Drive,E01003121,Lambeth 006B,Burglary,Investigation complete; no suspect identified
d3217bcc50219873376d21ca8d1c716ac27cd78ce2860b81637606a02f2a0d5d,2024-07,Metropolitan Police Service,Metropolitan Police Service,-0.1278,51.473551,On or near Larkhall Lane,E01003123,Lambeth 006C,Burglary,Formal action is not in the public interest
c0296964ebcf9d4a8e92a2d2db8842d80e3703006aafdd1950c9e67b58646c8e,2024-07,Metropolitan Police Service,Metropolitan Police Service,-0.123695,51.47603,On or near Teversham Lane,E01003124,Lambeth 006D,Burglary,Unable to prosecute suspect
e24c4f6d8bf4cf7483d69a409cb4256725b2ccafb7a35ad2973d05bdcba4a36e,2024-07,Metropolitan Police Service,Metropolitan Police Service,-0.118448,51.477925,On or near Cobbett Street,E01003125,Lambeth 006E,Burglary,Investigation complete; no suspect identified
6019a0d98f1f07ec0910ce27c02824cdb0d987edacb1ec4e3884d3889d53ee82,2024-07,Metropolitan Police Service,Metropolitan Police Service,-0.111543,51.478084,On or near Mandela Street,E01003181,Lambeth 007A,Burglary,Investigation complete; no suspect identified
cdd88f7f7838d0c94a7b3818274eb6ff7425ddc0ffc17c48bd3f254c8d485332,2024-07,Metropolitan Police Service,Metropolitan Police Service,-0.114858,51.476959,On or near Caldwell Street,E01003185,Lambeth 007C,Burglary,Investigation complete; no suspect identified
df35d1ab86b8681d7f4eac6fea5bd4c843e9e168228515ae04bae2ddb127d6ad,2024-07,Metropolitan Police Service,Metropolitan Police Service,-0.11727,51.474704,On or near Durand Gardens,E01003186,Lambeth 007D,Burglary,Investigation complete; no suspect identified
70bcbebccf49b8563db7793edcf313c72295fa8a3f551559d46955dcac511ee2,2024-07,Metropolitan Police Service,Metropolitan Police Service,-0.112012,51.471639,On or near Supermarket,E01003186,Lambeth 007D,Burglary,Unable to prosecute suspect
8b6ec0ec01e342082b691c0337032e161b327d1499cdab6222e51799788d5ea8,2024-07,Metropolitan Police Service,Metropolitan Police Service,-0.11727,51.474704,On or near Durand Gardens,E01003186,Lambeth 007D,Burglary,Investigation complete; no suspect identified
ef2f207132ed526127766d615918afda955561408915f221704d422dbd3c0f9a,2024-07,Metropolitan Police Service,Metropolitan Police Service,-0.105845,51.475528,On or near Fitzpatrick Road,E01003187,Lambeth 007E,Burglary,Investigation complete; no suspect identified
ea1852090c63f165395290d849af78a30dd09a9048c2b6bf16a25afaca86b958,2024-07,Metropolitan Police Service,Metropolitan Police Service,-0.106841,51.475831,On or near Cromwell Road,E01003187,Lambeth 007E,Burglary,Awaiting court outcome
dae54917cc97f734bf3fc79dc59b6e5a70e05f3ff80f16fd11ea9d70feda791d,2024-07,Metropolitan Police Service,Metropolitan Police Service,-0.133701,51.47503,On or near Deeley Road,E01003089,Lambeth 008A,Burglary,Investigation complete; no suspect identified
48810fb9054ad2bd712c7d49940a8824265bebc6753e66b00b3bdc25eefbda5d,2024-07,Metropolitan Police Service,Metropolitan Police Service,-0.136843,51.47214,On or near Clyston Street,E01003089,Lambeth 008A,Burglary,Investigation complete; no suspect identified
7799565acd57011785fa8e56dc658cbe36207f3072a8cb2dd9687a94b55ad43c,2024-07,Metropolitan Police Service,Metropolitan Police Service,-0.121668,51.474541,On or near Spencer Mews,E01003126,Lambeth 008D,Burglary,Investigation complete; no suspect identified
cb68604e3e88b1e3904294fd65fed4d520d1c20866c57a7eb16c63b98340e863,2024-07,Metropolitan Police Service,Metropolitan Police Service,-0.103086,51.468802,On or near Elam Close,E01003046,Lambeth 009A,Burglary,Investigation complete; no suspect identified
bd97ab952ce0ce351905f42a5d01fab48bad30bda24a0a2b177ac0649dbf1817,2024-07,Metropolitan Police Service,Metropolitan Police Service,-0.103075,51.465582,On or near Coldharbour Lane,E01003048,Lambeth 009B,Burglary,Unable to prosecute suspect
6c4099c560904ef0ec55b153de5def3f4c518de1a19aa55240ded7d786b37b2f,2024-07,Metropolitan Police Service,Metropolitan Police Service,-0.12515,51.465146,On or near Tasman Road,E01003088,Lambeth 010A,Burglary,Investigation complete; no suspect identified
8f36e9107dc72d9bbbc27c8f01e57316e918728c53000c6cd55621cdd5486bb4,2024-07,Metropolitan Police Service,Metropolitan Police Service,-0.124444,51.467958,On or near Edithna Street,E01003094,Lambeth 010C,Burglary,Awaiting court outcome
962e5c82b011e949b359b275c5eaba2a1c4130628d001a5d68689e51e4f3a909,2024-07,Metropolitan Police Service,Metropolitan Police Service,-0.121479,51.466885,On or near Nealden Street,E01003096,Lambeth 010D,Burglary,Investigation complete; no suspect identified
571c6addcb7f4f9401d74ae1d6e8770340a399a97ba27429c2921dc52d4c8968,2024-07,Metropolitan Police Service,Metropolitan Police Service,-0.116473,51.470627,On or near Stockwell Park Road,E01003127,Lambeth 010E,Burglary,Investigation complete; no suspect identified
48fa83c1cd02345819a91a037cd2a807cfe4a453366c344a2b3a858afc92ac37,2024-07,Metropolitan Police Service,Metropolitan Police Service,-0.114035,51.460966,On or near Rushcroft Road,E01003047,Lambeth 011B,Burglary,Investigation complete; no suspect identified
290a8e6cb528da3a7e77a2b91ae48799c45c6162c98179b8c1ea9f64fc97d4e7,2024-07,Metropolitan Police Service,Metropolitan Police Service,-0.113038,51.464888,On or near Police Station,E01003047,Lambeth 011B,Burglary,Court result unavailable
4214ef3666b8be72870bb0912ad0ce036a01d6c8b9626e2256176446dba863ae,2024-07,Metropolitan Police Service,Metropolitan Police Service,-0.107926,51.467342,On or near Angell Road,E01003049,Lambeth 011C,Burglary,Investigation complete; no suspect identified
5328a690b47b2e976cccf4b78b0c604a5b1b923c800789e92047c39a34ff9714,2024-07,Metropolitan Police Service,Metropolitan Police Service,-0.108295,51.466431,On or near St James'S Crescent,E01003049,Lambeth 011C,Burglary,Investigation complete; no suspect identified
f4351cde7efb035b7a45ae568eac090c8952d9e65e0c13069a0889b0eab1360f,2024-07,Metropolitan Police Service,Metropolitan Police Service,-0.114795,51.464188,On or near Shopping Area,E01003061,Lambeth 011F,Burglary,Unable to prosecute suspect
82db0140a614ba2d442545e10e69321040d84ec4ac896e47ff32e37557a54b7f,2024-07,Metropolitan Police Service,Metropolitan Police Service,-0.115902,51.464557,On or near Bellefields Road,E01003061,Lambeth 011F,Burglary,Investigation complete; no suspect identified
4541b20e60af5859edacd8b2a0119f79d8154f39ca3081c939afa39f161257ee,2024-07,Metropolitan Police Service,Metropolitan Police Service,-0.139685,51.468471,On or near Stone Close,E01003034,Lambeth 012A,Burglary,Investigation complete; no suspect identified
1c4a331c210865fbb65241156af0d936b86d9f51d51f0c39d7c87edd1f8e0742,2024-07,Metropolitan Police Service,Metropolitan Police Service,-0.134936,51.465581,On or near Littlebury Road,E01003035,Lambeth 012B,Burglary,Investigation complete; no suspect identified
e371361c243025749f0eb03c8458d0d649d4691dcf542c52e340d5cb97c73365,2024-07,Metropolitan Police Service,Metropolitan Police Service,-0.134455,51.463954,On or near Bicycle Mews,E01003035,Lambeth 012B,Burglary,Investigation complete; no suspect identified
badd5f59a3fadf1e252a22deab1f9253ea8ea847d756cf84165ae5153dd372e9,2024-07,Metropolitan Police Service,Metropolitan Police Service,-0.134082,51.46322,On or near Clapham High Street,E01003035,Lambeth 012B,Burglary,Investigation complete; no suspect identified
78daa9c63307ec3ed1b91a57c3cfa2ad538cf66e1a9e7860a018f8a718195513,2024-07,Metropolitan Police Service,Metropolitan Police Service,-0.128503,51.467627,On or near Savoy Mews,E01003090,Lambeth 012D,Burglary,Investigation complete; no suspect identified
be8588a41bb10bbea454d3b5bda307701466ed859fe16b603196af592f96680e,2024-07,Metropolitan Police Service,Metropolitan Police Service,-0.14967,51.466866,On or near Willard Street,E01003037,Lambeth 013A,Burglary,Investigation complete; no suspect identified
4034e4903f9b6072beefc4ee5b34f7f7f449fd782eeabd879b10aa718cdbfa33,2024-07,Metropolitan Police Service,Metropolitan Police Service,-0.142114,51.465389,On or near Lydon Road,E01003039,Lambeth 013C,Burglary,Investigation complete; no suspect identified
b7778e7dcfde041a11297ea253ccc894b2734c38054ad448424f8d4db9cd74f3,2024-07,Metropolitan Police Service,Metropolitan Police Service,-0.140465,51.462377,On or near The Pavement,E01003039,Lambeth 013C,Burglary,Investigation complete; no suspect identified
dc6cf20e46f825217f52d120f82f66f9a93493ea41030ed85ffd737a72bbc6c1,2024-07,Metropolitan Police Service,Metropolitan Police Service,-0.140216,51.462139,On or near The Pavement,E01003039,Lambeth 013C,Burglary,Investigation complete; no suspect identified
6ea2c636a271f27cd51a37d0d761035f92ac1923ce8504330500d4c222d1788f,2024-07,Metropolitan Police Service,Metropolitan Police Service,-0.141379,51.464325,On or near Old Town,E01003039,Lambeth 013C,Burglary,Investigation complete; no suspect identified
6e20a9ef1c915e8329787cd98992b6c9a891012f0022a1a9b16aa700d5a8bd3a,2024-07,Metropolitan Police Service,Metropolitan Police Service,-0.14631,51.46381,On or near The Chase,E01003040,Lambeth 013D,Burglary,Status update unavailable
5d2f6fc98d3c5d94b976a936887a1ba7d1fc84390cb7da7b191a7fb382e33864,2024-07,Metropolitan Police Service,Metropolitan Police Service,-0.093877,51.470738,On or near Coldharbour Place,E01003076,Lambeth 014C,Burglary,Investigation complete; no suspect identified
48edc0a8b174107cda7d84c7c9c1936c43aa6438ca63fcc8c3f5f45cabd4bcab,2024-07,Metropolitan Police Service,Metropolitan Police Service,-0.098018,51.464646,On or near Kemerton Road,E01003077,Lambeth 014D,Burglary,Investigation complete; no suspect identified
9ad73c04a889a5e2ac21bfe9491b332255703b516ea7b559570be50d0f8b3880,2024-07,Metropolitan Police Service,Metropolitan Police Service,-0.092422,51.463494,On or near Acland Crescent,E01003078,Lambeth 014E,Burglary,Investigation complete; no suspect identified
89cbb4a3ca03ebb6e9da62e32e241019bb1312b583c772417fdecbdbba5f7974,2024-07,Metropolitan Police Service,Metropolitan Police Service,-0.124769,51.457586,On or near Branksome Road,E01003019,Lambeth 015A,Burglary,Investigation complete; no suspect identified
e60c33b1063ecb0a8a056230c048882bc9abe82af89357b6faf042bbfc492d0b,2024-07,Metropolitan Police Service,Metropolitan Police Service,-0.124769,51.457586,On or near Branksome Road,E01003019,Lambeth 015A,Burglary,Investigation complete; no suspect identified
46b8530c40284865d81434fb3e959502eb47d56e86f6dd11f665d2564b677d76,2024-07,Metropolitan Police Service,Metropolitan Police Service,-0.119211,51.464277,On or near Pulross Road,E01003053,Lambeth 015B,Burglary,Investigation complete; no suspect identified
e44a7f376f5d6b00e9aa09957f8171c7e27a91309ebb43e0a92df2ff7f6a3a5a,2024-07,Metropolitan Police Service,Metropolitan Police Service,-0.118689,51.465762,On or near Stansfield Road,E01003053,Lambeth 015B,Burglary,Investigation complete; no suspect identified
b23b8ccaaa5ca00181528309be5392476bec00dc72e62edbc9e8dc9512bcde10,2024-07,Metropolitan Police Service,Metropolitan Police Service,-0.122049,51.46247,On or near Medwin Street,E01003056,Lambeth 015D,Burglary,Unable to prosecute suspect
1e75c0bbcf5aeb9c225acf2fa85e8d96b41c48a087e0f7124c0f998fde29c065,2024-07,Metropolitan Police Service,Metropolitan Police Service,-0.126012,51.460609,On or near Plato Road,E01003058,Lambeth 015E,Burglary,Investigation complete; no suspect identified
d972253b7961200404656cc9a3fd61e9d3a6e2c0cb9719c96135f0191404585b,2024-07,Metropolitan Police Service,Metropolitan Police Service,-0.116895,51.459998,On or near Nightclub,E01003020,Lambeth 016A,Burglary,Investigation complete; no suspect identified
44c1ea5ce071df1b0ad63c38f8a7a5a1e271392233e4af72ea3a62652d9c98f4,2024-07,Metropolitan Police Service,Metropolitan Police Service,-0.117873,51.460038,On or near Porden Road,E01003020,Lambeth 016A,Burglary,Investigation complete; no suspect identified
87dae1e73e45e9971f1fb7f4c804e7a57cc0957b76bd7c230df63a5a2a66b6a4,2024-07,Metropolitan Police Service,Metropolitan Police Service,-0.109138,51.460671,On or near Somerleyton Road,E01003052,Lambeth 016C,Burglary,Investigation complete; no suspect identified
7627ec7b4318070517c575c0f02a2bb95587fc068cf00ce0516e87ca16b6ee51,2024-07,Metropolitan Police Service,Metropolitan Police Service,-0.118988,51.460946,On or near Trinity Gardens,E01003055,Lambeth 016D,Burglary,Status update unavailable
6741ef105fbc8b7f301d80a3d4e1218d05c383ce4be677de23c4c0159e7826c1,2024-07,Metropolitan Police Service,Metropolitan Police Service,-0.115241,51.455805,On or near Crownstone Road,E01003176,Lambeth 016E,Burglary,Investigation complete; no suspect identified
7a60b8c3dc599f7cb1ea09d9100dc77460d82a53a9ecf3e7c68592e163730e0a,2024-07,Metropolitan Police Service,Metropolitan Police Service,-0.11727,51.456153,On or near Dray Gardens,E01003176,Lambeth 016E,Burglary,Investigation complete; no suspect identified
439a34fa468b94349fbe11db5dbfa90dc6357bc31dc41095400045e8590faf7b,2024-07,Metropolitan Police Service,Metropolitan Police Service,-0.131009,51.458819,On or near Northbourne Road,E01003029,Lambeth 017A,Burglary,Investigation complete; no suspect identified
382f28588d5a0aff199fbfae18284c7d97435a7e29ac976a9bde0e18022fd046,2024-07,Metropolitan Police Service,Metropolitan Police Service,-0.137787,51.462029,On or near Clapham Common South Side,E01003041,Lambeth 017C,Burglary,Awaiting court outcome
4fe278602b1d2df0908f77dc83d207d04de7735b46a8e7bfc82d91a29e745347,2024-07,Metropolitan Police Service,Metropolitan Police Service,-0.126763,51.461251,On or near Kepler Road,E01003057,Lambeth 017D,Burglary,Investigation complete; no suspect identified
32eb9a487a0f5bace50e61d2b2485d72300c9efb12acd5cf2c3db3e20fe44b09,2024-07,Metropolitan Police Service,Metropolitan Police Service,-0.129328,51.461535,On or near Haselrigge Road,E01003057,Lambeth 017D,Burglary,Status update unavailable
021d2db2ae7208f2a811b41d7cd4e311d073d6dfde8592e7649b9594f4e624bf,2024-07,Metropolitan Police Service,Metropolitan Police Service,-0.109788,51.463056,On or near Valentia Place,E01003051,Lambeth 018C,Burglary,Investigation complete; no suspect identified
2ee15cab6a0959d468315c811bdcbd06f507f94f888bce4809152b05633479d4,2024-07,Metropolitan Police Service,Metropolitan Police Service,-0.105857,51.457156,On or near Mayall Road,E01003071,Lambeth 018D,Burglary,Status update unavailable
54a454e5e12aa4bc9d0c90f1d14e3f8a26a156bd5d7debe0775d490c6940c5e1,2024-07,Metropolitan Police Service,Metropolitan Police Service,-0.105857,51.457156,On or near Mayall Road,E01003071,Lambeth 018D,Burglary,Unable to prosecute suspect
9dc9db68cfb80869cb31923f006298bdcb7ececa72bb517fcae88ac4f4d88975,2024-07,Metropolitan Police Service,Metropolitan Police Service,-0.10716,51.454191,On or near Milton Road,E01003074,Lambeth 018E,Burglary,Investigation complete; no suspect identified
ad6647b9acfc185deb51b907ba1ac4a93235937c61c30bab9c0d7e924a6527d8,2024-07,Metropolitan Police Service,Metropolitan Police Service,-0.10245,51.453252,On or near Herne Hill,E01003074,Lambeth 018E,Burglary,Investigation complete; no suspect identified
d678f321303d66b6afcff47c5e5345da8435b0de8b1dcef880113b0ca37a6839,2024-07,Metropolitan Police Service,Metropolitan Police Service,-0.142531,51.454757,On or near Cautley Avenue,E01003026,Lambeth 019A,Burglary,Investigation complete; no suspect identified
86c5f2dd9e8c2aa5b5ecb699b0b5bca369a52d8cdf6483add2cf13a2924f39bd,2024-07,Metropolitan Police Service,Metropolitan Police Service,-0.140974,51.454822,On or near Narbonne Avenue,E01003026,Lambeth 019A,Burglary,Investigation complete; no suspect identified
89eb4b757409ed5493482c2281594be996c03afd74f8956fa9364fd6365dd92d,2024-07,Metropolitan Police Service,Metropolitan Police Service,-0.134642,51.457608,On or near Crescent Lane,E01003027,Lambeth 019B,Burglary,Investigation complete; no suspect identified
d3a8f4812c64f0a1059929c30c3c144d920cd35e1d806dea351f5d9b334ab2d5,2024-07,Metropolitan Police Service,Metropolitan Police Service,-0.134642,51.457608,On or near Crescent Lane,E01003027,Lambeth 019B,Burglary,Unable to prosecute suspect
f05c9bbc4a3fe08882434954d090acf58c36375b775effc1b0f00139d93d0d84,2024-07,Metropolitan Police Service,Metropolitan Police Service,-0.134642,51.457608,On or near Crescent Lane,E01003027,Lambeth 019B,Burglary,Investigation complete; no suspect identified
fd201b80dc2180c5f80e0e45974a5a4c8aa378fb92139dda59a595fb83395451,2024-07,Metropolitan Police Service,Metropolitan Police Service,-0.136893,51.453939,On or near Elms Crescent,E01003028,Lambeth 019C,Burglary,Unable to prosecute suspect
bd3e3e5959f4b3462fb021319ae967cdaaed34f659abed6074f27c98a9c59e90,2024-07,Metropolitan Police Service,Metropolitan Police Service,-0.136055,51.456138,On or near Caldervale Road,E01003033,Lambeth 019E,Burglary,Investigation complete; no suspect identified
d8f825540b1dda22d58bd1f7280030fd3227e898143dc9570350cb96afb5f523,2024-07,Metropolitan Police Service,Metropolitan Police Service,-0.121975,51.453405,On or near Theatre/Concert Hall,E01003018,Lambeth 020A,Burglary,Investigation complete; no suspect identified
e51d219fc5e3c2c7d3a9776516723dc0fd27e2a8e924051f77f7a9ae428cab6e,2024-07,Metropolitan Police Service,Metropolitan Police Service,-0.120643,51.453248,On or near Brixton Hill,E01003018,Lambeth 020A,Burglary,Investigation complete; no suspect identified
2ac0d881f47bd2a7349982f5ed6d614c3ee68755be2f5fdcfa76ab29a457de84,2024-07,Metropolitan Police Service,Metropolitan Police Service,-0.127464,51.45539,On or near Prague Place,E01003021,Lambeth 021A,Burglary,Investigation complete; no suspect identified
684aad64e9f9c57eaf8a1f1e3519cc9333f9ebdf729603787c664394dfb5b0e0,2024-07,Metropolitan Police Service,Metropolitan Police Service,-0.127464,51.45539,On or near Prague Place,E01003021,Lambeth 021A,Burglary,Investigation complete; no suspect identified
2d6afde556280c0d4f2e962b7bef565433fec58441a54e3ef607174a4a35793f,2024-07,Metropolitan Police Service,Metropolitan Police Service,-0.130341,51.451911,On or near B221,E01003022,Lambeth 021B,Burglary,Investigation complete; no suspect identified
dcd7dd60e4494f0dd6a524fd7ac9404cb265d70d4a239856ed846ffe0008eb3f,2024-07,Metropolitan Police Service,Metropolitan Police Service,-0.128349,51.449226,On or near Kingswood Road,E01003023,Lambeth 021C,Burglary,Investigation complete; no suspect identified
cc4a0d94f0762ff6a2a4e3f4f81861f79a0dd906853b7c6a3ea6ce6f04869e37,2024-07,Metropolitan Police Service,Metropolitan Police Service,-0.136984,51.449579,On or near Poynders Road,E01003160,Lambeth 022D,Burglary,Investigation complete; no suspect identified
6125fc56925057edd3b361ea690a077e7d7a9bfc6cdca65c464e0fbe869731bc,2024-07,Metropolitan Police Service,Metropolitan Police Service,-0.139906,51.451694,On or near Trouville Road,E01003031,Lambeth 023A,Burglary,Investigation complete; no suspect identified
70b556752e6dfca62af2eb973958f676d83c3575e47762f3b86cab5116b58728,2024-07,Metropolitan Police Service,Metropolitan Police Service,-0.142304,51.449349,On or near Rudloe Road,E01003161,Lambeth 023E,Burglary,Investigation complete; no suspect identified
9f57b6be6847c3af0fb1b76cba3e38d063114f8fe88773f0834e34cf56d75585,2024-07,Metropolitan Police Service,Metropolitan Police Service,-0.137474,51.446754,On or near Rosethorn Close,E01003163,Lambeth 023F,Burglary,Investigation complete; no suspect identified
c5331687419d5cfbce20445154030cda3a832a85ed3e22845c6e6f0b63437603,2024-07,Metropolitan Police Service,Metropolitan Police Service,-0.112517,51.447857,On or near Petrol Station,E01003172,Lambeth 024B,Burglary,Investigation complete; no suspect identified
5329e02eb9ac7a2cbc13f75a4bfea64ac4e46d664a7fb61ce27e128ec4f4e4a4,2024-07,Metropolitan Police Service,Metropolitan Police Service,-0.108548,51.441157,On or near Hardel Rise,E01003174,Lambeth 024C,Burglary,Investigation complete; no suspect identified
de4055d0439b4e95a9f5180b2606905b1c8c48632314ed692e8e7aa8117a145e,2024-07,Metropolitan Police Service,Metropolitan Police Service,-0.100434,51.448408,On or near Guernsey Grove,E01003168,Lambeth 025C,Burglary,Investigation complete; no suspect identified
1a5d4b9b59545551b7c0f7739d4f6557f65cc5b56d8113a57fca12c351b90f3b,2024-07,Metropolitan Police Service,Metropolitan Police Service,-0.106966,51.446356,On or near Brockwell Park Gardens,E01003169,Lambeth 025D,Burglary,Investigation complete; no suspect identified
0501aa06457681cc1105e4831d69b576f6c10d9f67ac7245ebc8fe42b78366ee,2024-07,Metropolitan Police Service,Metropolitan Police Service,-0.106966,51.446356,On or near Brockwell Park Gardens,E01003169,Lambeth 025D,Burglary,Investigation complete; no suspect identified
572d0689b58124a98b6350c49ee852efa6f5ff58fc9686faf858a66616f1e0ae,2024-07,Metropolitan Police Service,Metropolitan Police Service,-0.0996,51.448035,On or near Hawarden Grove,E01003170,Lambeth 025E,Burglary,Investigation complete; no suspect identified
18bfded9a0a61cc66bb2c4a4c3a43e8f20cfa195d3a883f133094de587ab3ed4,2024-07,Metropolitan Police Service,Metropolitan Police Service,-0.094487,51.443303,On or near Croxted Road,E01003170,Lambeth 025E,Burglary,Investigation complete; no suspect identified
18f1a3ba4144e5de9c436b811dfbc9973c6d54fb180d7a5ed8f7430af4508340,2024-07,Metropolitan Police Service,Metropolitan Police Service,-0.130762,51.440892,On or near Bellasis Avenue,E01003131,Lambeth 026B,Burglary,Unable to prosecute suspect
2e7d9108b25da3ffe340f46c13c8c413cca4a74204f64c6d66d565666a33ec27,2024-07,Metropolitan Police Service,Metropolitan Police Service,-0.126499,51.439583,On or near Ardwell Road,E01003131,Lambeth 026B,Burglary,Investigation complete; no suspect identified
69a8071e598d7c2461c3aac0fa4d3290587de37893f11f9f7f196e7fb2eb082f,2024-07,Metropolitan Police Service,Metropolitan Police Service,-0.126499,51.439583,On or near Ardwell Road,E01003131,Lambeth 026B,Burglary,Investigation complete; no suspect identified
0269ee563e4fb0c5c9fc87f597667b90fa4da8ed74d610a7c801c38ee7ae6be1,2024-07,Metropolitan Police Service,Metropolitan Police Service,-0.12385,51.438201,On or near Amesbury Avenue,E01003135,Lambeth 026C,Burglary,Investigation complete; no suspect identified
120834aba79868e4f20baf3580d4b9b8530a6548be0ff67d11ec3c186d10827b,2024-07,Metropolitan Police Service,Metropolitan Police Service,-0.107435,51.434673,On or near Lansdowne Wood Close,E01003079,Lambeth 027A,Burglary,Investigation complete; no suspect identified
62cef6029db3711c2d638475421615c618927bfbba96ad5b978ff6010af721b4,2024-07,Metropolitan Police Service,Metropolitan Police Service,-0.10445,51.434831,On or near Parking Area,E01003079,Lambeth 027A,Burglary,Investigation complete; no suspect identified
cecd0a4328417da34e0d9608356072e37e04667c1dec362ab5e07a78c6cc59a1,2024-07,Metropolitan Police Service,Metropolitan Police Service,-0.106968,51.440043,On or near Supermarket,E01003133,Lambeth 027C,Burglary,Investigation complete; no suspect identified
6ea2b0d4df908a94673f83c22a4047fa44854a9e580a138a2cee69e83f33f9f1,2024-07,Metropolitan Police Service,Metropolitan Police Service,-0.103755,51.435989,On or near Dalton Street,E01003166,Lambeth 028D,Burglary,Investigation complete; no suspect identified
b9eeea46a411d89be36a1f213cf5a0df179a7f1b23e294f5407519b7d489de11,2024-07,Metropolitan Police Service,Metropolitan Police Service,-0.103374,51.438942,On or near Elmcourt Road,E01003166,Lambeth 028D,Burglary,Investigation complete; no suspect identified
fca1f5947d27c1188c126d93ce10de57137f9f924afe8f226362b2bf23bf7b6b,2024-07,Metropolitan Police Service,Metropolitan Police Service,-0.095488,51.437582,On or near Charles Nex Mews,E01003167,Lambeth 028E,Burglary,Investigation complete; no suspect identified
55b80b7f73400b03c357fc6724e6789fba33fd8c60c6b2212633b3d554428f28,2024-07,Metropolitan Police Service,Metropolitan Police Service,-0.095488,51.437582,On or near Charles Nex Mews,E01003167,Lambeth 028E,Burglary,Investigation complete; no suspect identified
f35b7a8fe88f0a33b5fd529b65609884ec90308b527c003890bd602db9c2bc45,2024-07,Metropolitan Police Service,Metropolitan Police Service,-0.095941,51.436024,On or near Chancellor Grove,E01003167,Lambeth 028E,Burglary,Investigation complete; no suspect identified
ef58144ddf10376e33733fdd89bd16a61773cd2c7c2219c5d47f17a2b50ff38e,2024-07,Metropolitan Police Service,Metropolitan Police Service,-0.135083,51.433021,On or near Wellington Mews,E01003118,Lambeth 029C,Burglary,Investigation complete; no suspect identified
300062232e46062a612b3097fe0fcc73bb9e791c303ed7c93d5ae9b269bd8fb5,2024-07,Metropolitan Police Service,Metropolitan Police Service,-0.135084,51.432292,On or near Tarrington Close,E01003118,Lambeth 029C,Burglary,Investigation complete; no suspect identified
35f018c32bef0a67c368f1d673be5ca04162ff15b553edae1e0888d41ca35830,2024-07,Metropolitan Police Service,Metropolitan Police Service,-0.126907,51.433826,On or near Woodleigh Gardens,E01003153,Lambeth 029D,Burglary,Unable to prosecute suspect
8fb6245943bd840e3231322c7e40dc681eb45e9d60fac6093b4ada8c0ef64534,2024-07,Metropolitan Police Service,Metropolitan Police Service,-0.124787,51.429727,On or near Sunnyhill Road,E01003155,Lambeth 029E,Burglary,Investigation complete; no suspect identified
7107226d4547a3e78a51aa0acffc8ef93eb260d5e1366a9c7d8faf98e45bf9dd,2024-07,Metropolitan Police Service,Metropolitan Police Service,-0.128059,51.431326,On or near Pinfold Road,E01003155,Lambeth 029E,Burglary,Status update unavailable
996f7fed4d9872b00f65648a745083687553a8a3e6aad59b72907b0b3ae049a8,2024-07,Metropolitan Police Service,Metropolitan Police Service,-0.12095,51.424387,On or near Hill House Road,E01003149,Lambeth 030D,Burglary,Investigation complete; no suspect identified
c824c8ed5cd5efcaf9b2657e9a0da96e4b29f0d3bd01f898bc486568e438e17e,2024-07,Metropolitan Police Service,Metropolitan Police Service,-0.091188,51.427854,On or near Rommany Road,E01003068,Lambeth 031B,Burglary,Awaiting court outcome
7735fad0cb9d6fb71eedb46c137312cc55ce3b639ff0e0f7a336657ead5506a2,2024-07,Metropolitan Police Service,Metropolitan Police Service,-0.100653,51.426488,On or near Basil Gardens,E01003086,Lambeth 031D,Burglary,Unable to prosecute suspect
40e4afb5b0b2692497752f2c14fc2cb6e3221a14a575306090eca97e2a4a91a0,2024-07,Metropolitan Police Service,Metropolitan Police Service,-0.106918,51.423864,On or near Lindway,E01003087,Lambeth 031E,Burglary,Unable to prosecute suspect
464ac8f622382d5b28bb715cf6f002dbdc674bf0cca5fa46ebc1a24c0e89dc13,2024-07,Metropolitan Police Service,Metropolitan Police Service,-0.113714,51.423344,On or near Crown Lane,E01003087,Lambeth 031E,Burglary,Unable to prosecute suspect
aba27900555a86a2805e9a43b4c7b20aa414f71c35deb7dfd7548cc10b9524b1,2024-07,Metropolitan Police Service,Metropolitan Police Service,-0.105864,51.422921,On or near Edge Point Close,E01003087,Lambeth 031E,Burglary,Investigation complete; no suspect identified
862edf6cd488d612caf29fd8f539fafe54cf2e8f65180688d899e82374a4576e,2024-07,Metropolitan Police Service,Metropolitan Police Service,-0.137612,51.424608,On or near Conyer'S Road,E01003113,Lambeth 032A,Burglary,Investigation complete; no suspect identified
420d5cd6f0e09ec0f8a79f97a9334104e1383d5ea33cbcb521d60d24531f9c7f,2024-07,Metropolitan Police Service,Metropolitan Police Service,-0.137633,51.421973,On or near Brunswick Mews,E01003114,Lambeth 032B,Burglary,Investigation complete; no suspect identified
1dc6e699d6d6747f7e0ba1260c131a086047abab6eb3583804b696507f31afa7,2024-07,Metropolitan Police Service,Metropolitan Police Service,-0.134586,51.423319,On or near Hambro Road,E01003114,Lambeth 032B,Burglary,Investigation complete; no suspect identified
433b152bf67fe9f87a629786f8c506faa117f3e48236eea96ba1583c8b2dd50f,2024-07,Metropolitan Police Service,Metropolitan Police Service,-0.132551,51.423124,On or near Natal Road,E01003114,Lambeth 032B,Burglary,Status update unavailable
36936625e520371945d232a7a34b9f7891cfea465d8462cf714a3c84ea0bac25,2024-07,Metropolitan Police Service,Metropolitan Police Service,-0.131711,51.427859,On or near William Dyce Mews,E01003119,Lambeth 032C,Burglary,Status update unavailable
bc367636ff9fba04471318a42a559fa2160e9ce72cfe5eb00bbeb394cc5b9ca2,2024-07,Metropolitan Police Service,Metropolitan Police Service,-0.130887,51.429735,On or near Further/Higher Educational Building,E01003120,Lambeth 032D,Burglary,Investigation complete; no suspect identified
c01b55d92088284ccba88ae80d083b1728632a578d10dd1eb65eda05cd39a7da,2024-07,Metropolitan Police Service,Metropolitan Police Service,-0.130304,51.427081,On or near Empire Mews,E01003120,Lambeth 032D,Burglary,Unable to prosecute suspect
8b3221ae001d987a7bdf9f343ea61b81281ba614b82f214c66ac3a886c4af927,2024-07,Metropolitan Police Service,Metropolitan Police Service,-0.130304,51.427081,On or near Empire Mews,E01003120,Lambeth 032D,Burglary,Investigation complete; no suspect identified
8e78642a89d7a77ebc5b55284670147a31a8886a00881b1cf29a65a5ba15ce56,2024-07,Metropolitan Police Service,Metropolitan Police Service,-0.125732,51.428438,On or near Gleneldon Road,E01003120,Lambeth 032D,Burglary,Investigation complete; no suspect identified
239b7d69327019930d77ea3e63081d685363d93659c7e96f92c65fa458235997,2024-07,Metropolitan Police Service,Metropolitan Police Service,-0.130506,51.428487,On or near Gleneldon Mews,E01003120,Lambeth 032D,Burglary,Unable to prosecute suspect
bba6d7cbd2faedd3176dbe4bfdf05db30d933dbc94665ade0a63c61de671b9d9,2024-07,Metropolitan Police Service,Metropolitan Police Service,-0.122861,51.425829,On or near Beechcroft Close,E01003150,Lambeth 032F,Burglary,Unable to prosecute suspect
aee7a968cf6c416176c3f0af22936d566d3d0c8c89c38b7a87a160621237c1c5,2024-07,Metropolitan Police Service,Metropolitan Police Service,-0.126986,51.424861,On or near Polworth Road,E01003150,Lambeth 032F,Burglary,Investigation complete; no suspect identified
af5320e8783c490109c6c92df6e2204fa42f32f720de93465565de197f43c088,2024-07,Metropolitan Police Service,Metropolitan Police Service,-0.082163,51.421807,On or near Woodland Hill,E01003062,Lambeth 033A,Burglary,Unable to prosecute suspect
08c08c008c10a20e3fb566e6a50ead59a65ef90365148e29f46401dc6c82701d,2024-07,Metropolitan Police Service,Metropolitan Police Service,-0.080755,51.419698,On or near Westow Hill,E01003062,Lambeth 033A,Burglary,Investigation complete; no suspect identified
c9d78cec3b236c9d248c663f65a02c867c38fa3f52c838c336efc02803fefb73,2024-07,Metropolitan Police Service,Metropolitan Police Service,-0.082401,51.420237,On or near Cooper'S Yard,E01003062,Lambeth 033A,Burglary,Investigation complete; no suspect identified
bc4a1170fef3a4d5cae77bd31fd38123b3b7664a2e561a03492affd5f859f45b,2024-07,Metropolitan Police Service,Metropolitan Police Service,-0.087127,51.423498,On or near Alexandra Drive,E01003070,Lambeth 033E,Burglary,Unable to prosecute suspect
4714c8c0337718cfe10d95b3bf5db7d74d0cdab8a21196c6a4c77ef941dd02bf,2024-07,Metropolitan Police Service,Metropolitan Police Service,-0.134023,51.419848,On or near Rotherhill Avenue,E01003115,Lambeth 034A,Burglary,Awaiting court outcome
af9e421c78c8caea0aa8dcca2d85063e9eb8c90299d8afce6d8f89c791997004,2024-07,Metropolitan Police Service,Metropolitan Police Service,-0.125527,51.415521,On or near Rochester Close,E01003141,Lambeth 034B,Burglary,Investigation complete; no suspect identified
3ebd9c9934683b4701fda89588676d43cfa86169b7804726dc8dc1631a033685,2024-07,Metropolitan Police Service,Metropolitan Police Service,-0.124477,51.413409,On or near London Road,E01003141,Lambeth 034B,Burglary,Investigation complete; no suspect identified
0356e87f6ba2fc941aba1a221407b7eb4fcb396e9c50da26425ae07d0a1b7d01,2024-07,Metropolitan Police Service,Metropolitan Police Service,-0.128997,51.417519,On or near Prescott Close,E01003145,Lambeth 034D,Burglary,Investigation complete; no suspect identified
006b01ab1e9b19149b9d22e8e11256c38374d7c9c4bafc69a877c5b9d6eba96f,2024-07,Metropolitan Police Service,Metropolitan Police Service,-0.131463,51.415248,On or near Rama Close,E01003147,Lambeth 034E,Burglary,Investigation complete; no suspect identified
b663a197b18f0f4f68e383bdfda3d4855d161333a92a0dd5a570c4b5814f9695,2024-07,Metropolitan Police Service,Metropolitan Police Service,-0.132067,51.413144,On or near Runnymede Crescent,E01003140,Lambeth 035B,Burglary,Investigation complete; no suspect identified
e156c475dd3d6a81e47681546e5d04fa2663bd176a824fd6fd909101061acd68,2024-07,Metropolitan Police Service,Metropolitan Police Service,-0.138477,51.41357,On or near Churchmore Road,E01003142,Lambeth 035C,Burglary,Investigation complete; no suspect identified
edc32abd6064b248b0368d0dde6de2331c844fdb87a408dfcd410bed9f492c0f,2024-07,Metropolitan Police Service,Metropolitan Police Service,-0.138477,51.41357,On or near Churchmore Road,E01003142,Lambeth 035C,Burglary,Investigation complete; no suspect identified
b4d2ee91d7649639b738e4adf27659df9201a96fc55a45cb8ff63a3571a5b7b9,2024-07,Metropolitan Police Service,Metropolitan Police Service,-0.14402,51.414494,On or near Larbert Road,E01003143,Lambeth 035D,Burglary,Status update unavailable
e3a0401bb6a57200eb196e4f16e8a2a04bcf022d3396f5e2cc65efea7a9fa335,2024-07,Metropolitan Police Service,Metropolitan Police Service,-0.137746,51.418468,On or near Carnforth Road,E01003146,Lambeth 035E,Burglary,Investigation complete; no suspect identified
ce983bde913f35f5f0f432bfd8e1dacd98512e6f84a000b8b8346e08d9f1f9c1,2024-07,Metropolitan Police Service,Metropolitan Police Service,-0.139111,51.416736,On or near Donnybrook Road,E01003146,Lambeth 035E,Burglary,Investigation complete; no suspect identified
0b03c3ddbac1a43a7164cefa6effb2e5999b108b5db6ba31f7205289f061f126,2024-07,Metropolitan Police Service,Metropolitan Police Service,-0.113202,51.498595,On or near Newnham Terrace,E01003013,Lambeth 036A,Burglary,Investigation complete; no suspect identified
237129df0149bebab308b3bda0745cd0c0fe8053f5a477e68cdb9d2a71b2637a,2024-07,Metropolitan Police Service,Metropolitan Police Service,-0.11841,51.499488,On or near Hospital,E01003013,Lambeth 036A,Burglary,Investigation complete; no suspect identified
4a90ec7d42112706a3bc08f5b7ecaf00b09f7ae0cf23e4438da0cf097d1a1894,2024-07,Metropolitan Police Service,Metropolitan Police Service,-0.121114,51.495035,On or near Ferry Terminal,E01003013,Lambeth 036A,Burglary,Investigation complete; no suspect identified
a83af91a379d278ea91c3c0b37831681a3937443f12764db550f98d70b7b6f1a,2024-07,Metropolitan Police Service,Metropolitan Police Service,-0.11841,51.499488,On or near Hospital,E01003013,Lambeth 036A,Burglary,Investigation complete; no suspect identified
d43e4f8d7537c93cadf1297893a0b9c39d42ae1f83e40097596355572df62f32,2024-07,Metropolitan Police Service,Metropolitan Police Service,-0.117649,51.499071,On or near Hospital,E01003013,Lambeth 036A,Burglary,Investigation complete; no suspect identified
013502fb5fc3c268e70c49af546fd0f9d4b9150311ddb972d200565065585a03,2024-07,Metropolitan Police Service,Metropolitan Police Service,-0.111573,51.49758,On or near Police Station,E01003014,Lambeth 036B,Burglary,Unable to prosecute suspect
d9713d4bdc2505cc0a3a93df6855cdfc085ed1f391f81a52e2fbccff964c4935,2024-07,Metropolitan Police Service,Metropolitan Police Service,-0.112777,51.497024,On or near Cosser Street,E01003014,Lambeth 036B,Burglary,Investigation complete; no suspect identified
fcd68e3e005c039b6e54bea544b56fd895884429b4a3013909023c650f28c28c,2024-07,Metropolitan Police Service,Metropolitan Police Service,-0.11258,51.49622,On or near Lambeth Road,E01003014,Lambeth 036B,Burglary,Unable to prosecute suspect
b2a39bb4257b52d5bdc77bfd811c4e2f45b5936ff629c89cdfac464bd31a6e06,2024-07,Metropolitan Police Service,Metropolitan Police Service,-0.108877,51.506673,On or near Duchy Street,E01003016,Lambeth 036C,Burglary,Unable to prosecute suspect
82d11cd7f4a666f5339ba90978b645735f1c1d39d92d6e80920930e37b62fb85,2024-07,Metropolitan Police Service,Metropolitan Police Service,-0.113625,51.507199,On or near Parking Area,E01003016,Lambeth 036C,Burglary,Investigation complete; no suspect identified
cfa7fa12579597f3ec46d8a455640048bfd31f59448aa7fd61f62c5c7f158ea6,2024-07,Metropolitan Police Service,Metropolitan Police Service,-0.113994,51.506998,On or near Theatre/Concert Hall,E01003016,Lambeth 036C,Burglary,Unable to prosecute suspect
b7df7bccf8f6ae76dcf905bf60c51701b48f3f6cd0493b7a8c2d12782185fe63,2024-07,Metropolitan Police Service,Metropolitan Police Service,-0.113994,51.506998,On or near Theatre/Concert Hall,E01003016,Lambeth 036C,Burglary,Status update unavailable
d55902ec83159e2838c82d660b08e5b079589bf27830d463f094b613964539b0,2024-07,Metropolitan Police Service,Metropolitan Police Service,-0.108388,51.503167,On or near Cons Street,E01003017,Lambeth 036D,Burglary,Investigation complete; no suspect identified
6f35ac467fbbea974a72b6fd9a7b8952c696a57124957d4d2a36231f038165f4,2024-07,Metropolitan Police Service,Metropolitan Police Service,-0.117434,51.504643,On or near Parking Area,E01032582,Lambeth 036E,Burglary,Unable to prosecute suspect
c3efe10d168f323a9ea91454d998490c50d4b502dc049eda0724648d6eec8f1b,2024-07,Metropolitan Police Service,Metropolitan Police Service,-0.113602,51.500077,On or near Supermarket,E01032582,Lambeth 036E,Burglary,Unable to prosecute suspect
48e1f0f631fb149fd4638c374465bd20f44a95aedfa549368acbd5d2d33b3151,2024-07,Metropolitan Police Service,Metropolitan Police Service,-0.112543,51.50095,On or near Lower Marsh,E01032582,Lambeth 036E,Burglary,Investigation complete; no suspect identified
450ce384acc658c0ac3ad502fb4667132422197770a760b0f27fe4ff653ee750,2024-07,Metropolitan Police Service,Metropolitan Police Service,-0.108884,51.502339,On or near Theatre/Concert Hall,E01032582,Lambeth 036E,Burglary,Investigation complete; no suspect identified
5a83d6bf1c0c60b2cb24730c67153de1a1d060886046daa122b8c1a37c77892e,2024-07,Metropolitan Police Service,Metropolitan Police Service,-0.112543,51.50095,On or near Lower Marsh,E01032582,Lambeth 036E,Burglary,Investigation complete; no suspect identified
981e7f3b2ee527d067569e6dbd720429d89add817e2d240880ba462536b6ffa6,2024-07,Metropolitan Police Service,Metropolitan Police Service,-0.049498,51.489019,On or near Alpine Road,E01003245,Lewisham 001B,Burglary,Unable to prosecute suspect
8d4a2bd057b0d0ed83b46664d646042a1f9c1c67c8cb06087881298de258ac26,2024-07,Metropolitan Police Service,Metropolitan Police Service,-0.042396,51.490025,On or near Evelyn Street,E01003247,Lewisham 001C,Burglary,Investigation complete; no suspect identified
d7b068e5613a442b4820cbbb004833bc1167b36f76f84cf3d4884d3678824120,2024-07,Metropolitan Police Service,Metropolitan Police Service,-0.042045,51.488139,On or near Crooke Road,E01003247,Lewisham 001C,Burglary,Investigation complete; no suspect identified
7957f035d5274448d2eceb6f676d91553ea544c7e6c9de3dc5ce943ecfd3b7c2,2024-07,Metropolitan Police Service,Metropolitan Police Service,-0.038344,51.490793,On or near Naomi Street,E01034387,Lewisham 001F,Burglary,Investigation complete; no suspect identified
cf28d600b4763c6f454e4e0964ff123921562aa0f4e62d7723bc462c93aa3c19,2024-07,Metropolitan Police Service,Metropolitan Police Service,-0.03966,51.491688,On or near Yeoman Street,E01034389,Lewisham 001H,Burglary,Investigation complete; no suspect identified
8506f414c7cabbfb564038d2f6bc574b364aa8fef43f02abeaf4fa87c7dd2e62,2024-07,Metropolitan Police Service,Metropolitan Police Service,-0.03966,51.491688,On or near Yeoman Street,E01034389,Lewisham 001H,Burglary,Investigation complete; no suspect identified
72ce780ccfe9b8a95592aecdb58777229b353d2c4c3ead957655f98c80c7c030,2024-07,Metropolitan Police Service,Metropolitan Police Service,-0.035292,51.485059,On or near Alverton Street,E01003246,Lewisham 002A,Burglary,Awaiting court outcome
ecbc5aa4849ea144ae95cb56c4dceb56d3c7fe7ed8d8ac8bda200b82ad1cb38b,2024-07,Metropolitan Police Service,Metropolitan Police Service,-0.036421,51.482929,On or near Rolt Street,E01003246,Lewisham 002A,Burglary,Investigation complete; no suspect identified
a2f92e823aec0e7f84e0fecc70aba20ae2e0d3d13fe60119bf4685e35d4b7f04,2024-07,Metropolitan Police Service,Metropolitan Police Service,-0.035593,51.48778,On or near Henry Street,E01003248,Lewisham 002B,Burglary,Investigation complete; no suspect identified
1732054cf6178c6cf08a06617d65fa1190b389edfccf3a8e23719300cc8e0cad,2024-07,Metropolitan Police Service,Metropolitan Police Service,-0.03139,51.485695,On or near Barnes Terrace,E01003248,Lewisham 002B,Burglary,Investigation complete; no suspect identified
bc2c1e3fffcde022a3fa33bc13360e43e7ef872a45e98ad4ce82a46687d15846,2024-07,Metropolitan Police Service,Metropolitan Police Service,-0.025618,51.480607,On or near Albury Street,E01003253,Lewisham 002E,Burglary,Status update unavailable
fa9b4b745b59f50d93d31303a72aa48fd7a703cc59c305d0027c67fc7976cb20,2024-07,Metropolitan Police Service,Metropolitan Police Service,-0.026573,51.479499,On or near Ffinch Street,E01003253,Lewisham 002E,Burglary,Unable to prosecute suspect
2867bcb33af6ccf705583ca2b8f8bd15637089372ee945f1df6139c4f213dfe9,2024-07,Metropolitan Police Service,Metropolitan Police Service,-0.027046,51.481233,On or near Grinling Place,E01003253,Lewisham 002E,Burglary,Investigation complete; no suspect identified
eaab2af3091fcaf7bbda7d01d3b91a84cf7fe050c12fe1696fa8cfe0d257c4c2,2024-07,Metropolitan Police Service,Metropolitan Police Service,-0.025603,51.480957,On or near Lamerton Street,E01003253,Lewisham 002E,Burglary,Investigation complete; no suspect identified
72389c4f48d379863afa64ebde850db8797b168a7252496d532610cc9cd032f0,2024-07,Metropolitan Police Service,Metropolitan Police Service,-0.047494,51.482988,On or near Myers Lane,E01003297,Lewisham 003A,Burglary,Investigation complete; no suspect identified
0cf4f12403a4c3e0854ccb48ae7a2634facca7a1d0c7d44c3e21160c72cf732e,2024-07,Metropolitan Police Service,Metropolitan Police Service,-0.047238,51.476832,On or near Casella Road,E01003299,Lewisham 003B,Burglary,Investigation complete; no suspect identified
700a1c218bc66e5c822e3e474c8c63caa5a2c25a938de2a6ac68b6c424239565,2024-07,Metropolitan Police Service,Metropolitan Police Service,-0.047238,51.476832,On or near Casella Road,E01003299,Lewisham 003B,Burglary,Investigation complete; no suspect identified
c70aba265b5f5f65720fb73140d84a69353e3f2faa2d0eada6c93f60621df2ad,2024-07,Metropolitan Police Service,Metropolitan Police Service,-0.043338,51.475104,On or near Nettleton Road,E01003299,Lewisham 003B,Burglary,Investigation complete; no suspect identified
403b001d23c7125e980a74abb1f847786efa321be52fd5d99a9ea728738a6b5b,2024-07,Metropolitan Police Service,Metropolitan Police Service,-0.05394,51.479075,On or near Wagner Street,E01003302,Lewisham 003D,Burglary,Investigation complete; no suspect identified
d3c2d9bf4f2b76f8f4ebb46723fa04bd87e6dba76a6642cb6ffdb741946ec40e,2024-07,Metropolitan Police Service,Metropolitan Police Service,-0.023743,51.474343,On or near Parking Area,E01003207,Lewisham 005A,Burglary,Investigation complete; no suspect identified
a7eb933d05d4c4488937ae30d6ac8624bfc9a96513e112d61d19d156a9db9c27,2024-07,Metropolitan Police Service,Metropolitan Police Service,-0.026994,51.474425,On or near Pearsons Avenue,E01003207,Lewisham 005A,Burglary,Investigation complete; no suspect identified
c838dde83493a885be7681d87690e00f50e3de1f7a42e4a350838f11c8f32a9b,2024-07,Metropolitan Police Service,Metropolitan Police Service,-0.023161,51.474477,On or near Deptford Bridge,E01003207,Lewisham 005A,Burglary,Unable to prosecute suspect
d3aefeebb2342f5124201b57d5fd0e169014dd7d4ec13ecd42b6848b42976d99,2024-07,Metropolitan Police Service,Metropolitan Police Service,-0.035751,51.472378,On or near St Donatt'S Road,E01003209,Lewisham 005B,Burglary,Investigation complete; no suspect identified
a22f2ae5ff6aa4bf343479bd4fad08ca3aa0d135c264a585fce80d21a78276eb,2024-07,Metropolitan Police Service,Metropolitan Police Service,-0.035751,51.472378,On or near St Donatt'S Road,E01003209,Lewisham 005B,Burglary,Investigation complete; no suspect identified
1a576b784e5ba3be3aede1a578228659149d1086199de877d737a5b57b53de87,2024-07,Metropolitan Police Service,Metropolitan Police Service,-0.029476,51.4723,On or near Francis Harvey Way,E01003210,Lewisham 005C,Burglary,Unable to prosecute suspect
290faf0dfd088518a6843c599c8d73aa06e99ff6f715d1654bbbbb748baf5476,2024-07,Metropolitan Police Service,Metropolitan Police Service,-0.029913,51.471183,On or near Tanner'S Hill,E01003210,Lewisham 005C,Burglary,Status update unavailable
fe3eb13cf204d993cb049f6110d690dc70dd49ea09f03ed9f232fe7422516bda,2024-07,Metropolitan Police Service,Metropolitan Police Service,-0.03452,51.468176,On or near Nursery Close,E01003212,Lewisham 005D,Burglary,Unable to prosecute suspect
7ad42c109f35b7d3fb2bdf714af7e49755968f48ee91858218a33ea069900274,2024-07,Metropolitan Police Service,Metropolitan Police Service,-0.035742,51.469905,On or near Shardeloes Road,E01003212,Lewisham 005D,Burglary,Investigation complete; no suspect identified
fbbc0ffb5c9b520b704fd6709eaa215f3edf77112633f2a593e79b3d4e16ad11,2024-07,Metropolitan Police Service,Metropolitan Police Service,-0.034952,51.46651,On or near Jeavons Mews,E01003212,Lewisham 005D,Burglary,Investigation complete; no suspect identified
bb146a63120694694fc9071b65b603ec1041b62f1b45b9569b4d69512363f5cf,2024-07,Metropolitan Police Service,Metropolitan Police Service,-0.032096,51.475662,On or near New Cross,E01003215,Lewisham 005E,Burglary,Unable to prosecute suspect
cfe8427c7e8e5a44cb235b1d639af7dbbcaae0dd26019e75315cc75903f572a0,2024-07,Metropolitan Police Service,Metropolitan Police Service,-0.030841,51.475704,On or near Mornington Road,E01003215,Lewisham 005E,Burglary,Investigation complete; no suspect identified
2d71bc2fd149a1c09c1750392738bd8cf6786a82bad90da4b465cd0bf78f9da6,2024-07,Metropolitan Police Service,Metropolitan Police Service,-0.034082,51.475021,On or near Parkfield Road,E01003215,Lewisham 005E,Burglary,Court result unavailable
4524d14852ecc374e6785ecbe4b43371c66ae3e88df97ba637bb93efea0bb6d0,2024-07,Metropolitan Police Service,Metropolitan Police Service,-0.030751,51.474785,On or near Alpha Road,E01003215,Lewisham 005E,Burglary,Investigation complete; no suspect identified
d3e95fa394d3f75d9c4b6644cf0473dfa9306e504e36b18cf0669f4aa7f57dd2,2024-07,Metropolitan Police Service,Metropolitan Police Service,-0.033487,51.474121,On or near Mulberry Mews,E01003215,Lewisham 005E,Burglary,Investigation complete; no suspect identified
b49eec52aab367fb788bebbb27af62897a9cb601001fea68b5540590e5ecc43f,2024-07,Metropolitan Police Service,Metropolitan Police Service,-0.037011,51.474872,On or near Laurie Grove,E01003215,Lewisham 005E,Burglary,Investigation complete; no suspect identified
9c360db8f3b6ad45d881bebae8bc306c3ca3399a072c0743403b2a0c8f595c01,2024-07,Metropolitan Police Service,Metropolitan Police Service,-0.030751,51.474785,On or near Alpha Road,E01003215,Lewisham 005E,Burglary,Investigation complete; no suspect identified
23eddbcaf1c407f3eaff5698d21366cfd113d1b15b95f37c1ed5dabfd20a87ee,2024-07,Metropolitan Police Service,Metropolitan Police Service,-0.030841,51.475704,On or near Mornington Road,E01003215,Lewisham 005E,Burglary,Investigation complete; no suspect identified
0bcf42c3d6fb733656380aea872e9bfa69d2ff962261d05f671eaebc7521b3ba,2024-07,Metropolitan Police Service,Metropolitan Police Service,-0.047767,51.475249,On or near Fishers Court,E01003338,Lewisham 006A,Burglary,Investigation complete; no suspect identified
dbd8af2f53df4b603f25ab2f50d72bf5e8cd4cd2859cfe6fa901da945c925ce7,2024-07,Metropolitan Police Service,Metropolitan Police Service,-0.051223,51.475568,On or near Kender Street,E01003338,Lewisham 006A,Burglary,Investigation complete; no suspect identified
e75372a0abe91fd203e2e22efe2240fe75945b38c1c6ac3de8f5a01c3d883e9b,2024-07,Metropolitan Police Service,Metropolitan Police Service,-0.048322,51.470663,On or near Waller Road,E01003341,Lewisham 006D,Burglary,Investigation complete; no suspect identified
e5ec74f7623d97d80da92463e79e84217a441c82e5632f5c13138ecce63ea8cc,2024-07,Metropolitan Police Service,Metropolitan Police Service,0.000535,51.463464,On or near Forbury Road,E01003199,Lewisham 007A,Burglary,Investigation complete; no suspect identified
6c64334b985762565e809737d5ff6b390dba49345c4e4ec2c44decbbd6ec1045,2024-07,Metropolitan Police Service,Metropolitan Police Service,-0.013004,51.47195,On or near Hillside Avenue,E01003204,Lewisham 007C,Burglary,Investigation complete; no suspect identified
9bd68fe8f6b5c32fc42823e76c5fd3b4bbc17f1301564448ddf10bef3692cd73,2024-07,Metropolitan Police Service,Metropolitan Police Service,-0.014237,51.471728,On or near Copperwood Place,E01003205,Lewisham 007D,Burglary,Investigation complete; no suspect identified
b024857dd5ca80f45a26882e2de57ceac5fae5b436705b92c690136826844900,2024-07,Metropolitan Police Service,Metropolitan Police Service,-0.013901,51.471191,On or near Parkside Avenue,E01003205,Lewisham 007D,Burglary,Investigation complete; no suspect identified
9ddf47a0ff2a9f8bc8623f22f52ea168e81d3396a395c8d91f36c8286b42f2c0,2024-07,Metropolitan Police Service,Metropolitan Police Service,-0.006161,51.467409,On or near Oakcroft Road,E01003206,Lewisham 007E,Burglary,Investigation complete; no suspect identified
47785dfc0dec430f79878a273bd375300f2d29ca07d3aff62c0f4c437335209b,2024-07,Metropolitan Police Service,Metropolitan Police Service,-0.023037,51.46836,On or near Whidborne Close,E01003211,Lewisham 008B,Burglary,Investigation complete; no suspect identified
9c9dabe244d90aa0bcfbfcc02ce2087a755328a4fc0edb4246c169f28ae6113e,2024-07,Metropolitan Police Service,Metropolitan Police Service,-0.028964,51.464467,On or near Breakspears Road,E01003213,Lewisham 008C,Burglary,Investigation complete; no suspect identified
13c7542702eb7f15cf0010fef5c518d4d4b4eeb956bd8c560b91c5d4cfce73e4,2024-07,Metropolitan Police Service,Metropolitan Police Service,-0.026355,51.463533,On or near Tressillian Crescent,E01003213,Lewisham 008C,Burglary,Unable to prosecute suspect
24765d7464bfa7545068e77607be9c4b9abce6c611f370bd3967528d1cf01803,2024-07,Metropolitan Police Service,Metropolitan Police Service,-0.02855,51.467716,On or near Breakspears Mews,E01003213,Lewisham 008C,Burglary,Investigation complete; no suspect identified
08bfa024c6f8bb6e37af64530d0d9deab468c5d59a7e4852cdb1726cfa39a8fa,2024-07,Metropolitan Police Service,Metropolitan Police Service,-0.037096,51.46419,On or near Coulgate Street,E01003214,Lewisham 008D,Burglary,Unable to prosecute suspect
fcccf3e42060cc577fa3af1ea481de3d2fd8c3cdc0735f81136d85f31afedbc9,2024-07,Metropolitan Police Service,Metropolitan Police Service,-0.025231,51.469566,On or near Ashmead Road,E01033324,Lewisham 008E,Burglary,Investigation complete; no suspect identified
5e0ddc70563b295f608a1479150e3960bb5dd9e6474dca59ebfc018613220f4f,2024-07,Metropolitan Police Service,Metropolitan Police Service,-0.021591,51.473165,On or near Deal'S Gateway,E01033325,Lewisham 008F,Burglary,Investigation complete; no suspect identified
db95615faee6b1b2815f97a9262d77602a83752fb2ef9aa3f6f0219da36ec62c,2024-07,Metropolitan Police Service,Metropolitan Police Service,0.002988,51.463935,On or near The Glebe,E01003198,Lewisham 009A,Burglary,Investigation complete; no suspect identified
b8da8bf8b2bba60e78870bd54c250862761ea13ef9454ed5eb0742078dca0089,2024-07,Metropolitan Police Service,Metropolitan Police Service,0.002443,51.46791,On or near Eliot Place,E01003200,Lewisham 009B,Burglary,Investigation complete; no suspect identified
18edd315f5add82e4c24c5f69629d87f2e12110c5e24e6e312f434ba6eea85d6,2024-07,Metropolitan Police Service,Metropolitan Police Service,0.007154,51.459781,On or near Foxwood Road,E01003202,Lewisham 009C,Burglary,Investigation complete; no suspect identified
63b5a2f48c77843712d0ad4a7ed927a99a0de48af5747c59d4f3d089e80b8426,2024-07,Metropolitan Police Service,Metropolitan Police Service,-0.001805,51.459008,On or near Halley Gardens,E01003203,Lewisham 009D,Burglary,Investigation complete; no suspect identified
3d456243f337b76d14cab6b53f546120dd03570065e1af6889044e5cc0a6db96,2024-07,Metropolitan Police Service,Metropolitan Police Service,-0.041941,51.457617,On or near Turnham Road,E01003337,Lewisham 010B,Burglary,Investigation complete; no suspect identified
eb5d1fed49792367ca4fb377eed3db5c6e33762a4ae75063341f98fe76904472,2024-07,Metropolitan Police Service,Metropolitan Police Service,-0.019202,51.465148,On or near Claybank Grove,E01003278,Lewisham 011C,Burglary,Investigation complete; no suspect identified
734e1cfcf4e3f7c62f4113e8470b4fd679fc9d83df4ba505a421758fee2cbbab,2024-07,Metropolitan Police Service,Metropolitan Police Service,-3.4e-05,51.458033,On or near Rembrandt Road,E01003282,Lewisham 013A,Burglary,Investigation complete; no suspect identified
ecbe6018e7379b99cb17821700fb77634b8679ac23c3ce3837d59855037bf362,2024-07,Metropolitan Police Service,Metropolitan Police Service,-0.032952,51.459444,On or near Roundel Close,E01003272,Lewisham 014A,Burglary,Investigation complete; no suspect identified
0b4b80809dfb5fbb5e4730c4e228ab47ec42f277a9e1d70c4c497ed5326886e9,2024-07,Metropolitan Police Service,Metropolitan Police Service,-0.020741,51.456532,On or near Ladywell Road,E01003274,Lewisham 014B,Burglary,Investigation complete; no suspect identified
b0b4bd843a6eeb2bc93e6fd09d7882ce56d3dfaba465558341e6f8af66805510,2024-07,Metropolitan Police Service,Metropolitan Police Service,-0.024652,51.453298,On or near Rushey Mead,E01003275,Lewisham 014C,Burglary,Investigation complete; no suspect identified
0995db7591f5b9a784a2c63eaa121084112108f0aee3535528ac14ea7aff1d5b,2024-07,Metropolitan Police Service,Metropolitan Police Service,-0.025821,51.457571,On or near Ladywell Close,E01003276,Lewisham 014D,Burglary,Investigation complete; no suspect identified
67568f7734151bd26d4b0a2550a900625736cc73f083c7ecae175630825f0d2c,2024-07,Metropolitan Police Service,Metropolitan Police Service,0.011792,51.453307,On or near Burnt Ash Road,E01003285,Lewisham 016C,Burglary,Awaiting court outcome
9c99cf8a03cfdbce2f8cde96d7265f035464a5a1999714f8a637a73e912d1959,2024-07,Metropolitan Police Service,Metropolitan Police Service,0.009044,51.451034,On or near Southbrook Road,E01003287,Lewisham 016D,Burglary,Investigation complete; no suspect identified
4355e497e369dbf6a3c173215e187f86d2e9939451250eb2b04003b85002f664,2024-07,Metropolitan Police Service,Metropolitan Police Service,-0.004275,51.45155,On or near Beacon Road,E01003292,Lewisham 017A,Burglary,Investigation complete; no suspect identified
1b41e0f625af300a6e69ec7ba090028c5e960ecc69b27d53912a038d2ea32f21,2024-07,Metropolitan Police Service,Metropolitan Police Service,-0.009529,51.453204,On or near Harvard Road,E01003292,Lewisham 017A,Burglary,Investigation complete; no suspect identified
d1d56b7c2aeeb0d3f8b2717cba3e67c1380601aaa6708c4dc780d07f36551098,2024-07,Metropolitan Police Service,Metropolitan Police Service,-0.008485,51.45172,On or near Radford Road,E01003293,Lewisham 017B,Burglary,Unable to prosecute suspect
71204173120c99c0cd482b63f98bc0e0dfa070cb1b5384b1c598bda4c1f7d23f,2024-07,Metropolitan Police Service,Metropolitan Police Service,-0.000495,51.446818,On or near Torridon Road,E01033320,Lewisham 017E,Burglary,Status update unavailable
594b975db696ea96f023e8463aaf50cb0c6044bc58bf94742dabb83ee6823f00,2024-07,Metropolitan Police Service,Metropolitan Police Service,-0.003136,51.450271,On or near Mallet Road,E01033322,Lewisham 017F,Burglary,Investigation complete; no suspect identified
b50c34e54aa034be23b36da6ffa0a53c21ca8a6bcdaa512bef317983ba08cc40,2024-07,Metropolitan Police Service,Metropolitan Police Service,-0.001254,51.448234,On or near Hither Green Lane,E01033322,Lewisham 017F,Burglary,Investigation complete; no suspect identified
8820d6ce1a7f86d88b5c6c20a7d293a0ffcfa44adba0ac4f3297e94184627a63,2024-07,Metropolitan Police Service,Metropolitan Police Service,-0.014714,51.443157,On or near Sangley Road,E01003319,Lewisham 018A,Burglary,Investigation complete; no suspect identified
817b39f26f17550a02f0f45529613f53c6a7cf4c437a62e83e38260c752bce0f,2024-07,Metropolitan Police Service,Metropolitan Police Service,-0.010594,51.443267,On or near Shorndean Street,E01003319,Lewisham 018A,Burglary,Unable to prosecute suspect
60855fce72cd9f4f303d01e01790f4da9708f2f6eb31ad2df42621457c3f0cc0,2024-07,Metropolitan Police Service,Metropolitan Police Service,-0.014714,51.443157,On or near Sangley Road,E01003319,Lewisham 018A,Burglary,Investigation complete; no suspect identified
3c126fce26b492b4b7bab637c4e9a24c195a170c3dc2d6b650b2f0d581b6de47,2024-07,Metropolitan Police Service,Metropolitan Police Service,-0.014722,51.444974,On or near Jutland Road,E01003319,Lewisham 018A,Burglary,Awaiting court outcome
83e6da9f7d8bc4eb78a9b0eb3b2ba6fd2be64e6ee19ad0527aa25fb43bb5df8d,2024-07,Metropolitan Police Service,Metropolitan Police Service,-0.010528,51.442142,On or near Supermarket,E01003320,Lewisham 018B,Burglary,Investigation complete; no suspect identified
4f6fe145df9d263174e23fad01fbefaa388d98b2a4728924cee4a729b66c1fb5,2024-07,Metropolitan Police Service,Metropolitan Police Service,-0.009139,51.450248,On or near Lara Close,E01003323,Lewisham 018C,Burglary,Investigation complete; no suspect identified
7f7670443e52fff33a424bf264ad6514beed017b2505b12b45424f0151819dec,2024-07,Metropolitan Police Service,Metropolitan Police Service,-0.01072,51.449627,On or near Farley Road,E01003323,Lewisham 018C,Burglary,Investigation complete; no suspect identified
8905f2fd55756c6d172a5a8f115dda92042028b7bdcc87bff18c7871c3cb81d2,2024-07,Metropolitan Police Service,Metropolitan Police Service,-0.015475,51.448835,On or near Rosenthal Road,E01003325,Lewisham 018D,Burglary,Investigation complete; no suspect identified
d4a13f5a6fbcb8e39a10a48f9afb6c28a15b189afd5daf3eac8b97ba7468e52b,2024-07,Metropolitan Police Service,Metropolitan Police Service,-0.039758,51.447077,On or near Duncombe Hill,E01003227,Lewisham 019B,Burglary,Investigation complete; no suspect identified
dd4af27bc79cf7ff112ac1a344cd1847068db3a73567704064c27e626d6ab511,2024-07,Metropolitan Police Service,Metropolitan Police Service,-0.039749,51.443246,On or near St German'S Road,E01003230,Lewisham 019E,Burglary,Unable to prosecute suspect
04e8862a8cd5e00e34424058b64f3ef7e14d8dbe39686ea7ecc2e298c6baf766,2024-07,Metropolitan Police Service,Metropolitan Police Service,-0.022018,51.446302,On or near Supermarket,E01003318,Lewisham 020B,Burglary,Investigation complete; no suspect identified
defa4e74c74b1d34471230cb72c4641d3135e575421f0ee46d7dd42f9a9223e2,2024-07,Metropolitan Police Service,Metropolitan Police Service,-0.020407,51.445295,On or near Theatre/Concert Hall,E01003318,Lewisham 020B,Burglary,Investigation complete; no suspect identified
bdc6c13a3fb1ddd762da7a48152cc0500e39ab5defb37fb508536468ee4a113f,2024-07,Metropolitan Police Service,Metropolitan Police Service,-0.018114,51.447063,On or near Shopping Area,E01003324,Lewisham 020E,Burglary,Awaiting court outcome
e0b277bd673127f9b3cc0973b3e5dfa1bd96b58d8aad4979d68d41bb06b46455,2024-07,Metropolitan Police Service,Metropolitan Police Service,-0.017931,51.448292,On or near Patrol Place,E01003324,Lewisham 020E,Burglary,Court result unavailable
b80463461651ce7b87793d88be7dccb28f2cc308c95de5dc6c64f696bd53e8d4,2024-07,Metropolitan Police Service,Metropolitan Police Service,-0.024079,51.447236,On or near Doggett Road,E01034390,Lewisham 020F,Burglary,Unable to prosecute suspect
1dc2e0017f2dcf6ac521e7ccdc073b14ec3d7a8fc0d87a189ccd18480068f0cf,2024-07,Metropolitan Police Service,Metropolitan Police Service,-0.055552,51.439813,On or near Supermarket,E01003255,Lewisham 021B,Burglary,Investigation complete; no suspect identified
45aa3e143b45818a02df8a0c5ecf662b6b7ceaf9c3e58d4f11e9aa0ab71a5c7e,2024-07,Metropolitan Police Service,Metropolitan Police Service,-0.063151,51.445901,On or near Wood Vale,E01003260,Lewisham 021C,Burglary,Investigation complete; no suspect identified
c905ac0f820bb32137f229c6770989d639382360eb3e5e89aebfbc3f1a3cb73b,2024-07,Metropolitan Police Service,Metropolitan Police Service,-0.001936,51.440853,On or near Torridon Road,E01003217,Lewisham 022A,Burglary,Investigation complete; no suspect identified
fdb932e4568c5bb73b932e57b3f1f8ec9d8b0d14f641baa72f9bd6b61748e0da,2024-07,Metropolitan Police Service,Metropolitan Police Service,-0.00201,51.442114,On or near Torridon Road,E01003224,Lewisham 022E,Burglary,Investigation complete; no suspect identified
7283498f299e089e74c9af84f32bf0f0574703e9eb18e88ad494f32281e653fa,2024-07,Metropolitan Police Service,Metropolitan Police Service,0.013066,51.443313,On or near Summerfield Street,E01003268,Lewisham 023B,Burglary,Investigation complete; no suspect identified
f6c8ffe5ba9671bd50eb866e4381ce28aaec530117cd83e2c35e2a3a5f7b1420,2024-07,Metropolitan Police Service,Metropolitan Police Service,0.016838,51.446296,On or near Horncastle Close,E01003268,Lewisham 023B,Burglary,Investigation complete; no suspect identified
8e8f5260c49b355d5238a0f7d69c6aeb541d1ff8a9416b853606e08ee7acf0b2,2024-07,Metropolitan Police Service,Metropolitan Police Service,-0.034668,51.440274,On or near Carholme Road,E01003308,Lewisham 024B,Burglary,Investigation complete; no suspect identified
93693678f44e1bfceef5440d8395356828b79dd04485202874bc06afd71e2424,2024-07,Metropolitan Police Service,Metropolitan Police Service,-0.048945,51.438165,On or near Church Rise,E01003315,Lewisham 024D,Burglary,Investigation complete; no suspect identified
8cb63938bd4bb5d86cbb2f9e41b78e01a974d0d56d1aa708d5466b2b1a02716e,2024-07,Metropolitan Police Service,Metropolitan Police Service,-0.050188,51.441756,On or near Rojack Road,E01003315,Lewisham 024D,Burglary,Investigation complete; no suspect identified
c7def5e778aaa23c5322e66a6293824b8c57fc99e283c6c53d1ba1aa22ae53d1,2024-07,Metropolitan Police Service,Metropolitan Police Service,-0.019195,51.443044,On or near Gordon Mews,E01003216,Lewisham 025A,Burglary,Unable to prosecute suspect
38c4a03438a6e1df9c1a7a952559f3bbaf8e72325bad84b64eeba983612bb987,2024-07,Metropolitan Police Service,Metropolitan Police Service,-0.015319,51.440164,On or near Penerley Road,E01003221,Lewisham 025C,Burglary,Investigation complete; no suspect identified
6b8c7a7ec5d97509da9ef0d7cd403fea1004565ee35af10bcd55c9ff1c0c23c4,2024-07,Metropolitan Police Service,Metropolitan Police Service,-0.018461,51.439048,On or near Sambruck Mews,E01003221,Lewisham 025C,Burglary,Unable to prosecute suspect
ce0ae089d78c476d3f3e94ddee5a21ad42211588aca11e469ab7a52cc64a1f18,2024-07,Metropolitan Police Service,Metropolitan Police Service,0.01538,51.432481,On or near Ballamore Road,E01003349,Lewisham 026B,Burglary,Unable to prosecute suspect
5f71ce2c3d46bda34a1821f2fbb6485df131e6c004d53a7c6d65d3522860702c,2024-07,Metropolitan Police Service,Metropolitan Police Service,0.008439,51.431,On or near Woodbank Road,E01003351,Lewisham 026C,Burglary,Investigation complete; no suspect identified
10a5409fc8e499e5f439a5f4fde3e736016e503767783e3b1ea37aac577dba12,2024-07,Metropolitan Police Service,Metropolitan Police Service,-0.054459,51.436737,On or near Dartmouth Place,E01003256,Lewisham 028A,Burglary,Investigation complete; no suspect identified
72e75ee536dac73155dd24c2311fc595e3dae3083790e70ba6f01d7a673a7141,2024-07,Metropolitan Police Service,Metropolitan Police Service,-0.054676,51.433998,On or near Longfield Crescent,E01003256,Lewisham 028A,Burglary,Unable to prosecute suspect
e7ac21e4c76470a8cdd91b5737c3f817ef4d7877f76f64e5f916b71ee5c9c2a1,2024-07,Metropolitan Police Service,Metropolitan Police Service,-0.037433,51.429808,On or near Bell Green,E01003193,Lewisham 029A,Burglary,Investigation complete; no suspect identified
d48e5a7480571a59b97a98c504598c5afc5fb2f4ca602cc502967a4055859c3f,2024-07,Metropolitan Police Service,Metropolitan Police Service,-0.027943,51.442033,On or near Sports/Recreation Area,E01003194,Lewisham 029B,Burglary,Investigation complete; no suspect identified
c02e82470ed303966c5ba46bdd3072f2b71deccb78bc94fb170c09f409a61551,2024-07,Metropolitan Police Service,Metropolitan Police Service,-0.024798,51.437239,On or near Fordmill Road,E01003194,Lewisham 029B,Burglary,Investigation complete; no suspect identified
8f8a0c0610964ddc0f97194f85e8448e03d2a65d1dad44b9b162a77f1ef5aab7,2024-07,Metropolitan Police Service,Metropolitan Police Service,-0.025239,51.438362,On or near Pool Court,E01003194,Lewisham 029B,Burglary,Investigation complete; no suspect identified
99598aaa1a3995b470f50fe2bc828b580df23e9d7d54168b3a48b963f97ac8c7,2024-07,Metropolitan Police Service,Metropolitan Police Service,-0.029841,51.439428,On or near Exbury Road,E01003194,Lewisham 029B,Burglary,Investigation complete; no suspect identified
fd878e7f21b2e418ac19971a52dd9322c53f879e6b56e43db01a5bfb7b9aa4e8,2024-07,Metropolitan Police Service,Metropolitan Police Service,-0.018192,51.431966,On or near Orford Road,E01003352,Lewisham 030D,Burglary,Unable to prosecute suspect
9aa9835216ef0fe98815f8d85eb494e9efe99ac6e59803d4f437bc9a20edaf57,2024-07,Metropolitan Police Service,Metropolitan Police Service,-0.006069,51.42623,On or near Petrol Station,E01003353,Lewisham 030E,Burglary,Investigation complete; no suspect identified
4cb4c01f362c05be8b561c3a0071670d0bd64a26937c97dea06435d015ecbc9b,2024-07,Metropolitan Police Service,Metropolitan Police Service,0.035531,51.427502,On or near Clayhill Crescent,E01003267,Lewisham 031D,Burglary,Investigation complete; no suspect identified
e74ec96c7efd178807899465267b0b8fb58fadd3543ba21fe0b60b819f2b28a8,2024-07,Metropolitan Police Service,Metropolitan Police Service,-0.071461,51.429329,On or near Vigilant Close,E01003330,Lewisham 033B,Burglary,Investigation complete; no suspect identified
563c9dbb372567422c8de6cdeea6c84f0a772f684ec73b6691dc02b981899e6c,2024-07,Metropolitan Police Service,Metropolitan Police Service,-0.062804,51.430275,On or near Mylis Close,E01003331,Lewisham 033C,Burglary,Investigation complete; no suspect identified
cf2fd8fa7c46675d7ba426aed69bf857abc4d82735247f958970e51cd3447233,2024-07,Metropolitan Police Service,Metropolitan Police Service,-0.062804,51.430275,On or near Mylis Close,E01003331,Lewisham 033C,Burglary,Investigation complete; no suspect identified
4f2a2dec5c0f31cd39a8fd01e717c6ed8b4574fc5d1548585de97074ad351e82,2024-07,Metropolitan Police Service,Metropolitan Police Service,-0.051585,51.426519,On or near Queensthorpe Mews,E01003334,Lewisham 033E,Burglary,Awaiting court outcome
f31f2a559d50598533db3e4485ed3dd9aa894e4944e342f83d2122ad5319c085,2024-07,Metropolitan Police Service,Metropolitan Police Service,-0.032245,51.426663,On or near Worsley Bridge Road,E01003190,Lewisham 034B,Burglary,Investigation complete; no suspect identified
91d76974217267a8294cb44e3a0d53be579a924054243d2a245438fceebf3ce4,2024-07,Metropolitan Police Service,Metropolitan Police Service,-0.021581,51.425449,On or near Lushington Road,E01003192,Lewisham 034D,Burglary,Investigation complete; no suspect identified
1f6d841e1bbb43b529c57c555ef7d686407a8bbd2288b5c571e94bd6f2864dad,2024-07,Metropolitan Police Service,Metropolitan Police Service,-0.046489,51.425921,On or near Theatre/Concert Hall,E01003327,Lewisham 035B,Burglary,Investigation complete; no suspect identified
44623c6cd15ae2eb698afd7969c43ebc33bc7714fd4eaf394f1c30e8fa1dafca,2024-07,Metropolitan Police Service,Metropolitan Police Service,0.014433,51.43123,On or near Dagonet Road,E01003236,Lewisham 037A,Burglary,Investigation complete; no suspect identified
d2a3803c75c9b89e59a01019d71b88651a24eefcfe7ab850033c5e24c34b84ef,2024-07,Metropolitan Police Service,Metropolitan Police Service,0.014433,51.43123,On or near Dagonet Road,E01003236,Lewisham 037A,Burglary,Unable to prosecute suspect
878f5d858a8b9fa37a29cb561360b147c63d758dd27d6e2176f694b523228339,2024-07,Metropolitan Police Service,Metropolitan Police Service,-0.002575,51.418949,On or near Ambleside,E01003235,Lewisham 038A,Burglary,Investigation complete; no suspect identified
b22582e108d363ed7adcf31012c568e6c21a24abe9abc1b85e948fbc94778552,2024-07,Metropolitan Police Service,Metropolitan Police Service,-0.003886,51.425167,On or near Oakridge Lane,E01003243,Lewisham 038D,Burglary,Unable to prosecute suspect
2ef78337db113d0408827f38ec288e56157f18ee54dee38df3ed7cfce91807fd,2024-07,Metropolitan Police Service,Metropolitan Police Service,0.004445,51.419306,On or near Swiftsden Way,E01032565,Lewisham 038E,Burglary,Investigation complete; no suspect identified
8b824766e811de74e0d8cc69854351861f661910f2f640507a703153cc5335a0,2024-07,Metropolitan Police Service,Metropolitan Police Service,-0.033686,51.476192,On or near Grehan Mews,E01003303,Lewisham 039C,Burglary,Investigation complete; no suspect identified
47b4404731c36d079cebefa08099cbae8710a30e5a159c4fde5555a99f3d480d,2024-07,Metropolitan Police Service,Metropolitan Police Service,-0.034535,51.478203,On or near Railway Grove,E01003303,Lewisham 039C,Burglary,Investigation complete; no suspect identified
d61aea0380bacc073582137dd485a82e74bc10b4930ecc3be1e5d1cabbf9e082,2024-07,Metropolitan Police Service,Metropolitan Police Service,-0.026517,51.4768,On or near Comet Place,E01003304,Lewisham 039D,Burglary,Awaiting court outcome
ef92c7b065efa03c44ef0bc198eabd4d2712970899a7d81ff2125fc5bf835563,2024-07,Metropolitan Police Service,Metropolitan Police Service,-0.026066,51.47824,On or near Deptford High Street,E01003304,Lewisham 039D,Burglary,Investigation complete; no suspect identified
9bd5a723cddc5ceab744af5247ab8d721a0f9323c9bfd15d32de5e0afbfaaf2d,2024-07,Metropolitan Police Service,Metropolitan Police Service,-0.029624,51.476556,On or near Glenville Grove,E01003304,Lewisham 039D,Burglary,Investigation complete; no suspect identified
a16ea852c3077cac68355a0229140dbceb739345f0f2429670ca6cc35503b8bc,2024-07,Metropolitan Police Service,Metropolitan Police Service,-0.026066,51.47824,On or near Deptford High Street,E01003304,Lewisham 039D,Burglary,Awaiting court outcome
6845ca50a0c69e5085c3f123501403f77cca30b21393105158c0fbb3d822b582,2024-07,Metropolitan Police Service,Metropolitan Police Service,-0.027153,51.475732,On or near Speedwell Street,E01003304,Lewisham 039D,Burglary,Investigation complete; no suspect identified
63e4d03b8352d8bb25e95f38fb999c81b125ce71f90b987ce1d6b02d71abbed3,2024-07,Metropolitan Police Service,Metropolitan Police Service,-0.021355,51.479276,On or near Bronze Street,E01032579,Lewisham 039E,Burglary,Investigation complete; no suspect identified
99bf551e9d37b44f4590fe4305d07ee87f4fa7b7983d308cf35d6409e4ae184b,2024-07,Metropolitan Police Service,Metropolitan Police Service,-0.024564,51.476003,On or near New Butt Lane,E01032579,Lewisham 039E,Burglary,Investigation complete; no suspect identified
aa6cdb9bfbfb348d17296bd6e042aa0f94da78d8cfbc2f7e42b6618f3ba68f75,2024-07,Metropolitan Police Service,Metropolitan Police Service,-0.020268,51.477441,On or near Creative Road,E01032579,Lewisham 039E,Burglary,Investigation complete; no suspect identified
dc43367eb0541439d082ffd1a23ca192086ff4c70a6b78e3369f0e0d8808f632,2024-07,Metropolitan Police Service,Metropolitan Police Service,-0.025231,51.475897,On or near Reginald Square,E01032579,Lewisham 039E,Burglary,Investigation complete; no suspect identified
7cbfe313b2c6813442281de8d0b9dd116ff5ed55ee03773142f0fdb770de149e,2024-07,Metropolitan Police Service,Metropolitan Police Service,-0.012938,51.464844,On or near Lewisham Dlr,E01034394,Lewisham 040C,Burglary,Unable to prosecute suspect
9b9b62193e816e629c06203458ec43713404965ce7dc49b2c5159f7d8ab1f056,2024-07,Metropolitan Police Service,Metropolitan Police Service,-0.015079,51.463945,On or near Cornmill Lane,E01034395,Lewisham 040D,Burglary,Investigation complete; no suspect identified
395f5c22bdb525b6acda66686b119326eda5a15148e97469ee9dc9e570b7fd3a,2024-07,Metropolitan Police Service,Metropolitan Police Service,0.000443,51.461694,On or near Blessington Road,E01003288,Lewisham 041A,Burglary,Unable to prosecute suspect
b5c92ad70b2949a6c6404597fadbed7830fd5a09f5b50a5d2a5d29984c0a1458,2024-07,Metropolitan Police Service,Metropolitan Police Service,-0.003824,51.461884,On or near Saxton Close,E01003288,Lewisham 041A,Burglary,Investigation complete; no suspect identified
af913bc60967fe12a39483589415283e7e9d7b24d779af2c8e182175b783e5e4,2024-07,Metropolitan Police Service,Metropolitan Police Service,-0.016206,51.457544,On or near Wearside Road,E01033327,Lewisham 041B,Burglary,Unable to prosecute suspect
5fddf57bc310b37c00006fd0087c0e7b78ab36ea4ffa2dfa036efebce8b2d2bf,2024-07,Metropolitan Police Service,Metropolitan Police Service,-0.008303,51.460854,On or near Parking Area,E01033327,Lewisham 041B,Burglary,Investigation complete; no suspect identified
eaed5691363fb7f9b0abab801f864167b89243e42b511c77763694e2219f6b4b,2024-07,Metropolitan Police Service,Metropolitan Police Service,-0.009171,51.45746,On or near Lingards Road,E01033341,Lewisham 041C,Burglary,Investigation complete; no suspect identified
ad9dbd3149e5298d87ed84fdd6499500d1b14d3390993a4b3ac9fbf2b26eb3e3,2024-07,Metropolitan Police Service,Metropolitan Police Service,-0.19041,51.428899,On or near Supermarket,E01034579,Merton 001G,Burglary,Investigation complete; no suspect identified
b851735e63eb929f972dc7a72c7faacb654ae47aacad5af5039feadc7c7770f4,2024-07,Metropolitan Police Service,Metropolitan Police Service,-0.19041,51.428899,On or near Supermarket,E01034579,Merton 001G,Burglary,Investigation complete; no suspect identified
52d88f98bb6ed35c0ed73df0347da917ceb915e75471b857cc1e66b1dbba78b2,2024-07,Metropolitan Police Service,Metropolitan Police Service,-0.186971,51.42915,On or near Plough Lane,E01034579,Merton 001G,Burglary,Investigation complete; no suspect identified
31bcc4196d36d8834c46a1b0cbe8ae1d061512f3b24019722e1c424efde966cf,2024-07,Metropolitan Police Service,Metropolitan Police Service,-0.223448,51.421462,On or near Clifton Road,E01003460,Merton 002A,Burglary,Investigation complete; no suspect identified
e9e67da18895751974867037098e0fcbb4441088a6d928245f230d84b8c1c822,2024-07,Metropolitan Police Service,Metropolitan Police Service,-0.222124,51.425561,On or near The Green,E01003460,Merton 002A,Burglary,Investigation complete; no suspect identified
046ad441d7502de7c5912c9e186e5e7751d5b34bb885bead617d1099a8833280,2024-07,Metropolitan Police Service,Metropolitan Police Service,-0.212295,51.431571,On or near Church Road,E01003464,Merton 002C,Burglary,Investigation complete; no suspect identified
db8d74302b7deacf2e4336354b6923e904686220d2efed88ed50875c96d4033a,2024-07,Metropolitan Police Service,Metropolitan Police Service,-0.222825,51.434573,On or near Lincoln Avenue,E01003464,Merton 002C,Burglary,Unable to prosecute suspect
6a77078809b5fb00499d6d37ac7f12239ccfbb4f3e5aa4cb1a742cab817218db,2024-07,Metropolitan Police Service,Metropolitan Police Service,-0.206519,51.422202,On or near B235,E01003400,Merton 003A,Burglary,Investigation complete; no suspect identified
8a7e56cfaef71645ee7e62abd1f7d414f64f8c56300cef12641e9397b848b6f2,2024-07,Metropolitan Police Service,Metropolitan Police Service,-0.209557,51.422123,On or near Worple Road Mews,E01003401,Merton 004A,Burglary,Investigation complete; no suspect identified
c1fd080e74bfc28cca5556b90ccdf51d0fa8af661f3214bbc33f52e5dca1c11d,2024-07,Metropolitan Police Service,Metropolitan Police Service,-0.210809,51.422115,On or near Mansel Road,E01003402,Merton 004B,Burglary,Investigation complete; no suspect identified
6861a2d682f95a9066f19fc42b8e7fb74427e8075d8b4ec2416be6c6cc357b50,2024-07,Metropolitan Police Service,Metropolitan Police Service,-0.212737,51.421722,On or near Raymond Road,E01003402,Merton 004B,Burglary,Investigation complete; no suspect identified
c915dec31a875df628eeba3347337a65f3fd3bfa9327df753df20b422e956c58,2024-07,Metropolitan Police Service,Metropolitan Police Service,-0.212737,51.421722,On or near Raymond Road,E01003402,Merton 004B,Burglary,Investigation complete; no suspect identified
4a7be63bbb2e1d63f0f8fcc1d43e06cf1ee69b3730e03f3e96162b0f180db422,2024-07,Metropolitan Police Service,Metropolitan Police Service,-0.217218,51.420046,On or near St John'S Road,E01003403,Merton 004C,Burglary,Unable to prosecute suspect
2d1d7968622d96fafec1593a24c18072592882f067b0a2bc01718b449807320a,2024-07,Metropolitan Police Service,Metropolitan Police Service,-0.220337,51.416757,On or near Edge Hill Court,E01003404,Merton 004D,Burglary,Investigation complete; no suspect identified
90b277cd964ddb8d0ed31f266b0e291f52d2b3f118a017f93e2742b1ac14a3fb,2024-07,Metropolitan Police Service,Metropolitan Police Service,-0.176059,51.420665,On or near Supermarket,E01003370,Merton 005C,Burglary,Investigation complete; no suspect identified
1a53281f225cc2ac465b715a5a47d33ac889f508e7772325df8d35463db52e42,2024-07,Metropolitan Police Service,Metropolitan Police Service,-0.176258,51.42,On or near High Street Collier'S Wood,E01003370,Merton 005C,Burglary,Unable to prosecute suspect
4e3499ffb75ccf436e1e1b585f1fa94f17b1156d56bdfdc63dd0350d0ed5e8ee,2024-07,Metropolitan Police Service,Metropolitan Police Service,-0.174923,51.420312,On or near Park Road,E01003371,Merton 005D,Burglary,Investigation complete; no suspect identified
e4d07edd298e57d032840156c002065004499c99c52169824b2cf6f634895f0d,2024-07,Metropolitan Police Service,Metropolitan Police Service,-0.16804,51.419062,On or near Watson Close,E01003371,Merton 005D,Burglary,Court result unavailable
8e9b524e6dda190e6f4243b410c8a2e5f0774a1bf6c9c1d796659e1e81e9eefa,2024-07,Metropolitan Police Service,Metropolitan Police Service,-0.18126,51.420096,On or near South Road,E01034580,Merton 005F,Burglary,Investigation complete; no suspect identified
31c6d3820417f712ac5830c44ef854af9dd50542ae988947c831f6e734c10e0c,2024-07,Metropolitan Police Service,Metropolitan Police Service,-0.184805,51.417363,On or near Olive Road,E01003359,Merton 006A,Burglary,Investigation complete; no suspect identified
04bbb4582227284c164d0605f2c94aa392db48c85cbea320ec4337c76d5eb140,2024-07,Metropolitan Police Service,Metropolitan Police Service,-0.151674,51.411908,On or near Edgehill Road,E01003395,Merton 007B,Burglary,Investigation complete; no suspect identified
a2d4f52ec1ee066e41c3869561a0bb30a34008c68300b6d8a2909a561a6197fa,2024-07,Metropolitan Police Service,Metropolitan Police Service,-0.168979,51.414293,On or near Wilson Avenue,E01003406,Merton 008D,Burglary,Unable to prosecute suspect
65249da1016f35b229589ceea1144393b991a20764ed456e40ef5a06b91094b2,2024-07,Metropolitan Police Service,Metropolitan Police Service,-0.20005,51.419181,On or near The Broadway,E01003358,Merton 009C,Burglary,Investigation complete; no suspect identified
b024d3458e528aab1cdd890a2d090ab12f81582edae6716a09ef575aaaba14c9,2024-07,Metropolitan Police Service,Metropolitan Police Service,-0.196254,51.418448,On or near Griffiths Road,E01003358,Merton 009C,Burglary,Unable to prosecute suspect
f81e15ddb0a4cf481af4e085da2e6ce28ffaf4dcda4dc36843c45b8826649a23,2024-07,Metropolitan Police Service,Metropolitan Police Service,-0.206543,51.419028,On or near Beulah Road,E01003383,Merton 009D,Burglary,Investigation complete; no suspect identified
411411837a4378944e74382148f852f74ae103be3379bde2d2ccecdc7ec7898a,2024-07,Metropolitan Police Service,Metropolitan Police Service,-0.224696,51.416355,On or near Lansdowne Close,E01003442,Merton 010A,Burglary,Investigation complete; no suspect identified
e3767f5d967433302d5d965f3d921783c0e4a85ee1f7aedd5423a4ccb766b7bd,2024-07,Metropolitan Police Service,Metropolitan Police Service,-0.240589,51.414059,On or near Oakwood Road,E01003445,Merton 010D,Burglary,Investigation complete; no suspect identified
1ded5119fde50495cf9491945aad01e1d9aeae85c6b501cd6ded49bc2490a2e8,2024-07,Metropolitan Police Service,Metropolitan Police Service,-0.213564,51.414891,On or near Mandeville Close,E01003385,Merton 011C,Burglary,Investigation complete; no suspect identified
2748df4127fbb81f01a0821c5f386182419af9ee4eca22da64da94d10ba59f29,2024-07,Metropolitan Police Service,Metropolitan Police Service,-0.185945,51.413631,On or near Merantun Way,E01003357,Merton 012A,Burglary,Investigation complete; no suspect identified
641d3cade2cb161d2c9b632f8ad42ffebfcc2ee144596fbabc4d0931e8e655e3,2024-07,Metropolitan Police Service,Metropolitan Police Service,-0.183017,51.410959,On or near Brangwyn Crescent,E01003408,Merton 012D,Burglary,Investigation complete; no suspect identified
227e0e2ecf139a870e072959cfaa6a092e57afcc41759205ececf9ccfd02ef93,2024-07,Metropolitan Police Service,Metropolitan Police Service,-0.157468,51.407287,On or near Leather Close,E01003386,Merton 013A,Burglary,Investigation complete; no suspect identified
dfa3295812ab0922e31d3ba1f5cb3ef63c5727220aab646bdbce4376b8e3844e,2024-07,Metropolitan Police Service,Metropolitan Police Service,-0.162034,51.40494,On or near Clarendon Grove,E01003388,Merton 013B,Burglary,Investigation complete; no suspect identified
71f230e449d00321458445b1fe942c2afa4514399b9504ca77834501fa656de9,2024-07,Metropolitan Police Service,Metropolitan Police Service,-0.164424,51.403781,On or near Elmwood Road,E01003389,Merton 013C,Burglary,Investigation complete; no suspect identified
f6637a35c82c07a4313a45aef4226ef97569ee08d73130ff23857923e39d7572,2024-07,Metropolitan Police Service,Metropolitan Police Service,-0.160607,51.410412,On or near Proctor Close,E01003392,Merton 013D,Burglary,Awaiting court outcome
319900a31d4b345a28b773ef6a988f4ecc55adb8658accd061fecdce3a2b4b87,2024-07,Metropolitan Police Service,Metropolitan Police Service,-0.158324,51.411042,On or near Graham Avenue,E01003392,Merton 013D,Burglary,Investigation complete; no suspect identified
b74dcf50789c80371fc714d83d0e3213cbed2e8b2ce161b93c4779b3c81f5ec9,2024-07,Metropolitan Police Service,Metropolitan Police Service,-0.167471,51.411347,On or near Lavender Avenue,E01003409,Merton 013E,Burglary,Unable to prosecute suspect
eddd80df2522eeb6884bfbf31b61515abbc532b942821a5b0e5d370c9b195d69,2024-07,Metropolitan Police Service,Metropolitan Police Service,-0.155046,51.403166,On or near Brenley Close,E01003387,Merton 014A,Burglary,Investigation complete; no suspect identified
1ac06d555e454c4ac7d9a9b47ad618ef18994b35296f41b6e2da0fdf98c0122a,2024-07,Metropolitan Police Service,Metropolitan Police Service,-0.153031,51.403926,On or near Aventine Avenue,E01003387,Merton 014A,Burglary,Investigation complete; no suspect identified
276b7c04a3b6ddb865630647954dbae698ee086f774ad2daac2e6c0e5c5a6adb,2024-07,Metropolitan Police Service,Metropolitan Police Service,-0.147054,51.414146,On or near Bennetts Close,E01003412,Merton 014D,Burglary,Investigation complete; no suspect identified
4ecdc3677c5f1aefd8568596ff5365d763700fe3386cd2bcd9604016b4755c5c,2024-07,Metropolitan Police Service,Metropolitan Police Service,-0.148891,51.411028,On or near Oakleigh Way,E01003412,Merton 014D,Burglary,Unable to prosecute suspect
df33d7e1e7418d15028e5308fefa56b5669932cde3d212d640a6b0cca679679e,2024-07,Metropolitan Police Service,Metropolitan Police Service,-0.14397,51.397605,On or near Talbot Close,E01003435,Merton 014E,Burglary,Investigation complete; no suspect identified
6545da21bf865f19a10b218caebb126574daaa127514377de075a74eea06f726,2024-07,Metropolitan Police Service,Metropolitan Police Service,-0.216603,51.406278,On or near Whatley Avenue,E01003366,Merton 016A,Burglary,Investigation complete; no suspect identified
a0e1841b312470fbb1bc5834eef9aedbec3cb1869be0c8abf695e7d74c917a6e,2024-07,Metropolitan Police Service,Metropolitan Police Service,-0.236955,51.401981,On or near West Barnes Lane,E01003471,Merton 016E,Burglary,Investigation complete; no suspect identified
a6b7e5c72b7ba7caac6a5c6ff40405231dc9caf72bb60263b4a5fe36619139e5,2024-07,Metropolitan Police Service,Metropolitan Police Service,-0.139355,51.410724,On or near Stirling Close,E01003413,Merton 017A,Burglary,Status update unavailable
42f5e9bde5a63830856d319564c8c43f98fd02811d7c7c57c33c8b1c52a16a35,2024-07,Metropolitan Police Service,Metropolitan Police Service,-0.136977,51.40521,On or near Avenue Road,E01003415,Merton 017C,Burglary,Investigation complete; no suspect identified
4628c902a40b4beb00a460cc3b44f2c8b803882a2b6549d4c345872828ad0610,2024-07,Metropolitan Police Service,Metropolitan Police Service,-0.139507,51.406994,On or near St Olave'S Walk,E01003415,Merton 017C,Burglary,Investigation complete; no suspect identified
6ab70bed501a162d1d40412bab220f048bb9bcfa5d7e86e1e463c42e30b5bf22,2024-07,Metropolitan Police Service,Metropolitan Police Service,-0.14047,51.407342,On or near Church Walk,E01003415,Merton 017C,Burglary,Investigation complete; no suspect identified
501cefc2c60d0f1e7689a966893ba045df74756bbbc29a339f5956cdb0cb72dd,2024-07,Metropolitan Police Service,Metropolitan Police Service,-0.145034,51.402226,On or near Oxford Close,E01003416,Merton 017D,Burglary,Investigation complete; no suspect identified
fd762f48ef374b51a42723c3133e3294caee2cc5d0bec38a8c03c0151caff5f3,2024-07,Metropolitan Police Service,Metropolitan Police Service,-0.140069,51.401635,On or near Robinhood Close,E01003434,Merton 017E,Burglary,Investigation complete; no suspect identified
0bf2ee5c29f2ed19c31fa4d27679e054f358a7c4f0dee67b8e66f312911b07cb,2024-07,Metropolitan Police Service,Metropolitan Police Service,-0.140069,51.401635,On or near Robinhood Close,E01003434,Merton 017E,Burglary,Investigation complete; no suspect identified
5f7ac00364689466d815eeeb7bb45ea68fc415c44f2502a2d318086a76332101,2024-07,Metropolitan Police Service,Metropolitan Police Service,-0.13779,51.398622,On or near Hadley Road,E01003434,Merton 017E,Burglary,Investigation complete; no suspect identified
9d223c76170b1b7b3c9ac4f146b44111da5d30e79d75e1de7594443b32a6f6ea,2024-07,Metropolitan Police Service,Metropolitan Police Service,-0.170582,51.403671,On or near Harwood Avenue,E01003378,Merton 018B,Burglary,Unable to prosecute suspect
003c6957154bd77e8118695065caf536102d8ecf07af2534b796d4df2c965a85,2024-07,Metropolitan Police Service,Metropolitan Police Service,-0.166437,51.407014,On or near Sadler Close,E01003390,Merton 018D,Burglary,Investigation complete; no suspect identified
4b8e1fb6f89bb327b0e366eb0005adff834c80f0b458144136e8450b99c624fd,2024-07,Metropolitan Police Service,Metropolitan Police Service,-0.126417,51.399385,On or near Lindsey Close,E01003430,Merton 019B,Burglary,Unable to prosecute suspect
3a963b45744f8c26b63898187b47ce2bd3c0ca9ecceac0fe78bc687461d66900,2024-07,Metropolitan Police Service,Metropolitan Police Service,-0.243664,51.398737,On or near Petrol Station,E01003469,Merton 020D,Burglary,Investigation complete; no suspect identified
59d1d5bb3474d6c2cb0690ae029292c785e9be39427bbbd977260827973044f6,2024-07,Metropolitan Police Service,Metropolitan Police Service,-0.177252,51.393937,On or near Pollard Road,E01003437,Merton 022C,Burglary,Investigation complete; no suspect identified
76aeec40ac5e9f4a32f4916a5e87b93ec0ee5e464b88a499acfca5356558c296,2024-07,Metropolitan Police Service,Metropolitan Police Service,-0.198723,51.398423,On or near London Road,E01003427,Merton 023A,Burglary,Investigation complete; no suspect identified
14d43f82e716b769732ef81fb8e7f6339285bfddb77f47a33b260a10d5080395,2024-07,Metropolitan Police Service,Metropolitan Police Service,-0.199855,51.398153,On or near Goodwood Close,E01003427,Merton 023A,Burglary,Investigation complete; no suspect identified
87958d30d505c207fac2fd5727778bbdb88db26af069782f1ea9b1a641ad200a,2024-07,Metropolitan Police Service,Metropolitan Police Service,-0.195233,51.401625,On or near Crown Lane,E01003427,Merton 023A,Burglary,Investigation complete; no suspect identified
5ce6e6a60c242740ad492cf9a6ceb3c4a0036f601da0ddbb99d8098cde062d0d,2024-07,Metropolitan Police Service,Metropolitan Police Service,-0.194718,51.39463,On or near Central Road,E01003449,Merton 024B,Burglary,Investigation complete; no suspect identified
9303ccaead14a0b8e9ac44507150ca7056e00e06004ca579c751361a378fa01d,2024-07,Metropolitan Police Service,Metropolitan Police Service,-0.204951,51.393796,On or near Further/Higher Educational Building,E01003452,Merton 024E,Burglary,Court result unavailable
fa88ef81a4ab73b86c6bddac8ffac4a6b16c44d1e1f7fa44f874a54e2e161aa8,2024-07,Metropolitan Police Service,Metropolitan Police Service,-0.204951,51.393796,On or near Further/Higher Educational Building,E01003452,Merton 024E,Burglary,Investigation complete; no suspect identified
6d9906fe309412bb172b6b82efb0d1b240a81315549b959d849613d081072147,2024-07,Metropolitan Police Service,Metropolitan Police Service,-0.222916,51.392534,On or near Supermarket,E01003422,Merton 025E,Burglary,Unable to prosecute suspect
6f789660c883056afa47e8b5837585b72b89db2c1921c694344464d02099a30b,2024-07,Metropolitan Police Service,Metropolitan Police Service,0.02439,51.550266,On or near Whitehall Place,E01003544,Newham 001B,Burglary,Status update unavailable
415528380dc81d91278fbc3497624a79bb262b0408925f2cb0ecb3858d7e5bbd,2024-07,Metropolitan Police Service,Metropolitan Police Service,0.02439,51.550266,On or near Whitehall Place,E01003544,Newham 001B,Burglary,Investigation complete; no suspect identified
2340b5d275455dc9e1e3d7daea0e49543f0e9192e149f3d848accefb3abbe355,2024-07,Metropolitan Police Service,Metropolitan Police Service,0.02439,51.550266,On or near Whitehall Place,E01003544,Newham 001B,Burglary,Investigation complete; no suspect identified
3e17f2296f099cab0711b2ad0c83c0328a98fe4a46ee9ca8ef8e26e2b186d00b,2024-07,Metropolitan Police Service,Metropolitan Police Service,0.0182,51.551524,On or near Odessa Road,E01003544,Newham 001B,Burglary,Investigation complete; no suspect identified
f636d47b2f0e13ed640790bbc1113bf87ba4a0937e95332fea1daeffff5571b0,2024-07,Metropolitan Police Service,Metropolitan Police Service,0.057609,51.55378,On or near Eighth Avenue,E01003581,Newham 002B,Burglary,Investigation complete; no suspect identified
4b0604cff081625c8b479c7d056497216522ac48c430521fe69a8fd8198016a9,2024-07,Metropolitan Police Service,Metropolitan Police Service,0.053998,51.55369,On or near Michigan Avenue,E01003578,Newham 003A,Burglary,Investigation complete; no suspect identified
8effad3145e56aaf06a96d76ea5dbad39e2ba72bbc3797dadb1344b9487ec5c6,2024-07,Metropolitan Police Service,Metropolitan Police Service,0.053998,51.55369,On or near Michigan Avenue,E01003578,Newham 003A,Burglary,Investigation complete; no suspect identified
93817998f6228154a12f3678f9b9aef6bdd074bacc5b64f2cf122f9d06ae37d2,2024-07,Metropolitan Police Service,Metropolitan Police Service,0.053373,51.553251,On or near Rabbits Road,E01003578,Newham 003A,Burglary,Awaiting court outcome
8761f24186f65f037c065b7752ceb11c0ccbf0d4c8a6269441a6c98aa6edaace,2024-07,Metropolitan Police Service,Metropolitan Police Service,0.035746,51.555204,On or near Capel Road,E01003584,Newham 003B,Burglary,Investigation complete; no suspect identified
9e5058b1f331ab0c8fec497a5bfe980606f869e67e2b1905cf712f8d32e5fbbb,2024-07,Metropolitan Police Service,Metropolitan Police Service,0.042301,51.548695,On or near Petrol Station,E01003586,Newham 003C,Burglary,Awaiting court outcome
60a3f77d466c943022d57c430b967dc8e42336d75a2a71331c3215d7b4bec3d2,2024-07,Metropolitan Police Service,Metropolitan Police Service,0.040017,51.547163,On or near Quakers Place,E01003586,Newham 003C,Burglary,Investigation complete; no suspect identified
d4de2ed3e7bf3bf2fc70781cd65519ba87033d23331962fc40004b10509ba7a5,2024-07,Metropolitan Police Service,Metropolitan Police Service,0.04618,51.555301,On or near Forest Drive,E01003590,Newham 003D,Burglary,Investigation complete; no suspect identified
e345d54191a64b1e38b0c0921c32904528c76085642f338ff5b4b23334a69f62,2024-07,Metropolitan Police Service,Metropolitan Police Service,0.04618,51.555301,On or near Forest Drive,E01003590,Newham 003D,Burglary,Investigation complete; no suspect identified
9175d107292d89a5668f6b960b7b911326bc9776d40c080c6b82a3397b78d45c,2024-07,Metropolitan Police Service,Metropolitan Police Service,0.043154,51.548951,On or near Petrol Station,E01003587,Newham 004C,Burglary,Unable to prosecute suspect
518f602a7b5b22079ceaae0c8e39ab50fc7f8f1480be507c4b558514cffb8f6d,2024-07,Metropolitan Police Service,Metropolitan Police Service,0.047054,51.551626,On or near Station Road,E01003591,Newham 004D,Burglary,Investigation complete; no suspect identified
26aa1192fc8006c74f20247f03d8f19383029b219fb887ee944e8f47afb2413f,2024-07,Metropolitan Police Service,Metropolitan Police Service,0.060937,51.545079,On or near Hathaway Crescent,E01003528,Newham 005A,Burglary,Investigation complete; no suspect identified
978800a0a779a89b47e1a9d7e50914ec7fb335ed68f7ebc441f9d2c3f5341c46,2024-07,Metropolitan Police Service,Metropolitan Police Service,0.063834,51.552375,On or near Walton Road,E01003577,Newham 005C,Burglary,Investigation complete; no suspect identified
de40186a20bdf4568f99281c947950f0c7b21391b56d37d45395d789682058d6,2024-07,Metropolitan Police Service,Metropolitan Police Service,0.015145,51.550614,On or near Cormorant Road,E01003545,Newham 006A,Burglary,Investigation complete; no suspect identified
fd8bb08dd6812ec7ea3f664cbcd8253a74f7462d99020e66af8ce26d12c51035,2024-07,Metropolitan Police Service,Metropolitan Police Service,0.017209,51.552917,On or near Odessa Road,E01003545,Newham 006A,Burglary,Investigation complete; no suspect identified
4f9521ac73bf43ac74c743582cf4c05fe763d2beb098fe2582b6465920fe749f,2024-07,Metropolitan Police Service,Metropolitan Police Service,0.007131,51.547802,On or near Maryland Park,E01003548,Newham 006B,Burglary,Investigation complete; no suspect identified
d3201eb580714985df5ca4d9fdb3e25547ab76f2ec2f7822770d15d6be6a2880,2024-07,Metropolitan Police Service,Metropolitan Police Service,0.007704,51.549348,On or near Buxton Road,E01003548,Newham 006B,Burglary,Awaiting court outcome
9f6c9066640a9d1280e64e7c5a0907e907eeaa5552a0ea10d926445f6efa8249,2024-07,Metropolitan Police Service,Metropolitan Police Service,0.025915,51.547263,On or near Post Office Approach,E01003556,Newham 008A,Burglary,Investigation complete; no suspect identified
a47a6a30b9685fd6a3bc12d3780949e246570ef5d1c65b70ed0fba3aa2fd147b,2024-07,Metropolitan Police Service,Metropolitan Police Service,0.029116,51.546578,On or near Petrol Station,E01003570,Newham 008C,Burglary,Investigation complete; no suspect identified
8028c2f1b3bc7a1112d093b53a07b42947038e2809c2edbd2e90716b513c3a40,2024-07,Metropolitan Police Service,Metropolitan Police Service,0.012032,51.545443,On or near Carnarvon Road,E01003553,Newham 009B,Burglary,Investigation complete; no suspect identified
68c6154b755fc832085bb8abb994b43d3bde965b52ede3fc848a4ac47364fa0c,2024-07,Metropolitan Police Service,Metropolitan Police Service,0.013409,51.543315,On or near Townley Court,E01003553,Newham 009B,Burglary,Investigation complete; no suspect identified
4e5d6746d7a3f409f1791de7de664fc6c08a8aafcb24d9416bdfb6bc01b51e10,2024-07,Metropolitan Police Service,Metropolitan Police Service,0.010682,51.543613,On or near Ferns Road,E01003559,Newham 009D,Burglary,Investigation complete; no suspect identified
f955a9c76215e44095d9a5c76c95faa37f9aef6a1f341c6dc2a8da2d645403f5,2024-07,Metropolitan Police Service,Metropolitan Police Service,0.01104,51.54224,On or near Flint Close,E01003559,Newham 009D,Burglary,Investigation complete; no suspect identified
805551838e9d2ec094b735a0f677c032c313fd500f64959b7118f5cb92c9479c,2024-07,Metropolitan Police Service,Metropolitan Police Service,0.010682,51.543613,On or near Ferns Road,E01003559,Newham 009D,Burglary,Investigation complete; no suspect identified
031487f8771074fb8d541ddf86542b80c73136d112ec285a564529fb75e0abbd,2024-07,Metropolitan Police Service,Metropolitan Police Service,0.010682,51.543613,On or near Ferns Road,E01003559,Newham 009D,Burglary,Investigation complete; no suspect identified
1d65857f412eaf1b16f8511c36df43734ed831aae053cd078f435e4b31d2c904,2024-07,Metropolitan Police Service,Metropolitan Police Service,0.049223,51.54149,On or near Wordsworth Avenue,E01003531,Newham 010C,Burglary,Awaiting court outcome
c1e70a7010486d0ad49fe56f37c79873e131a2a67bcd785c27b07f0a28f27e5a,2024-07,Metropolitan Police Service,Metropolitan Police Service,0.055046,51.542377,On or near Kensington Avenue,E01003532,Newham 010D,Burglary,Investigation complete; no suspect identified
c5f4bbfb1d4a07a8355189151ca3abe5979fee67db4174db6de7a8d2a69c44a0,2024-07,Metropolitan Police Service,Metropolitan Police Service,0.040431,51.540627,On or near Rutland Road,E01003533,Newham 011A,Burglary,Investigation complete; no suspect identified
fbadd23bc9c13ec5cc155cbc66654143fcca9cc10c5143d3810a25501eb74e99,2024-07,Metropolitan Police Service,Metropolitan Police Service,0.049444,51.545119,On or near High Street North,E01003589,Newham 011E,Burglary,Investigation complete; no suspect identified
c7cf635bd2f31bb5952add9aef81191088e9287d3382b260ee5dfa088460814e,2024-07,Metropolitan Police Service,Metropolitan Police Service,0.04274,51.543887,On or near Colston Road,E01003589,Newham 011E,Burglary,Investigation complete; no suspect identified
40908fd570fc791a58e052671af02121dcee8b9d49c301572271581f32b8681c,2024-07,Metropolitan Police Service,Metropolitan Police Service,0.049444,51.545119,On or near High Street North,E01003589,Newham 011E,Burglary,Investigation complete; no suspect identified
0abb629e5dce7a68033714fbc5d907a6a6a1f4bd89e3ce67c710f325ac87bf41,2024-07,Metropolitan Police Service,Metropolitan Police Service,0.049444,51.545119,On or near High Street North,E01003589,Newham 011E,Burglary,Investigation complete; no suspect identified
679da40c2d52ffbac8deb85a2bfd1c49986559eea2cd252d2382ec2200cc9b14,2024-07,Metropolitan Police Service,Metropolitan Police Service,0.049444,51.545119,On or near High Street North,E01003589,Newham 011E,Burglary,Awaiting court outcome
1e88b5b02c01a6d0726b7b4e79c196e68f0a73f88c5b91e6692c0bec52077fa8,2024-07,Metropolitan Police Service,Metropolitan Police Service,0.001671,51.549595,On or near Chobham Road,E01003616,Newham 012A,Burglary,Investigation complete; no suspect identified
d26421138c81e22b9617a00ce02655be1907ed2d3d0a5b5ac78eb9dcf6c51645,2024-07,Metropolitan Police Service,Metropolitan Police Service,0.005014,51.547541,On or near Carolina Close,E01003616,Newham 012A,Burglary,Investigation complete; no suspect identified
1700ae7a2877139235fe4c6c3b815c6c52ba92b3a4316fd39828000dcadeb36b,2024-07,Metropolitan Police Service,Metropolitan Police Service,0.005675,51.542575,On or near Litchfield Avenue,E01003618,Newham 012C,Burglary,Investigation complete; no suspect identified
09a1e46b91f8658f825cd1c405b884be4533294bcef1010d62492b6109b11234,2024-07,Metropolitan Police Service,Metropolitan Police Service,0.005675,51.542575,On or near Litchfield Avenue,E01003618,Newham 012C,Burglary,Status update unavailable
349f34e196734a9544045edae64a82f5dfc788fbb189e4c3d2281401e1a6db12,2024-07,Metropolitan Police Service,Metropolitan Police Service,0.005226,51.541863,On or near Mantle Way,E01003619,Newham 012D,Burglary,Investigation complete; no suspect identified
ac7867d8e6f6899dc5b5f32955cba3e934bfd74ba76e05b4e9c3929d864bf3fa,2024-07,Metropolitan Police Service,Metropolitan Police Service,0.005226,51.541863,On or near Mantle Way,E01003619,Newham 012D,Burglary,Investigation complete; no suspect identified
b569a0216a6720efeb6c8142e92b01aed1a28a128210884136461b5a98c27240,2024-07,Metropolitan Police Service,Metropolitan Police Service,0.00213,51.545576,On or near Windmill Lane,E01034199,Newham 012E,Burglary,Investigation complete; no suspect identified
657ea1f382d77aefaa34e85af9a850220f4f4eaee296d6afc1b790270c089fb5,2024-07,Metropolitan Police Service,Metropolitan Police Service,-9.9e-05,51.542107,On or near Service Route No 3,E01034200,Newham 012F,Burglary,Investigation complete; no suspect identified
cb4e2cd750ee542b31a77f13ff45727bc82917c2c5c0eca511088933cc09f1b9,2024-07,Metropolitan Police Service,Metropolitan Police Service,0.002094,51.543113,On or near Salway Road,E01034200,Newham 012F,Burglary,Investigation complete; no suspect identified
4e230ee05a443a6d4fd68d283cce15c0e08026ce736ee285ca64bcd735ad1474,2024-07,Metropolitan Police Service,Metropolitan Police Service,-0.001013,51.541979,On or near Supermarket,E01034200,Newham 012F,Burglary,Investigation complete; no suspect identified
06695477b080c5232b4aec700309da6982fd89f9d023fb6fbbd331e409eca805,2024-07,Metropolitan Police Service,Metropolitan Police Service,0.038222,51.541214,On or near Katherine Road,E01003562,Newham 014A,Burglary,Investigation complete; no suspect identified
6f03ef68b9578d348f23e8b2d808940c468c4e11d412e490d45bbecc41f9c642,2024-07,Metropolitan Police Service,Metropolitan Police Service,0.032801,51.540588,On or near Shopping Area,E01003564,Newham 014B,Burglary,Investigation complete; no suspect identified
278c515a43466eae42f6c068d360b2c60f26c37f7d4ecfa05d4f81d7b0a6df5c,2024-07,Metropolitan Police Service,Metropolitan Police Service,0.036403,51.536335,On or near Crescent Road,E01003566,Newham 014D,Burglary,Investigation complete; no suspect identified
6b7e684b0823fb279530215ef0e974d0d579f3d40bb72aef9140a7bcad10c252,2024-07,Metropolitan Police Service,Metropolitan Police Service,0.034982,51.5368,On or near Shopping Area,E01003566,Newham 014D,Burglary,Investigation complete; no suspect identified
91cf9bb6939feef95219ec7be8280172273ff76ffba476cc03594dfc56ebddab,2024-07,Metropolitan Police Service,Metropolitan Police Service,0.010668,51.538056,On or near Evesham Road,E01003635,Newham 016D,Burglary,Status update unavailable
b70677541a7007032d8ebe00e16300bc2cca992d46236a100aabcdb45d9c8ac4,2024-07,Metropolitan Police Service,Metropolitan Police Service,0.035226,51.535798,On or near B167,E01003569,Newham 017B,Burglary,Investigation complete; no suspect identified
3dfafb7a5c4ee135c3d9a0c86de8dd1baf9531032609ba883f018cf9f4b7188f,2024-07,Metropolitan Police Service,Metropolitan Police Service,0.034042,51.537707,On or near B165,E01003569,Newham 017B,Burglary,Unable to prosecute suspect
ed84017fbfa478abefa29e3aee39ddecc9b58c57330d30e0794453cdf3a26d3e,2024-07,Metropolitan Police Service,Metropolitan Police Service,0.022827,51.541363,On or near Doris Road,E01003574,Newham 017D,Burglary,Investigation complete; no suspect identified
9ff1e7ee2a5fe888c011abafd097b32aa7b0204f6256473524320b8af365cad9,2024-07,Metropolitan Police Service,Metropolitan Police Service,0.052257,51.536787,On or near Shopping Area,E01003521,Newham 018B,Burglary,Investigation complete; no suspect identified
e14111d8974ca1aa07fb5cdff5d43f37067be356b003c29cf4a6c2bd9d769e37,2024-07,Metropolitan Police Service,Metropolitan Police Service,0.052257,51.536787,On or near Shopping Area,E01003521,Newham 018B,Burglary,Status update unavailable
5d3408d97de57a3a3b1033ac43b149f639f0ff1c059ea37b3285a199c2b95901,2024-07,Metropolitan Police Service,Metropolitan Police Service,0.050912,51.536073,On or near Holme Road,E01003521,Newham 018B,Burglary,Investigation complete; no suspect identified
744aca5b840fc43e693cf5cb1004596b1a58b57b30367d2b89f2cae861df500c,2024-07,Metropolitan Police Service,Metropolitan Police Service,0.052438,51.53602,On or near High Street North,E01003521,Newham 018B,Burglary,Unable to prosecute suspect
a07a1f483ff4d39fad325a17181da515899df21735def0b1002aa0b542df5890,2024-07,Metropolitan Police Service,Metropolitan Police Service,0.054855,51.535887,On or near Skeffington Road,E01003521,Newham 018B,Burglary,Investigation complete; no suspect identified
d6f92473a615c09b563ae007df3c1a321938d1146ed3c168fe3302e8d553ee7f,2024-07,Metropolitan Police Service,Metropolitan Police Service,0.051456,51.535021,On or near Ron Leighton Way,E01003522,Newham 018C,Burglary,Investigation complete; no suspect identified
69c5754a37b7db07f26ddf48f39d119149cafbfb86258f1c78207693243b9774,2024-07,Metropolitan Police Service,Metropolitan Police Service,0.053205,51.532877,On or near Barking Road,E01003525,Newham 018D,Burglary,Investigation complete; no suspect identified
3899862b3abb20c99e6bc5f056b913e0be5dd9fc74bbcaa61ceef321a779dee5,2024-07,Metropolitan Police Service,Metropolitan Police Service,0.053008,51.533627,On or near St John'S Road,E01003525,Newham 018D,Burglary,Investigation complete; no suspect identified
59a5bb516447fc82e13176053e3380ec2c21131f6757ccf575df33fa0993468b,2024-07,Metropolitan Police Service,Metropolitan Police Service,0.048549,51.531609,On or near Gillett Avenue,E01003525,Newham 018D,Burglary,Investigation complete; no suspect identified
af55517db985728d384f8ea47608dd317ba91c097d94ec68a7f5ec0cab3024d4,2024-07,Metropolitan Police Service,Metropolitan Police Service,0.051983,51.532314,On or near Navarre Road,E01003526,Newham 018E,Burglary,Investigation complete; no suspect identified
5660ab72a7ec23ebfbf101a700fff591696c2cbada02874c08831b3cb3c2d9f4,2024-07,Metropolitan Police Service,Metropolitan Police Service,0.036988,51.533609,On or near Tudor Road,E01003489,Newham 019B,Burglary,Unable to prosecute suspect
8ab5ef54bebe23e6c92fa81690f1706b8cbb673555ff86d2ccec5834cb2bad22,2024-07,Metropolitan Police Service,Metropolitan Police Service,0.039182,51.5343,On or near Albion Way,E01003489,Newham 019B,Burglary,Awaiting court outcome
22d982453bf491c30dac173191803931f63625877826fbe6e20200ec1f4759e8,2024-07,Metropolitan Police Service,Metropolitan Police Service,0.019387,51.531423,On or near Ashburton Terrace,E01003600,Newham 021B,Burglary,Investigation complete; no suspect identified
26ccd06f1e5fd6884fc9c11bd7c5ab774224dfebc5d4ab20b768eed557fca4bd,2024-07,Metropolitan Police Service,Metropolitan Police Service,0.011883,51.535203,On or near Cridland Street,E01003630,Newham 021C,Burglary,Investigation complete; no suspect identified
f01dbe6d46bc7ba91b9695ebf20263169a770c75611892bef33d1105c785450a,2024-07,Metropolitan Police Service,Metropolitan Police Service,0.033851,51.535031,On or near Upton Park,E01003491,Newham 022A,Burglary,Investigation complete; no suspect identified
c0b2ed5f7a1e0f83d88fe533013cfebf064c55c99ff0493e2ff84aac70a6ce2a,2024-07,Metropolitan Police Service,Metropolitan Police Service,0.034593,51.53455,On or near Shopping Area,E01003491,Newham 022A,Burglary,Investigation complete; no suspect identified
15a12efb547a032f56a3d49a3447b8a493190bd163f299f60c30e6f1b518075b,2024-07,Metropolitan Police Service,Metropolitan Police Service,0.02591,51.529602,On or near Stirling Road,E01003592,Newham 022B,Burglary,Investigation complete; no suspect identified
d5cb85ce9bb7e78763b23e7725bfe7f42006ce2fbdea67016b18181172f470c6,2024-07,Metropolitan Police Service,Metropolitan Police Service,0.024245,51.533353,On or near Terrace Road,E01003592,Newham 022B,Burglary,Investigation complete; no suspect identified
402f85bde21efeafa6601dc96330431e95f62e9443a38d31ffe2626d5cc6a1de,2024-07,Metropolitan Police Service,Metropolitan Police Service,0.032045,51.528479,On or near Ellie Mews,E01034202,Newham 022F,Burglary,Investigation complete; no suspect identified
6816d619a2c8be03c47fab154cc7c30da065d41e5cd9b3719cc23d0d477c5b23,2024-07,Metropolitan Police Service,Metropolitan Police Service,0.032045,51.528479,On or near Ellie Mews,E01034202,Newham 022F,Burglary,Investigation complete; no suspect identified
f5b382a941b96f7ea34f5f1bf50e9708afbc26297fdaa9791ca8b724efff1bcc,2024-07,Metropolitan Police Service,Metropolitan Police Service,0.077397,51.526794,On or near Spur Road,E01003535,Newham 023A,Burglary,Investigation complete; no suspect identified
b5678ab093b05f4049571e62f55c806d62a2b85ae0996f94794102cef7a7b21f,2024-07,Metropolitan Police Service,Metropolitan Police Service,0.077397,51.526794,On or near Spur Road,E01003535,Newham 023A,Burglary,Investigation complete; no suspect identified
9be00068a57202b8b43feb218a23663ad9c832e36bfd2b672fb1623ed148123c,2024-07,Metropolitan Police Service,Metropolitan Police Service,0.05853,51.531057,On or near Wellington Road,E01003523,Newham 024A,Burglary,Investigation complete; no suspect identified
b90c494347df32f329f1421cc4c23b0ac5b9180515737fbda0a5b40ddda56051,2024-07,Metropolitan Police Service,Metropolitan Police Service,0.058873,51.533227,On or near Didsbury Close,E01003523,Newham 024A,Burglary,Investigation complete; no suspect identified
7f867933f6eaddebd7605ba5c5c2b2ae8f2344893ff16365dcc9449a28e5a18d,2024-07,Metropolitan Police Service,Metropolitan Police Service,0.058873,51.533227,On or near Didsbury Close,E01003523,Newham 024A,Burglary,Awaiting court outcome
428e39bd4ce03ada98d7e7d5309b63a76f80736750388e561c78d3a0904719b7,2024-07,Metropolitan Police Service,Metropolitan Police Service,0.052558,51.527457,On or near Pulleyns Avenue,E01003527,Newham 024B,Burglary,Investigation complete; no suspect identified
c851c0f18fb2e8fbda05707d8cdf1ae76adb8a62b0b90584579761ee56c3450d,2024-07,Metropolitan Police Service,Metropolitan Police Service,0.052558,51.527457,On or near Pulleyns Avenue,E01003527,Newham 024B,Burglary,Unable to prosecute suspect
d11e2df5db169019a9bdd47643276acf74481bffa59b3464f8bb67040f9cdbc8,2024-07,Metropolitan Police Service,Metropolitan Police Service,0.062247,51.532269,On or near Ranelagh Road,E01003624,Newham 024E,Burglary,Investigation complete; no suspect identified
de21ba4e0ff1ff82e6d97871257987e6d27a1a12c7041925ecfb2d3694577c2f,2024-07,Metropolitan Police Service,Metropolitan Police Service,0.040273,51.532257,On or near Priory Road,E01034203,Newham 025E,Burglary,Unable to prosecute suspect
d541ecce48f50819b7755ef56413cec9be846fab01e9ac8c14c389d7dcc93863,2024-07,Metropolitan Police Service,Metropolitan Police Service,0.038558,51.530992,On or near Castle Street,E01034203,Newham 025E,Burglary,Investigation complete; no suspect identified
ffce740e928f3fe1faafa723dda2fa30339b5edecd72892b22cdd41a518dcadd,2024-07,Metropolitan Police Service,Metropolitan Police Service,0.038558,51.530992,On or near Castle Street,E01034203,Newham 025E,Burglary,Investigation complete; no suspect identified
8c4f926b80ffc65da80b5209c6ab8c9b316b619a5e19542e83c0543216faba37,2024-07,Metropolitan Police Service,Metropolitan Police Service,0.024181,51.525729,On or near Balaam Street,E01003594,Newham 026A,Burglary,Investigation complete; no suspect identified
0667401f78ba0c3adc27b43d1cb446abd8f303c20b85c0943058fbfb8e1debbe,2024-07,Metropolitan Police Service,Metropolitan Police Service,0.010406,51.523591,On or near Pretoria Road,E01003500,Newham 027C,Burglary,Investigation complete; no suspect identified
ab241e0a584229711aa7fc11aafd86c405a71122a72f5d0bdaebb402565c2a03,2024-07,Metropolitan Police Service,Metropolitan Police Service,0.004817,51.523687,On or near Daisy Road,E01003500,Newham 027C,Burglary,Investigation complete; no suspect identified
56e267ea0de294ef11fb93d559625fab89bee4d9c81d584ad9aa750e87bc81b7,2024-07,Metropolitan Police Service,Metropolitan Police Service,0.011319,51.524358,On or near Ladysmith Road,E01003500,Newham 027C,Burglary,Investigation complete; no suspect identified
9fa9cacd89e4ce8fc7e7e41ecee4ff956c3fcd9b207add7d27f9ace0d386d85d,2024-07,Metropolitan Police Service,Metropolitan Police Service,0.01864,51.531157,On or near Plaistow Road,E01003593,Newham 027D,Burglary,Investigation complete; no suspect identified
05b4a8e4a7aed18377f7e0ba4ee99ed550b1b4f50b2a4013e4f86de37bf18607,2024-07,Metropolitan Police Service,Metropolitan Police Service,0.01864,51.531157,On or near Plaistow Road,E01003593,Newham 027D,Burglary,Investigation complete; no suspect identified
fd1a32272e40f80afa28c9a2076d0ce62619289d3997e0cbb0ef4ae0984351a0,2024-07,Metropolitan Police Service,Metropolitan Police Service,0.029353,51.520468,On or near Jenkins Road,E01003601,Newham 028A,Burglary,Investigation complete; no suspect identified
68778765d549d7cad729d3559f4e86098e1c00ca30a07232b04ad565970d7bf1,2024-07,Metropolitan Police Service,Metropolitan Police Service,0.056864,51.524171,On or near Petrol Station,E01003538,Newham 029A,Burglary,Investigation complete; no suspect identified
688eac68a914710f6dd966a17d7c7754fbc603164248f67daa6e7cb1c27ded3b,2024-07,Metropolitan Police Service,Metropolitan Police Service,0.018011,51.520196,On or near Clove Street,E01003501,Newham 030B,Burglary,Investigation complete; no suspect identified
36fb8f6d554d5abaed5119ff83b7840e6be1cf55fa651bf306db83add1380e2e,2024-07,Metropolitan Police Service,Metropolitan Police Service,0.017008,51.521302,On or near Luton Road,E01003501,Newham 030B,Burglary,Unable to prosecute suspect
4ed70cab1f05f9021e6a557a13ebd4daf33e4547d0e44bb2e90869dcbdce363a,2024-07,Metropolitan Police Service,Metropolitan Police Service,0.012266,51.517399,On or near Mary Street,E01003502,Newham 030C,Burglary,Awaiting court outcome
480dc2e83c0213259f4d086b4277770c5485f2f47854d6e6c9c30cd63d36974f,2024-07,Metropolitan Police Service,Metropolitan Police Service,0.012266,51.517399,On or near Mary Street,E01003502,Newham 030C,Burglary,Investigation complete; no suspect identified
d86971278913b9fa686038aeecccb3bab5fd6eb726f251ff2573bd31ccfd1d56,2024-07,Metropolitan Police Service,Metropolitan Police Service,0.012266,51.517399,On or near Mary Street,E01003502,Newham 030C,Burglary,Investigation complete; no suspect identified
65cd89ebc0d260ed69e18ff2f1300ebfa0bc40538cfd96c804622b88046a20de,2024-07,Metropolitan Police Service,Metropolitan Police Service,0.008212,51.518944,On or near Avondale Road,E01003503,Newham 030D,Burglary,Investigation complete; no suspect identified
f27485d930e577ea2e572b3b3c5e3d58182a11156586afa5be583debd19c2657,2024-07,Metropolitan Police Service,Metropolitan Police Service,0.024709,51.522356,On or near Esk Road,E01003507,Newham 031A,Burglary,Awaiting court outcome
ba2573dc1d2c02c3122dacb7c0e3a69f0035ab6de1c5ee7d2ccedc8609ca401c,2024-07,Metropolitan Police Service,Metropolitan Police Service,0.019174,51.51586,On or near Fife Road,E01003508,Newham 031B,Burglary,Investigation complete; no suspect identified
ea13f150518d9f13d7bbf7639c0a9a742aee0476b5f538a8d801609b40a6d87b,2024-07,Metropolitan Police Service,Metropolitan Police Service,0.029242,51.518303,On or near Brock Road,E01003604,Newham 031D,Burglary,Unable to prosecute suspect
6c22c6e227c872ac5a87d7ac6c26461fc5aac7a6cfaeb450c3bff54f4201823a,2024-07,Metropolitan Police Service,Metropolitan Police Service,0.045718,51.517351,On or near Robin Crescent,E01003483,Newham 032A,Burglary,Investigation complete; no suspect identified
e0fb6ee1a89615af6d377dac37110fea5ef46922f540db1a4745925eca8d0d8d,2024-07,Metropolitan Police Service,Metropolitan Police Service,0.046589,51.519737,On or near Mahindra Way,E01003483,Newham 032A,Burglary,Investigation complete; no suspect identified
18cf7382c8c9e93c4e1a3bbdf5d8e8994510595cac29ec36fb9b6db5a52f0d37,2024-07,Metropolitan Police Service,Metropolitan Police Service,0.031773,51.515247,On or near Ilkley Road,E01003516,Newham 032C,Burglary,Unable to prosecute suspect
facc7f09dbf42f8d71bce1b67e041347348056efc44293c07064fcc04c8ea91a,2024-07,Metropolitan Police Service,Metropolitan Police Service,0.039908,51.514746,On or near St Michaels Close,E01003518,Newham 032D,Burglary,Investigation complete; no suspect identified
754779a15dfe137eafdce7dbdc1b6cf812c2ed727753a16c4ab94f37d5c60bd7,2024-07,Metropolitan Police Service,Metropolitan Police Service,0.062908,51.511493,On or near Bessie Lansbury Close,E01003480,Newham 033A,Burglary,Unable to prosecute suspect
3c03c4d7376c2ee39d2404cad249e8b51717f1ddaafd1f469af12ca20758f9c8,2024-07,Metropolitan Police Service,Metropolitan Police Service,0.07703,51.506064,On or near Shackleton Way,E01034206,Newham 033F,Burglary,Investigation complete; no suspect identified
e29c9f08603c498baa1da9965bfc7c960d30776a4ba7e8036838b7bacea959cd,2024-07,Metropolitan Police Service,Metropolitan Police Service,0.074694,51.506339,On or near Hudson Way,E01034207,Newham 033G,Burglary,Investigation complete; no suspect identified
58bb7dec56a3e79bacd92c8bd510c62a3f9e04d7a5b57807d9a6cafb91f96826,2024-07,Metropolitan Police Service,Metropolitan Police Service,0.003058,51.519742,On or near Nightclub,E01003497,Newham 034A,Burglary,Investigation complete; no suspect identified
fce9864b67ab0a16641c945e5322a7dc494b338e08912df3ac9e898f26312f2e,2024-07,Metropolitan Police Service,Metropolitan Police Service,0.006274,51.51815,On or near Birch Close,E01003497,Newham 034A,Burglary,Investigation complete; no suspect identified
31b5fb5abc1f64e783cde30abe1c84eaad0c63e3d5a737444145633b8168ecb3,2024-07,Metropolitan Police Service,Metropolitan Police Service,0.006949,51.521366,On or near Violet Close,E01003497,Newham 034A,Burglary,Investigation complete; no suspect identified
84f9b9ebf3e66ecaddd99a2bed0bacd41bf1e80e5ff9b7ffa346781cc9822bcc,2024-07,Metropolitan Police Service,Metropolitan Police Service,0.02389,51.511039,On or near Coolfin Road,E01003506,Newham 034D,Burglary,Investigation complete; no suspect identified
a25fa64658c754edff6870d04443e4cdedbb6fa1356b183e9a518626eb556036,2024-07,Metropolitan Police Service,Metropolitan Police Service,0.02389,51.511039,On or near Coolfin Road,E01003506,Newham 034D,Burglary,Investigation complete; no suspect identified
baf981e368b6fa14b503c268d5c074b6d9ba7048b7854a176b4ac83cee48566e,2024-07,Metropolitan Police Service,Metropolitan Police Service,0.025108,51.510893,On or near Normandy Terrace,E01003506,Newham 034D,Burglary,Investigation complete; no suspect identified
3bed62e0bc31d5caa28ab9b778f59ea04fe09b16cbf14778c8aadadd487606e3,2024-07,Metropolitan Police Service,Metropolitan Police Service,0.018356,51.516593,On or near Edwin Street,E01034208,Newham 034J,Burglary,Investigation complete; no suspect identified
6c9a395c208e83acf6c23c06cfa140d87906bf5b6c9494247171de46d93f9254,2024-07,Metropolitan Police Service,Metropolitan Police Service,0.011145,51.515836,On or near Petra Way,E01034209,Newham 034K,Burglary,Unable to prosecute suspect
94d9738db9e1a5afdde276baa470faad5144af1bea5125dce4c8245a6f782524,2024-07,Metropolitan Police Service,Metropolitan Police Service,0.008432,51.514444,On or near Canning Town Bus Station,E01034209,Newham 034K,Burglary,Investigation complete; no suspect identified
a1377ef08cd5bfc3cb38070d360919984f2956d3443fb35d7e80dcd18af2c0e1,2024-07,Metropolitan Police Service,Metropolitan Police Service,0.011145,51.515836,On or near Petra Way,E01034209,Newham 034K,Burglary,Investigation complete; no suspect identified
0a1b340469dcd04a89fe987247543605b404dd7628176201b3f60395adde4e99,2024-07,Metropolitan Police Service,Metropolitan Police Service,0.008796,51.513232,On or near Canning Town,E01034211,Newham 034M,Burglary,Investigation complete; no suspect identified
6124b403f590e4b817494ed938820b64e4015e1219421148d2336389266d0971,2024-07,Metropolitan Police Service,Metropolitan Police Service,0.012381,51.510527,On or near Caxton Street North,E01034211,Newham 034M,Burglary,Investigation complete; no suspect identified
4ff5de8485f6b151049a7ec9ecca9353e65938e85a6b65de31e63bfc228e8773,2024-07,Metropolitan Police Service,Metropolitan Police Service,0.02599,51.509645,On or near Custom House,E01034212,Newham 034N,Burglary,Investigation complete; no suspect identified
5669557f9923c9718fcee55c60380c5c50611bde3a129968f707b7b4edb94d44,2024-07,Metropolitan Police Service,Metropolitan Police Service,0.015787,51.507699,On or near Siemens Brothers Way,E01034212,Newham 034N,Burglary,Investigation complete; no suspect identified
8eebae8faa878471ebb601c63bff3fa274861ef675a376289e73a3907d564dff,2024-07,Metropolitan Police Service,Metropolitan Police Service,0.05709,51.511262,On or near Batten Close,E01003479,Newham 035A,Burglary,Investigation complete; no suspect identified
03e5d2d055b87de14b59385edc939cd38b8a1e8060721e9cc647e4eae6cca6b6,2024-07,Metropolitan Police Service,Metropolitan Police Service,0.058476,51.511643,On or near Savage Gardens,E01003481,Newham 035B,Burglary,Investigation complete; no suspect identified
1e0bb91b9fd722a6852371bad3a5b827c2d10f8b7116fe397b8dfbe6e432b329,2024-07,Metropolitan Police Service,Metropolitan Police Service,0.057893,51.512462,On or near Brandreth Road,E01003481,Newham 035B,Burglary,Investigation complete; no suspect identified
ef27af62ec6ed1533efc0eab7ff0d7ec11d7c30b8f49ba4224cda0b3e8cc4ffd,2024-07,Metropolitan Police Service,Metropolitan Police Service,0.057226,51.512672,On or near Newling Close,E01003481,Newham 035B,Burglary,Investigation complete; no suspect identified
a04d6cf7925442710aac44103a01b94f919cbedbf49cfd6e474b7edd2e5ebb21,2024-07,Metropolitan Police Service,Metropolitan Police Service,0.057893,51.512462,On or near Brandreth Road,E01003481,Newham 035B,Burglary,Investigation complete; no suspect identified
2f067414fc7ba604f81860621f4fb8703283945d247f4bec6f874e65029fbe24,2024-07,Metropolitan Police Service,Metropolitan Police Service,0.057893,51.512462,On or near Brandreth Road,E01003481,Newham 035B,Burglary,Investigation complete; no suspect identified
9c7b16cfc322b20ddf72514144a3c9489505faea9b0d1501383e653f3a5e4366,2024-07,Metropolitan Police Service,Metropolitan Police Service,0.058059,51.509429,On or near Campion Close,E01003481,Newham 035B,Burglary,Unable to prosecute suspect
74cf20bbe100780d31ee5dc9bf4f5df6280f18c346c702466dee77e0daf29867,2024-07,Metropolitan Police Service,Metropolitan Police Service,0.018909,51.515397,On or near Reed Close,E01003511,Newham 036A,Burglary,Awaiting court outcome
bb8f38260026dba61c4fd1d5be65667cbe01e5c008eb7483455fa03001084c8b,2024-07,Metropolitan Police Service,Metropolitan Police Service,0.042648,51.51156,On or near Jade Close,E01003514,Newham 036C,Burglary,Investigation complete; no suspect identified
404d7a43b77479f9f2bb5109529c8a9206f220dbc130c5db53c9d9edc171f035,2024-07,Metropolitan Police Service,Metropolitan Police Service,0.027766,51.510388,On or near Betts Road,E01003515,Newham 036D,Burglary,Investigation complete; no suspect identified
6eb03c4295a775888435214135778638bd98d6fc32053eb2037571b2b9d971de,2024-07,Metropolitan Police Service,Metropolitan Police Service,-0.013765,51.54688,On or near Olympic Park Avenue,E01034213,Newham 038A,Burglary,Investigation complete; no suspect identified
adea6eb22f2c1c5e9403d0050422ca9ce021bf516bc6b3f89ec298c0823f0f3c,2024-07,Metropolitan Police Service,Metropolitan Police Service,-0.012708,51.548625,On or near Weavers Row,E01034213,Newham 038A,Burglary,Investigation complete; no suspect identified
c199b77525402337b56daf8ded0e413a9cf7f8f0420e44061c4b0aeea246eb5d,2024-07,Metropolitan Police Service,Metropolitan Police Service,-0.012708,51.548625,On or near Weavers Row,E01034213,Newham 038A,Burglary,Awaiting court outcome
32df38aa51e26d08cfc01b74aaf45e70b8acad38410a5f1f2d60340f6ac990f3,2024-07,Metropolitan Police Service,Metropolitan Police Service,-0.011593,51.549712,On or near Derny Avenue,E01034213,Newham 038A,Burglary,Investigation complete; no suspect identified
0f9fef099f9521691191e028811a8fabc3d33b4a3e3ad49c88a07f731ce1dd38,2024-07,Metropolitan Police Service,Metropolitan Police Service,-0.011206,51.548663,On or near Honour Lea Avenue,E01034213,Newham 038A,Burglary,Awaiting court outcome
5020e7c0f3eb20ba5feb70d1b1cde023d085baa54dab20daf21ef6afcba73bc4,2024-07,Metropolitan Police Service,Metropolitan Police Service,-0.012708,51.548625,On or near Weavers Row,E01034213,Newham 038A,Burglary,Investigation complete; no suspect identified
d0a7184ff1b454d59a84a4f19e783cd8e3d9b836e15410a35be3ff63dfc4d4fd,2024-07,Metropolitan Police Service,Metropolitan Police Service,-0.009549,51.542672,On or near Westfield Avenue,E01034217,Newham 038E,Burglary,Investigation complete; no suspect identified
d6032b09ad3904870f8fabee9a25e45f8b4f44201000a2e3e77139c6ca6e63bb,2024-07,Metropolitan Police Service,Metropolitan Police Service,-0.012745,51.547457,On or near Scarlet Close,E01034217,Newham 038E,Burglary,Investigation complete; no suspect identified
c3ff59c9d72df912f941d606d36bfcf602df76254325f619975fec8fc9c7a825,2024-07,Metropolitan Police Service,Metropolitan Police Service,-0.012745,51.547457,On or near Scarlet Close,E01034217,Newham 038E,Burglary,Unable to prosecute suspect
f134a57c8476a86f4dac905c9962ff567e24bcb074dabda2f992acdb9f2ad87d,2024-07,Metropolitan Police Service,Metropolitan Police Service,-0.012745,51.547457,On or near Scarlet Close,E01034217,Newham 038E,Burglary,Investigation complete; no suspect identified
d58e59880e20c67e7510940e0bc4b7d298a990439e97808763080d68cbfcdc6b,2024-07,Metropolitan Police Service,Metropolitan Police Service,-0.012745,51.547457,On or near Scarlet Close,E01034217,Newham 038E,Burglary,Investigation complete; no suspect identified
29b0604eb84499f89edb7b1d17a11cfb758b6622298e764b864ff54790dbd32a,2024-07,Metropolitan Police Service,Metropolitan Police Service,-0.009493,51.549254,On or near Sunrise Close,E01034218,Newham 039B,Burglary,Status update unavailable
bfc8e1af1873b31ad4a39962889e5ba93b51e9de1e4da16f94a2d09be7a2d638,2024-07,Metropolitan Police Service,Metropolitan Police Service,-0.003365,51.550193,On or near Major Road,E01034218,Newham 039B,Burglary,Investigation complete; no suspect identified
b50c86c91bcb798bca08ec824bd466013c81d877a390a853c012e5106a9e9a2a,2024-07,Metropolitan Police Service,Metropolitan Police Service,-0.001226,51.547989,On or near Ashton Road,E01034218,Newham 039B,Burglary,Investigation complete; no suspect identified
9b04198e5ce30137cbea42c402b66295bc5d4a6d1a477142600100d6785f8664,2024-07,Metropolitan Police Service,Metropolitan Police Service,-0.006898,51.543293,On or near Shopping Area,E01034220,Newham 039D,Burglary,Investigation complete; no suspect identified
c51b3d8a47ca0533771cf3888961d68beb68bb1f51b43d13ff1077a8718af803,2024-07,Metropolitan Police Service,Metropolitan Police Service,-0.002377,51.53818,On or near Lett Road,E01034220,Newham 039D,Burglary,Investigation complete; no suspect identified
2b9e25c167f0273dd20a57dc041c00a847e26ba777f191a2be7a0cebc89c3ed2,2024-07,Metropolitan Police Service,Metropolitan Police Service,-0.006898,51.543293,On or near Shopping Area,E01034220,Newham 039D,Burglary,Status update unavailable
b62b6a4e28df2a48b80f404638f1f352969c0b7f01775c9a6c110937dd8aa1c5,2024-07,Metropolitan Police Service,Metropolitan Police Service,-0.002377,51.53818,On or near Lett Road,E01034220,Newham 039D,Burglary,Investigation complete; no suspect identified
7556e606141156d2ccf35de05354f7abd4f9b87bf72cede2387b6713a5228664,2024-07,Metropolitan Police Service,Metropolitan Police Service,-0.006991,51.536874,On or near Biggerstaff Road,E01034221,Newham 039E,Burglary,Investigation complete; no suspect identified
e68455b143a00ba2d8ed66d560317ffaac411b9078f60aecd5cf3464b8abe331,2024-07,Metropolitan Police Service,Metropolitan Police Service,-0.00726,51.537966,On or near Rowse Close,E01034221,Newham 039E,Burglary,Investigation complete; no suspect identified
93cd633ff2e36ca0aa5754e647b3fea357ddf27796ef52b2719fc14f14b258fb,2024-07,Metropolitan Police Service,Metropolitan Police Service,-0.006543,51.534582,On or near High Street,E01034222,Newham 040A,Burglary,Investigation complete; no suspect identified
2d92b2888c6290c8374d626ab94071fc5c3bef8a2f16a5f6b7bb64f702ba136e,2024-07,Metropolitan Police Service,Metropolitan Police Service,-0.008628,51.530418,On or near Carpet Street,E01033586,Newham 040D,Burglary,Investigation complete; no suspect identified
e19bb98dcd6ef27b2eb3b07f5898fd5163d4abca53748a169f84ec43afb00267,2024-07,Metropolitan Police Service,Metropolitan Police Service,-0.003967,51.535788,On or near Wise Road,E01033586,Newham 040D,Burglary,Investigation complete; no suspect identified
c50034d9e24dca7d3b7e1be65c96613e51f083928642ffd3c99040b9f91fb912,2024-07,Metropolitan Police Service,Metropolitan Police Service,-0.008118,51.530877,On or near Copperworks Wharf,E01033586,Newham 040D,Burglary,Investigation complete; no suspect identified
e11b24fc19c92652176593d7243aa5e3decb4a66f838eb78a09d8eddd93cf4fe,2024-07,Metropolitan Police Service,Metropolitan Police Service,-0.008628,51.530418,On or near Carpet Street,E01033586,Newham 040D,Burglary,Investigation complete; no suspect identified
6a4bfa4a4d5bfa1c1bc03d5dfd11e6ffbdacd9d386d346ccdb9999169c5a8cef,2024-07,Metropolitan Police Service,Metropolitan Police Service,0.073248,51.501463,On or near Hull Place,E01033582,Newham 041B,Burglary,Investigation complete; no suspect identified
9aa7dd72e9f4ef50f6284623fe2ad909c7c51ca1746b9cccbe66e08c4848ab03,2024-07,Metropolitan Police Service,Metropolitan Police Service,0.030363,51.50234,On or near North Woolwich Road,E01034225,Newham 042B,Burglary,Investigation complete; no suspect identified
7824ea06175a610f69d6470f0f421d3652220e222ae387836ea0ebfd8f27f58a,2024-07,Metropolitan Police Service,Metropolitan Police Service,0.025947,51.499583,On or near Bonnet Street,E01034230,Newham 042G,Burglary,Status update unavailable
ec3ba4650d110214356da5b76879670a9301e0159b0a40e28c37322482c8d049,2024-07,Metropolitan Police Service,Metropolitan Police Service,0.032277,51.607134,On or near Supermarket,E01003748,Redbridge 001E,Burglary,Status update unavailable
e20138d143870b678bcfef3a31c7b605e602c82a5154e757071baf41af40a32c,2024-07,Metropolitan Police Service,Metropolitan Police Service,0.021223,51.607752,On or near Sports/Recreation Area,E01003750,Redbridge 001G,Burglary,Investigation complete; no suspect identified
9cd6ef6919c37c130885d89b4f1d2d540b1f67f67860597fec73c6e6986337ce,2024-07,Metropolitan Police Service,Metropolitan Police Service,0.021842,51.60664,On or near Higham Road,E01003750,Redbridge 001G,Burglary,Investigation complete; no suspect identified
7a919321290b73151c481abb9940f19c2f222e3b944b46d94d1d430e5d566480,2024-07,Metropolitan Police Service,Metropolitan Police Service,0.118474,51.610681,On or near Branch Road,E01003726,Redbridge 002D,Burglary,Investigation complete; no suspect identified
8387810e6990d68b22ea9b043ea0a3fc5875a2bf7d738794a3c43f3496f37a4d,2024-07,Metropolitan Police Service,Metropolitan Police Service,0.120154,51.606024,On or near Shopping Area,E01003726,Redbridge 002D,Burglary,Awaiting court outcome
59e615d58983dafed356efa6711be3fafa01ff65e119fd35413dd6ebc009457c,2024-07,Metropolitan Police Service,Metropolitan Police Service,0.054028,51.606198,On or near Supermarket,E01003657,Redbridge 005B,Burglary,Investigation complete; no suspect identified
4c75b1448511c3d9518788e93242778d398b6aaca2abb03a772c188cdc33bbfb,2024-07,Metropolitan Police Service,Metropolitan Police Service,0.052932,51.605273,On or near Oakwood Close,E01003657,Redbridge 005B,Burglary,Investigation complete; no suspect identified
a7232102612e7224c1fa474a200bf1915f202d62f65ff42044668b67dd2ebdb5,2024-07,Metropolitan Police Service,Metropolitan Police Service,0.083711,51.60411,On or near Greenside Close,E01003702,Redbridge 006E,Burglary,Investigation complete; no suspect identified
e6676e2e4b2d415e6ee93be7b86c3f7da6f16532e8908dc9876dcf563fa212b8,2024-07,Metropolitan Police Service,Metropolitan Police Service,0.078679,51.606168,On or near Shakespeare Square,E01003703,Redbridge 006F,Burglary,Investigation complete; no suspect identified
7accccb7702d2cc9437da5efbf0ade66e81dfdcd9682041d397236db40052e38,2024-07,Metropolitan Police Service,Metropolitan Police Service,0.083749,51.602086,On or near Supermarket,E01003704,Redbridge 006G,Burglary,Unable to prosecute suspect
a6b7fc952674a12e2e91f23d0346d409048c95eaa43e24fcd87dd087de19e433,2024-07,Metropolitan Police Service,Metropolitan Police Service,0.083749,51.602086,On or near Supermarket,E01003704,Redbridge 006G,Burglary,Investigation complete; no suspect identified
d28ecc41d99bdf64f40fddbb261d19545fa81db3d2ca1c48fa371e71e3306084,2024-07,Metropolitan Police Service,Metropolitan Police Service,0.027208,51.592231,On or near Station Approach,E01003668,Redbridge 007A,Burglary,Investigation complete; no suspect identified
7f31f3c46eb04f1b0d2453d964f2e4af28a8d5f863f653b9f45b1e26c45f232d,2024-07,Metropolitan Police Service,Metropolitan Police Service,0.027208,51.592231,On or near Station Approach,E01003668,Redbridge 007A,Burglary,Investigation complete; no suspect identified
b68a6f96b067f69e1e59f71bf6774090311f37241075c18f27b8fbc25090ccf6,2024-07,Metropolitan Police Service,Metropolitan Police Service,0.026501,51.592567,On or near George Lane,E01003668,Redbridge 007A,Burglary,Investigation complete; no suspect identified
f94fb3ed71e1d66e2e38957edd5997f5d0df8daf078f2fb41fc020f104a29bcc,2024-07,Metropolitan Police Service,Metropolitan Police Service,0.019029,51.599872,On or near Parking Area,E01003669,Redbridge 007B,Burglary,Investigation complete; no suspect identified
36a9116ec02d265e9557aae9ea440910eedbe58e2394f998caf61ffdc4edaa6d,2024-07,Metropolitan Police Service,Metropolitan Police Service,0.02387,51.596713,On or near Queen Mary Avenue,E01003672,Redbridge 007E,Burglary,Awaiting court outcome
fa01810c490e3cc331b84fe5ccf250b65ceeb759c86ed28babb9f6c842ee7ed7,2024-07,Metropolitan Police Service,Metropolitan Police Service,0.021808,51.595786,On or near High Road,E01003673,Redbridge 007F,Burglary,Unable to prosecute suspect
962f546c012a21ce5e7764954d8ca35391791b6494dff1adfc56c5ccdba7bdbe,2024-07,Metropolitan Police Service,Metropolitan Police Service,0.021808,51.595786,On or near High Road,E01003673,Redbridge 007F,Burglary,Investigation complete; no suspect identified
cfa4200b296397d0293abab4bcb44bfdcc31632f6c7ebfccb7e7a06d24429b47,2024-07,Metropolitan Police Service,Metropolitan Police Service,0.021808,51.595786,On or near High Road,E01003673,Redbridge 007F,Burglary,Investigation complete; no suspect identified
a99a57dacdb4d34157776fc465519fdfe69254f6d26dcd96e70e7945544c678e,2024-07,Metropolitan Police Service,Metropolitan Police Service,0.025022,51.594031,On or near The Shrubberies,E01003674,Redbridge 007G,Burglary,Investigation complete; no suspect identified
6dd3cda05aa5fad25c650fb3996bdd11d143e1d38bf78c8570c15b650e161ce4,2024-07,Metropolitan Police Service,Metropolitan Police Service,0.027613,51.597422,On or near Fieldhouse Close,E01003674,Redbridge 007G,Burglary,Investigation complete; no suspect identified
397d248c82930ca9b233049d9d7c82523a006238e4b60b27670cb61fa6a40e74,2024-07,Metropolitan Police Service,Metropolitan Police Service,0.023137,51.595475,On or near Supermarket,E01003674,Redbridge 007G,Burglary,Investigation complete; no suspect identified
dd31e65c61a7b9f872e138006cece7c326412c86d887d62164582c3216f66b1c,2024-07,Metropolitan Police Service,Metropolitan Police Service,0.032546,51.596023,On or near Diana Close,E01003762,Redbridge 009D,Burglary,Unable to prosecute suspect
0ab7b113550897eb98545888f51a2bc511f18c2039239f8adbd11bc57f6f4847,2024-07,Metropolitan Police Service,Metropolitan Police Service,0.028892,51.591455,On or near Supermarket,E01003765,Redbridge 009G,Burglary,Investigation complete; no suspect identified
b9948c0a80a8ae9a982c1454664841d0de66a4f2f7daaf64c679d88d2938484b,2024-07,Metropolitan Police Service,Metropolitan Police Service,0.028892,51.591455,On or near Supermarket,E01003765,Redbridge 009G,Burglary,Investigation complete; no suspect identified
b10277f1a8eccfa4362d5a8e617afec26db96ddb4730fa969066b75ffd69fc25,2024-07,Metropolitan Police Service,Metropolitan Police Service,0.075276,51.590446,On or near Hatfield Close,E01003712,Redbridge 010D,Burglary,Investigation complete; no suspect identified
c57d0254963a17f0b84797f46fed07051ee5b7acfcaba3009aaf4aeb4af89700,2024-07,Metropolitan Police Service,Metropolitan Police Service,0.075276,51.590446,On or near Hatfield Close,E01003712,Redbridge 010D,Burglary,Investigation complete; no suspect identified
27d1850f3e585ba7e43cf9e4657d26ca42dbc16b436ebe258d1a582d211cb0ec,2024-07,Metropolitan Police Service,Metropolitan Police Service,0.058006,51.580787,On or near Gosford Gardens,E01003646,Redbridge 012A,Burglary,Investigation complete; no suspect identified
b70de04e26ae5df7022d3b04c41bf534b1c57fcaa725826ba48072eb306cae99,2024-07,Metropolitan Police Service,Metropolitan Police Service,0.073764,51.587371,On or near Mapleleafe Gardens,E01003648,Redbridge 012B,Burglary,Investigation complete; no suspect identified
993e1e8c2d9478282a59ae54965c8f76d8849d7b74a22f166bb36ee8692d2f44,2024-07,Metropolitan Police Service,Metropolitan Police Service,0.105465,51.582049,On or near Bawdsey Avenue,E01003640,Redbridge 013B,Burglary,Unable to prosecute suspect
62ca41dabcc89cc9125be2afaa581812942c18be1f3701dd342eb4037ff6d131,2024-07,Metropolitan Police Service,Metropolitan Police Service,0.088693,51.577664,On or near Bush Close,E01003642,Redbridge 013D,Burglary,Investigation complete; no suspect identified
92ccb5c2135c83826bb2088316cae36614b56a9eac448ade7da5425afee96e45,2024-07,Metropolitan Police Service,Metropolitan Police Service,0.025344,51.585384,On or near Falcon Way,E01003774,Redbridge 014A,Burglary,Investigation complete; no suspect identified
31d7554a80b098c803556c4ff0470e9c29502995bb6e147c5c6ceacd1ad9c6e7,2024-07,Metropolitan Police Service,Metropolitan Police Service,0.019479,51.589828,On or near Malford Grove,E01003775,Redbridge 014B,Burglary,Investigation complete; no suspect identified
85c961e86abbd1f69fdf682bbe1c186201c10974039c7a351cb44009207a20a4,2024-07,Metropolitan Police Service,Metropolitan Police Service,0.020809,51.591496,On or near South Woodford,E01003775,Redbridge 014B,Burglary,Investigation complete; no suspect identified
75aa02d883f7a3c6260b4ca511f513cede86ca9a4edca2ce947f6081db6caa7b,2024-07,Metropolitan Police Service,Metropolitan Police Service,0.025842,51.579044,On or near Stables Row,E01003777,Redbridge 014D,Burglary,Investigation complete; no suspect identified
bc7a3d334a6a9c6ef3b90d41860c7c9b435eab4fdab7f6cdf24a73295237efee,2024-07,Metropolitan Police Service,Metropolitan Police Service,0.023746,51.576706,On or near Spratt Hall Road,E01003778,Redbridge 014E,Burglary,Investigation complete; no suspect identified
5fb80448bdb3b3b91bee8c819f11769b19810cd70e8231925e2e58a42e4fd21d,2024-07,Metropolitan Police Service,Metropolitan Police Service,0.021732,51.581067,On or near High Street,E01003778,Redbridge 014E,Burglary,Investigation complete; no suspect identified
31bc187f87794074be5744cdca87229ba5f153112fb48b12b9aa721abebf3f6d,2024-07,Metropolitan Police Service,Metropolitan Police Service,0.026637,51.576153,On or near Sheridan Mews,E01003778,Redbridge 014E,Burglary,Unable to prosecute suspect
0d2bd258e5e88ecb4a0c8e74596f3c5e19de5bb5bbba4767e83c2a5d13616b63,2024-07,Metropolitan Police Service,Metropolitan Police Service,0.074437,51.579319,On or near Icknield Drive,E01003647,Redbridge 015A,Burglary,Unable to prosecute suspect
14bbfcf34a9529d055feef02f4d3a326f9148a26b6ce507224302d5dd7c37f52,2024-07,Metropolitan Police Service,Metropolitan Police Service,0.068303,51.576974,On or near Nightclub,E01003653,Redbridge 015D,Burglary,Investigation complete; no suspect identified
c1a1b3385659fa0bc288d5b326daba474dc4c40fddf3c2a32f94a0d97084e3c1,2024-07,Metropolitan Police Service,Metropolitan Police Service,0.068303,51.576974,On or near Nightclub,E01003653,Redbridge 015D,Burglary,Investigation complete; no suspect identified
8eb0d829aec992097a48779f38876de44fe108e81b1354bc2931956536fe498b,2024-07,Metropolitan Police Service,Metropolitan Police Service,0.068303,51.576974,On or near Nightclub,E01003653,Redbridge 015D,Burglary,Investigation complete; no suspect identified
1aea8961e80bb97ac32912f6319d2e99ffbc83848271d7f2d39ae4a1faabcda0,2024-07,Metropolitan Police Service,Metropolitan Police Service,0.068303,51.576974,On or near Nightclub,E01003653,Redbridge 015D,Burglary,Investigation complete; no suspect identified
090922ccfc178eab6b3b3a5169e8851bda4893abbdd790a05a750c2561b0e970,2024-07,Metropolitan Police Service,Metropolitan Police Service,0.086957,51.577263,On or near Perrymans Farm Road,E01003645,Redbridge 017D,Burglary,Investigation complete; no suspect identified
388f98290ef99cb45664db18c424a474e7d7b9f70332d267080eadc9ae0d366d,2024-07,Metropolitan Police Service,Metropolitan Police Service,0.082665,51.575253,On or near Uppark Drive,E01003645,Redbridge 017D,Burglary,Investigation complete; no suspect identified
05a8c7fb45006f36b386154d57ef647b0a5d1670d75c9957e103832ed8c478e7,2024-07,Metropolitan Police Service,Metropolitan Police Service,0.084029,51.577306,On or near Tring Close,E01003645,Redbridge 017D,Burglary,Investigation complete; no suspect identified
edac03625ebedf2a97309dbfd29d1bda6759df9c9dd9aff1ec12466bca63490b,2024-07,Metropolitan Police Service,Metropolitan Police Service,0.022001,51.572186,On or near Selsdon Road,E01003789,Redbridge 018A,Burglary,Investigation complete; no suspect identified
f0a4abac2dbc4e6bb76e67a43d621e99b56d04f184c0bf45644ba4c5271cf5f1,2024-07,Metropolitan Police Service,Metropolitan Police Service,0.097331,51.574362,On or near Chepstow Crescent,E01003751,Redbridge 020A,Burglary,Unable to prosecute suspect
0ffaf29f8b65aca140ef07e9b7cabd14a78a9a932375f9e7d0ce3279de71b534,2024-07,Metropolitan Police Service,Metropolitan Police Service,0.085158,51.571378,On or near Dellow Close,E01003753,Redbridge 020B,Burglary,Investigation complete; no suspect identified
5aefe3de937596cdd49cf6579d078a7b7254346642d5250e95f9da4fe38f8a79,2024-07,Metropolitan Police Service,Metropolitan Police Service,0.085161,51.571135,On or near Dellow Close,E01003753,Redbridge 020B,Burglary,Investigation complete; no suspect identified
aa9e4d7f8238ff3ae814462ad767434f912b8dcced3bb5405ed3a18dbd20ec3e,2024-07,Metropolitan Police Service,Metropolitan Police Service,0.095753,51.571126,On or near Aldborough Road South,E01003754,Redbridge 020C,Burglary,Investigation complete; no suspect identified
14c97246f6d3c82a33e144443fd8964a9a5d1cac67391668be1222bf3f9ec9e9,2024-07,Metropolitan Police Service,Metropolitan Police Service,0.108215,51.566622,On or near Telegraph Mews,E01003769,Redbridge 022A,Burglary,Investigation complete; no suspect identified
87747f0a4427e1f58b02b95edf072833b0fdce2828b75d1270d0bfbfa656a77f,2024-07,Metropolitan Police Service,Metropolitan Police Service,0.110089,51.565968,On or near Goodmayes Avenue,E01003769,Redbridge 022A,Burglary,Investigation complete; no suspect identified
6cf303913dd93bb64c2b639d27f86e90fcd2e7650739d1e93cbf9a08b6f92d50,2024-07,Metropolitan Police Service,Metropolitan Police Service,0.108702,51.566245,On or near Shopping Area,E01003769,Redbridge 022A,Burglary,Unable to prosecute suspect
02ad9e5d405e97ba7345c8e2f3b94c39ccfd58b07bfefa849ddacf6aceaaa5a5,2024-07,Metropolitan Police Service,Metropolitan Police Service,0.119732,51.573195,On or near Quarles Park Road,E01003770,Redbridge 022B,Burglary,Unable to prosecute suspect
0a4a20a8c2a2ee02d9e1872757071894cb4d31a2ee955e245ace3da989019a96,2024-07,Metropolitan Police Service,Metropolitan Police Service,0.110899,51.571924,On or near Douglas Road,E01003771,Redbridge 022C,Burglary,Investigation complete; no suspect identified
97f27eb531b2929233cc5788458d7d0b84f3f2793afb7f4f293477da1889109b,2024-07,Metropolitan Police Service,Metropolitan Police Service,0.106383,51.571313,On or near Royal Close,E01003771,Redbridge 022C,Burglary,Investigation complete; no suspect identified
9410b93e65458c93fdb4399d1c1aa7393d38648b162a3c475ecd5741ba096248,2024-07,Metropolitan Police Service,Metropolitan Police Service,0.075366,51.574051,On or near Albemarle Gardens,E01003752,Redbridge 023A,Burglary,Investigation complete; no suspect identified
548ab9bc78c762a28bec004193c8c261552f61e07b4a08f997efc735bcf169f2,2024-07,Metropolitan Police Service,Metropolitan Police Service,0.085703,51.573517,On or near Petrol Station,E01003755,Redbridge 023B,Burglary,Unable to prosecute suspect
707cd57ed96e530070995841a9532b518eb3b4e6ee4b0c14e4fd819d5b03a3be,2024-07,Metropolitan Police Service,Metropolitan Police Service,0.083952,51.573404,On or near Ley Street,E01003755,Redbridge 023B,Burglary,Investigation complete; no suspect identified
4340da5f97b4e0bb146a9ecfdabca91403104579fe087b38755479661b7e2a6f,2024-07,Metropolitan Police Service,Metropolitan Police Service,0.104706,51.565371,On or near Supermarket,E01003767,Redbridge 024B,Burglary,Investigation complete; no suspect identified
7886179fbc5f1ccd701580d7b79ccde9bffc994876affedcfb734eda4b17c45d,2024-07,Metropolitan Police Service,Metropolitan Police Service,0.102566,51.564907,On or near Petrol Station,E01003767,Redbridge 024B,Burglary,Unable to prosecute suspect
cdc96b54c3cfb936b82b2c133c4968060c809abc116a0472d66a8e2ad20ae6f1,2024-07,Metropolitan Police Service,Metropolitan Police Service,0.102566,51.564907,On or near Petrol Station,E01003767,Redbridge 024B,Burglary,Investigation complete; no suspect identified
8de9d62ddf3d2cb075174e522106ec538dc0ea68effc32f7ad474623e3c9c8a4,2024-07,Metropolitan Police Service,Metropolitan Police Service,0.103223,51.566001,On or near Spencer Road,E01003767,Redbridge 024B,Burglary,Investigation complete; no suspect identified
d6efa8412496b050df0aac5ba8beb1fd8f38a4ff726dd7956a6392ce8d46b336,2024-07,Metropolitan Police Service,Metropolitan Police Service,0.095398,51.564657,On or near Cameron Road,E01003768,Redbridge 024C,Burglary,Investigation complete; no suspect identified
2b2ac9518619c0e89bf345e07c939b3e30e151e6d153197336554affc6dc9de0,2024-07,Metropolitan Police Service,Metropolitan Police Service,0.074151,51.563533,On or near Airlie Gardens,E01003781,Redbridge 026A,Burglary,Unable to prosecute suspect
7f4d30eff4701151bdcb2ab9b198101ea1070bc943e40926feb16316f3819be2,2024-07,Metropolitan Police Service,Metropolitan Police Service,0.074044,51.564983,On or near Warwick Gardens,E01003781,Redbridge 026A,Burglary,Investigation complete; no suspect identified
169a6bfff6373aefebe759fa3358112f82357066c5a67bbffdcb5e4d4f2da582,2024-07,Metropolitan Police Service,Metropolitan Police Service,0.077944,51.570148,On or near Montreal Road,E01003786,Redbridge 026C,Burglary,Investigation complete; no suspect identified
c34387599ab867729d100e417d9f374e10be780d40412e49f45f5a535ecbb316,2024-07,Metropolitan Police Service,Metropolitan Police Service,0.042205,51.564795,On or near Northumberland Avenue,E01003790,Redbridge 027A,Burglary,Investigation complete; no suspect identified
f08471c27555faaedd66ffc67c1a1ca2889ebeecc35fbfda7f23b49040c545ce,2024-07,Metropolitan Police Service,Metropolitan Police Service,0.033459,51.562236,On or near Petrol Station,E01003793,Redbridge 027D,Burglary,Investigation complete; no suspect identified
5002c5fb39fb3218c3281af60ea9bcfbf00c318e2b4011c57dd1c884124a6a82,2024-07,Metropolitan Police Service,Metropolitan Police Service,0.029462,51.564737,On or near St Gabriel'S Close,E01003793,Redbridge 027D,Burglary,Unable to prosecute suspect
b906daf0aeafcc8975b184728a58574af3fb5b8cf14243e5386e743563238aed,2024-07,Metropolitan Police Service,Metropolitan Police Service,0.069939,51.561341,On or near Heron Mews,E01003783,Redbridge 029A,Burglary,Status update unavailable
798bba4312eae2e6ffd56196f602cc4f49a9a38820156de49e7061e023f90cc9,2024-07,Metropolitan Police Service,Metropolitan Police Service,0.069939,51.561341,On or near Heron Mews,E01003783,Redbridge 029A,Burglary,Investigation complete; no suspect identified
2b3de4cdebdd22ff6ceca385329b416b66e0dbedc1a7d3f8263ccc537c13d431,2024-07,Metropolitan Police Service,Metropolitan Police Service,0.068957,51.559407,On or near York Place,E01003783,Redbridge 029A,Burglary,Court result unavailable
850cb7399278a575c1ea0b380d5db19ceeb9204c3fdceb6adfd748419f5da013,2024-07,Metropolitan Police Service,Metropolitan Police Service,0.069939,51.561341,On or near Heron Mews,E01003783,Redbridge 029A,Burglary,Investigation complete; no suspect identified
1c0f3f2493e26b9f0225a57dbc7e65ca0b5af318b565b1d16b96543c56d43dec,2024-07,Metropolitan Police Service,Metropolitan Police Service,0.070904,51.560038,On or near Shopping Area,E01003783,Redbridge 029A,Burglary,Investigation complete; no suspect identified
d66584d902539eebd8b3084a39d68dcf14ee32fc8379106ab0a9ba38963cf0bc,2024-07,Metropolitan Police Service,Metropolitan Police Service,0.069939,51.561341,On or near Heron Mews,E01003783,Redbridge 029A,Burglary,Investigation complete; no suspect identified
3b51eafa93a32dcae6f15b9cb7a9740ff8f1cae42dcb7c87567673ba702f3c3a,2024-07,Metropolitan Police Service,Metropolitan Police Service,0.068957,51.559407,On or near York Place,E01003783,Redbridge 029A,Burglary,Investigation complete; no suspect identified
cd8da596cb1065720cb673f454ae93e8eb01166ff4bc1d88a93afbb48d4a741a,2024-07,Metropolitan Police Service,Metropolitan Police Service,0.069939,51.561341,On or near Heron Mews,E01003783,Redbridge 029A,Burglary,Awaiting court outcome
5d908fcd6addc1631b391b68b2f5fea44efb2fd574ce0a853adfd7ffe7e3e327,2024-07,Metropolitan Police Service,Metropolitan Police Service,0.062762,51.563105,On or near Empress Avenue,E01003788,Redbridge 029D,Burglary,Investigation complete; no suspect identified
d094037b68d1ef8e42bea924de4a7d342b0447fa4ca18c85f5760912bbc74391,2024-07,Metropolitan Police Service,Metropolitan Police Service,0.067176,51.561804,On or near Mansfield Road,E01003788,Redbridge 029D,Burglary,Investigation complete; no suspect identified
42b4bcdfadc6e973fcc7f0dc44e7fef784211fe665fa2e929ccca822b776bc98,2024-07,Metropolitan Police Service,Metropolitan Police Service,0.065402,51.566592,On or near Beaufort Gardens,E01003788,Redbridge 029D,Burglary,Investigation complete; no suspect identified
4cea01acece7be43a990960738050486f9ad0fd05cacc4d303c4e784b21991fd,2024-07,Metropolitan Police Service,Metropolitan Police Service,0.070188,51.549341,On or near Pretoria Road,E01003733,Redbridge 032E,Burglary,Investigation complete; no suspect identified
ae46bce229f4a54c457da887e25ee60e386c0334eb98241471f59ade94487f24,2024-07,Metropolitan Police Service,Metropolitan Police Service,0.067684,51.556471,On or near Roden Street,E01034483,Redbridge 032G,Burglary,Awaiting court outcome
41e3f30184fa4b4d399c296e61f613af9daa09b21a0bcbe7fafb49d7035f3b12,2024-07,Metropolitan Police Service,Metropolitan Police Service,0.070664,51.555384,On or near Britannia Road,E01034484,Redbridge 032H,Burglary,Unable to prosecute suspect
6924f4c7fbf7593b7bd46d0ef7172f97a9052960ea966dd10e25d1ca0b58c57c,2024-07,Metropolitan Police Service,Metropolitan Police Service,0.080289,51.5507,On or near Woodlands Road,E01003731,Redbridge 033A,Burglary,Investigation complete; no suspect identified
cd6510852eeff11bf6d07b31d17b18fc785475373dfc91dd058375d526a0bf97,2024-07,Metropolitan Police Service,Metropolitan Police Service,0.076849,51.54961,On or near Brockenhurst Gardens,E01003731,Redbridge 033A,Burglary,Investigation complete; no suspect identified
dd054bc0a1ff6a128c7722142e0817b474896c0cdcc83b1f83a80a68f15791b7,2024-07,Metropolitan Police Service,Metropolitan Police Service,0.075508,51.548441,On or near Shopping Area,E01003734,Redbridge 033B,Burglary,Investigation complete; no suspect identified
01b0549a307627a5dd609ec061c73c1b2abddc55bcefa096b9ed8c7e2d9c87c9,2024-07,Metropolitan Police Service,Metropolitan Police Service,0.074951,51.547503,On or near Hunters Road,E01003734,Redbridge 033B,Burglary,Investigation complete; no suspect identified
8e4e4b1a359e399798331faf37d14f2366e808d653a5ad1b885879952b8bd2a9,2024-07,Metropolitan Police Service,Metropolitan Police Service,0.081782,51.546438,On or near Medway Close,E01003735,Redbridge 033C,Burglary,Unable to prosecute suspect
48d1bfc7faf14e6ca8200902e87c2e2c84a348878f2cdd7a6c040f634c56e640,2024-07,Metropolitan Police Service,Metropolitan Police Service,0.074385,51.545544,On or near Saxon Road,E01003736,Redbridge 033D,Burglary,Investigation complete; no suspect identified
e5248b48d42be8c40115ef1203074f569dd7f30d4501f886769ba5d20bcb0093,2024-07,Metropolitan Police Service,Metropolitan Police Service,0.107862,51.563661,On or near Granton Road,E01003713,Redbridge 034A,Burglary,Investigation complete; no suspect identified
e20356cab8bf6d20bf28fab07f5001b650d84c8bf724168c18dc085cf108d0d4,2024-07,Metropolitan Police Service,Metropolitan Police Service,0.097273,51.563698,On or near A118,E01003714,Redbridge 034B,Burglary,Investigation complete; no suspect identified
8fc0b4b8e4f614b950ec55ee34e030fa03becdf7defb2f4fd0f773df6db17ff4,2024-07,Metropolitan Police Service,Metropolitan Police Service,0.102839,51.56331,On or near Felbrigge Road,E01003715,Redbridge 034C,Burglary,Investigation complete; no suspect identified
0a46ab527979362d099547cfd2d6ad6c935f2befb4f5def8d7ae4a61a0d837b2,2024-07,Metropolitan Police Service,Metropolitan Police Service,0.110199,51.562738,On or near Holly Lane,E01003716,Redbridge 034D,Burglary,Investigation complete; no suspect identified
e7538ae446984bd471e6a21509f127e09e064adf46d4e6fcbb532c8725da2188,2024-07,Metropolitan Police Service,Metropolitan Police Service,0.112004,51.560268,On or near Abbotsford Road,E01003716,Redbridge 034D,Burglary,Investigation complete; no suspect identified
594b8f9422033c12139cc239dfc7529265405c0a0ea5f560c2bb17a94afb3ff6,2024-07,Metropolitan Police Service,Metropolitan Police Service,0.110199,51.562738,On or near Holly Lane,E01003716,Redbridge 034D,Burglary,Investigation complete; no suspect identified
d7dcada1e017b7c706b2debc1f7dcebf0e13e74262516f899b43379863e64d9a,2024-07,Metropolitan Police Service,Metropolitan Police Service,0.110963,51.565215,On or near Parking Area,E01003718,Redbridge 034E,Burglary,Unable to prosecute suspect
534f09188192a6ef620c53477abcdb3eac6de152f93b1e0284a82436a024231e,2024-07,Metropolitan Police Service,Metropolitan Police Service,0.110197,51.56486,On or near Goodmayes Road,E01003719,Redbridge 034F,Burglary,Investigation complete; no suspect identified
6b74541251c6f720be785216bf9ac2d25b9278802ad99b8a7048346d86014dd4,2024-07,Metropolitan Police Service,Metropolitan Police Service,0.110197,51.56486,On or near Goodmayes Road,E01003719,Redbridge 034F,Burglary,Awaiting court outcome
f0d3325248fdeebe2838adffc836ee1ba397f65c4a846dfca1311fb8a3be9d6f,2024-07,Metropolitan Police Service,Metropolitan Police Service,0.110197,51.56486,On or near Goodmayes Road,E01003719,Redbridge 034F,Burglary,Awaiting court outcome
acd6e90165cd0b5d0f5f4a96c171b3add6b14cd97b351baff28ce310f95384a8,2024-07,Metropolitan Police Service,Metropolitan Police Service,0.118728,51.561828,On or near Park/Open Space,E01032581,Redbridge 034G,Burglary,Investigation complete; no suspect identified
5615ba48bab84b8a53759d0c6a3015c468af24bf1e87a483ee9a0bfd3784dc37,2024-07,Metropolitan Police Service,Metropolitan Police Service,0.066185,51.576542,On or near Gants Hill,E01003690,Redbridge 035A,Burglary,Unable to prosecute suspect
89a6c248092fbfe926c4d14c8b7032a67c845e2bf4451e24b9fd7dd7c2ecfd0b,2024-07,Metropolitan Police Service,Metropolitan Police Service,0.066185,51.576542,On or near Gants Hill,E01003690,Redbridge 035A,Burglary,Investigation complete; no suspect identified
a048cd49322d6a33d8246f502689f0b950113299ea8170a63acc4793c4a4809a,2024-07,Metropolitan Police Service,Metropolitan Police Service,0.066185,51.576542,On or near Gants Hill,E01003690,Redbridge 035A,Burglary,Investigation complete; no suspect identified
af3befdbcc0361f348444f2010d1baf999249024be0d7246b9c3dc11a8c8762b,2024-07,Metropolitan Police Service,Metropolitan Police Service,0.065617,51.575167,On or near Panfield Mews,E01003690,Redbridge 035A,Burglary,Investigation complete; no suspect identified
28cfcb3ff49a8cf04727f1eb7a8be99dc2ca3b6b6f6067b35a57b38642647200,2024-07,Metropolitan Police Service,Metropolitan Police Service,0.066952,51.575315,On or near Frinton Mews,E01003690,Redbridge 035A,Burglary,Investigation complete; no suspect identified
7ef6fe8799e916e7a78035364429196607a01d2733221207b56ad58266d81276,2024-07,Metropolitan Police Service,Metropolitan Police Service,0.066185,51.576542,On or near Gants Hill,E01003690,Redbridge 035A,Burglary,Investigation complete; no suspect identified
870017bc98537955056b7afc16c4706224e5ec9be07f6cd11759fdc2cd3cbb80,2024-07,Metropolitan Police Service,Metropolitan Police Service,0.066952,51.575315,On or near Frinton Mews,E01003690,Redbridge 035A,Burglary,Unable to prosecute suspect
e77413c7743818ee5cd471ce9e4d773f03e1de25c0d82a762943c32549e5ce4b,2024-07,Metropolitan Police Service,Metropolitan Police Service,0.056242,51.567616,On or near Highlands Gardens,E01003691,Redbridge 035B,Burglary,Unable to prosecute suspect
99604fae61680c3473d4ab269f77d786f3772e62c9c4854cc0307413e8dcb3fa,2024-07,Metropolitan Police Service,Metropolitan Police Service,0.057223,51.565054,On or near Seymour Gardens,E01003691,Redbridge 035B,Burglary,Unable to prosecute suspect
805d3865119a80429f8a5f0ee6e76c4c856bf694d4bff9260a1d1c23cf50b8b4,2024-07,Metropolitan Police Service,Metropolitan Police Service,0.056242,51.567616,On or near Highlands Gardens,E01003691,Redbridge 035B,Burglary,Unable to prosecute suspect
ea1b9c69d1b7a0add416d08a4f8eec7ea52576988012cae942fc359455232b42,2024-07,Metropolitan Police Service,Metropolitan Police Service,0.054811,51.574593,On or near Preston Gardens,E01003696,Redbridge 035G,Burglary,Investigation complete; no suspect identified
438cb3155ac3b3f2433687ebc8fc33c432f8eea93c40058682b1f99516780e12,2024-07,Metropolitan Police Service,Metropolitan Police Service,0.055109,51.578337,On or near Danehurst Gardens,E01003676,Redbridge 036B,Burglary,Investigation complete; no suspect identified
89031532672826050c1805c429eec4dd9ab69d4174f1f31ec47368bcad208de4,2024-07,Metropolitan Police Service,Metropolitan Police Service,0.040166,51.592087,On or near Supermarket,E01003677,Redbridge 036C,Burglary,Investigation complete; no suspect identified
31ce5b5559623efae32dae5e55eb5d08ccd66753bdb8cafe21dff7d7669947f5,2024-07,Metropolitan Police Service,Metropolitan Police Service,0.069555,51.587499,On or near Supermarket,E01003680,Redbridge 036F,Burglary,Unable to prosecute suspect
eca3205b361fd702a4d4336b5167e83bd099b0d3c87320cffa280c5290ac14ea,2024-07,Metropolitan Police Service,Metropolitan Police Service,0.069555,51.587499,On or near Supermarket,E01003680,Redbridge 036F,Burglary,Unable to prosecute suspect
132d86990c93c37c17988c58679be9dacb4816c6e433e1e46a0f658e7fc36b9e,2024-07,Metropolitan Police Service,Metropolitan Police Service,0.069555,51.587499,On or near Supermarket,E01003680,Redbridge 036F,Burglary,Investigation complete; no suspect identified
05d489b71a0e11fa97218ee9280148a7409d53d667a45b688bfe472dc873c34a,2024-07,Metropolitan Police Service,Metropolitan Police Service,0.122542,51.579304,On or near Tendring Way,E01003663,Redbridge 037A,Burglary,Investigation complete; no suspect identified
08a31440b2cab25ed56f70ff5f99e6d2b50ad8817593f28cf51d8841b837c8e4,2024-07,Metropolitan Police Service,Metropolitan Police Service,0.115032,51.577336,On or near Bexley Gardens,E01033592,Redbridge 037D,Burglary,Investigation complete; no suspect identified
e45440c8d58e2b051aa7ecbe7dc40578ca67798cd3ce876b71790a2859d997d4,2024-07,Metropolitan Police Service,Metropolitan Police Service,0.116278,51.574022,On or near Joydon Drive,E01033592,Redbridge 037D,Burglary,Investigation complete; no suspect identified
92cf51633107857c169afdb9f564f738ca6323316cd9dea3ba51102df66044df,2024-07,Metropolitan Police Service,Metropolitan Police Service,0.123607,51.576138,On or near Third Avenue,E01003665,Redbridge 037E,Burglary,Investigation complete; no suspect identified
cd3ee1245dbb78dc5e3a837013641a21170e2b4f7ba04bf2b3a9bf517f9ea696,2024-07,Metropolitan Police Service,Metropolitan Police Service,0.119769,51.572115,On or near Juniper Court,E01003666,Redbridge 038B,Burglary,Investigation complete; no suspect identified
b80e7c22de77e69688845e162eddd6033663ac551e3e20dea68471065d8c1884,2024-07,Metropolitan Police Service,Metropolitan Police Service,0.129495,51.56934,On or near Parking Area,E01003662,Redbridge 038C,Burglary,Investigation complete; no suspect identified
7f292cfe909a3d7e4d377af57d47321c65c0de7ae46ad1edf1fc06ccec6c791e,2024-07,Metropolitan Police Service,Metropolitan Police Service,0.089843,51.561834,On or near Clark'S Road,E01033591,Redbridge 039A,Burglary,Investigation complete; no suspect identified
8a97df813611697933675e9dc2d51cfd3d7d9d6b140f657199ba2bbe84a044e9,2024-07,Metropolitan Police Service,Metropolitan Police Service,0.081616,51.56082,On or near Nightclub,E01033589,Redbridge 039B,Burglary,Investigation complete; no suspect identified
270b980b572c8f4b5d7f4aea6e74092c0878b344a8ceb7fe84e22ac0f4dc773c,2024-07,Metropolitan Police Service,Metropolitan Police Service,0.084753,51.560638,On or near Connaught Lane,E01033589,Redbridge 039B,Burglary,Investigation complete; no suspect identified
86a22f0f9c16f8fc67984718dee820c7cc4faf305b7ccac075ac8810cac80368,2024-07,Metropolitan Police Service,Metropolitan Police Service,0.084753,51.560638,On or near Connaught Lane,E01033589,Redbridge 039B,Burglary,Unable to prosecute suspect
4922aec692fab945f96b83b017c3785693e30bba149f55fbcd1e025c6a0748d3,2024-07,Metropolitan Police Service,Metropolitan Police Service,0.071112,51.557616,On or near Clements Lane,E01003689,Redbridge 039C,Burglary,Unable to prosecute suspect
8c14ca41655af1266aeea360813db3b65c0afb079e13fba7c946c1f521bfa22c,2024-07,Metropolitan Police Service,Metropolitan Police Service,0.073242,51.558136,On or near Chadwick Road,E01003689,Redbridge 039C,Burglary,Investigation complete; no suspect identified
123e86aaca70b1695800f1ad78edeb37d94444f6d044e1d6e18c110d0fed40ac,2024-07,Metropolitan Police Service,Metropolitan Police Service,0.076902,51.558988,On or near Holstock Road,E01003688,Redbridge 040B,Burglary,Investigation complete; no suspect identified
6cb44cd73bbcaaa4e220edda33aac2dcbdff7ec155f92f126cae5feed41a13ad,2024-07,Metropolitan Police Service,Metropolitan Police Service,0.078648,51.553616,On or near Windsor Road,E01003685,Redbridge 040D,Burglary,Investigation complete; no suspect identified
3c5ab28054f32f6f613eb4bf694cca51befe4db05de4daa9e1b6611014f40812,2024-07,Metropolitan Police Service,Metropolitan Police Service,-0.239491,51.478932,On or near Madrid Road,E01003797,Richmond upon Thames 001A,Burglary,Investigation complete; no suspect identified
462b40decfc0c5c2f09d129fe7b8c5db6da9f293cb822d86f894c33acc6a3c14,2024-07,Metropolitan Police Service,Metropolitan Police Service,-0.249455,51.474846,On or near Lyric Road,E01003798,Richmond upon Thames 001B,Burglary,Investigation complete; no suspect identified
28afdb8b678e08246befe0a4344a92086be4a94daeb18643d8335ce405c8bdf6,2024-07,Metropolitan Police Service,Metropolitan Police Service,-0.238926,51.481262,On or near Washington Road,E01003800,Richmond upon Thames 001D,Burglary,Investigation complete; no suspect identified
d37ff9e36e83d0dbd8e6b62fe936a5c649fba3e60c72c7d62391c4c778650bd4,2024-07,Metropolitan Police Service,Metropolitan Police Service,-0.232972,51.485138,On or near Trinity Church Passage,E01003801,Richmond upon Thames 001E,Burglary,Investigation complete; no suspect identified
29d7d3905277a91fd882fad3849a598badb3233bb15d4829e7f375fae0f02cc4,2024-07,Metropolitan Police Service,Metropolitan Police Service,-0.230891,51.482724,On or near Cartwright Way,E01003802,Richmond upon Thames 001F,Burglary,Investigation complete; no suspect identified
34b33ed97c799efae46e5aab35e665943f85bb9e232f8ed137464568ae66abc7,2024-07,Metropolitan Police Service,Metropolitan Police Service,-0.282966,51.483183,On or near Maze Road,E01003851,Richmond upon Thames 002D,Burglary,Investigation complete; no suspect identified
c0a061081e766d7652423705b0240c797557711a54484228822b8cdf677618bf,2024-07,Metropolitan Police Service,Metropolitan Police Service,-0.284845,51.483408,On or near Haverfield Gardens,E01003851,Richmond upon Thames 002D,Burglary,Investigation complete; no suspect identified
45dd28dfa27ab0eb7edaebd061b6638e63ec44f201724ab421ad379f7eae34fb,2024-07,Metropolitan Police Service,Metropolitan Police Service,-0.293187,51.468666,On or near Topiary Square,E01003864,Richmond upon Thames 002F,Burglary,Awaiting court outcome
4ee1cc2c4a7a81180297438587cdf01cac6d9febb346342935e49d98fed81876,2024-07,Metropolitan Police Service,Metropolitan Police Service,-0.248922,51.473345,On or near Birch Yard,E01003854,Richmond upon Thames 003C,Burglary,Investigation complete; no suspect identified
8cec63e7a469967cbf75dd0d6f89712ca70f39a5c755eb889216fdda7aea82bf,2024-07,Metropolitan Police Service,Metropolitan Police Service,-0.252748,51.465903,On or near Priests Bridge,E01003857,Richmond upon Thames 003F,Burglary,Investigation complete; no suspect identified
69999db51e464dbd221088c63cd56d35a7530348bca4b4d332c9551a6e7f6842,2024-07,Metropolitan Police Service,Metropolitan Police Service,-0.277059,51.467566,On or near Kingsway,E01003865,Richmond upon Thames 004F,Burglary,Unable to prosecute suspect
75b4f8f896868f07668e9b57c5c276861ad341cb1ccbda2019f792c3f0c95291,2024-07,Metropolitan Police Service,Metropolitan Police Service,-0.27907,51.475365,On or near West Hall Road,E01033571,Richmond upon Thames 004H,Burglary,Unable to prosecute suspect
06f684385261d3de3ab18cba35a518f445d98674664ab19db69beb95fab5d6b6,2024-07,Metropolitan Police Service,Metropolitan Police Service,-0.273007,51.462408,On or near Temple Sheen Road,E01003804,Richmond upon Thames 005A,Burglary,Investigation complete; no suspect identified
1f8f93c7c1c516986e34e24e37afadb4fd4ff13fb785b6657ccc0eef76777c9d,2024-07,Metropolitan Police Service,Metropolitan Police Service,-0.272507,51.465737,On or near Connaught Avenue,E01003859,Richmond upon Thames 005E,Burglary,Unable to prosecute suspect
481c52c5b95dc3a42c30f9c2bedee4e15e792259fa013df196edfb5e4446c3bd,2024-07,Metropolitan Police Service,Metropolitan Police Service,-0.297468,51.462712,On or near Dunstable Road,E01003873,Richmond upon Thames 006A,Burglary,Investigation complete; no suspect identified
2c8be83a632892cd6170fc4e671a15374a7ae5c31b2615800b70a9d450268935,2024-07,Metropolitan Police Service,Metropolitan Police Service,-0.2807,51.462647,On or near Orchard Rise,E01003875,Richmond upon Thames 006C,Burglary,Investigation complete; no suspect identified
81bdf01b09719c75030bb75074288d54bea2edc65bbddd9db2ca66ee558f6ca0,2024-07,Metropolitan Police Service,Metropolitan Police Service,-0.289568,51.457237,On or near Broadhurst Close,E01003878,Richmond upon Thames 006D,Burglary,Investigation complete; no suspect identified
0e83889fa3eb4976bf06cc0221be084ca1f2209046cd547921955e99891a2bb7,2024-07,Metropolitan Police Service,Metropolitan Police Service,-0.321656,51.461064,On or near St Margaret'S Drive,E01003871,Richmond upon Thames 007C,Burglary,Unable to prosecute suspect
9a3147dba72bb56848017b9c9d8017ab68e2ed92196b7b51ad8c04a3fa2b0285,2024-07,Metropolitan Police Service,Metropolitan Police Service,-0.320322,51.457403,On or near Norfolk Close,E01003872,Richmond upon Thames 007D,Burglary,Investigation complete; no suspect identified
17bd12d1c24f3687f4b6f09c27fd198c9baf594414a764476c44fa825f6bf10e,2024-07,Metropolitan Police Service,Metropolitan Police Service,-0.303081,51.454988,On or near Petersham Road,E01003821,Richmond upon Thames 008A,Burglary,Investigation complete; no suspect identified
ddecfd0fd4a7bf6c670ec0a6c5991d97be2ae3378528fbee037463e729f398c1,2024-07,Metropolitan Police Service,Metropolitan Police Service,-0.30363,51.456875,On or near Compass Hill,E01003876,Richmond upon Thames 008B,Burglary,Investigation complete; no suspect identified
88d419790e1d76bf1cabc4e1205a84485d7faed438ab61c2b8beac3ce6518671,2024-07,Metropolitan Police Service,Metropolitan Police Service,-0.304173,51.457369,On or near Hill Rise,E01003876,Richmond upon Thames 008B,Burglary,Investigation complete; no suspect identified
41071a53ffb99c568fd266458dfe5b6f86e6ad721ac6a8697131dac512041e3d,2024-07,Metropolitan Police Service,Metropolitan Police Service,-0.305187,51.45955,On or near Red Lion Street,E01003876,Richmond upon Thames 008B,Burglary,Investigation complete; no suspect identified
2ca1e2701dd7657c1b35bdcb9bf735f4b83c542633165a4717d23b92676465fe,2024-07,Metropolitan Police Service,Metropolitan Police Service,-0.368652,51.451503,On or near Vincam Close,E01003907,Richmond upon Thames 010C,Burglary,Investigation complete; no suspect identified
97197d23f031400a649015ccbb80ad3df72429089f864437cd86ef2c41324165,2024-07,Metropolitan Police Service,Metropolitan Police Service,-0.359329,51.450609,On or near Oaklands Drive,E01003909,Richmond upon Thames 010E,Burglary,Investigation complete; no suspect identified
ee0f556479d0319db345878d540c92a7d7b688fd5741966366612ae484c052d0,2024-07,Metropolitan Police Service,Metropolitan Police Service,-0.338631,51.455839,On or near Butterfield Close,E01003867,Richmond upon Thames 011A,Burglary,Status update unavailable
25447df2df20a82ab7d2e2de08650b547d4a4cc0eead1e3b0654f688cec2f0e0,2024-07,Metropolitan Police Service,Metropolitan Police Service,-0.32985,51.450336,On or near Twickenham,E01003869,Richmond upon Thames 011B,Burglary,Awaiting court outcome
63af6cd136abee802ac88cecde5f9f3202f6d87ef4f0f5aab3e0557ba8e35da1,2024-07,Metropolitan Police Service,Metropolitan Police Service,-0.35005,51.451297,On or near Hall Farm Drive,E01003910,Richmond upon Thames 011D,Burglary,Investigation complete; no suspect identified
220f14e99349ff8e6f065386fe53a43ad9564be9fbbec972c58f672c12698ff3,2024-07,Metropolitan Police Service,Metropolitan Police Service,-0.38231,51.448653,On or near Millfield Road,E01003843,Richmond upon Thames 013D,Burglary,Investigation complete; no suspect identified
33202832145509219a31ace5df36990e5f92583d7c6086959966d230e1e3bc48,2024-07,Metropolitan Police Service,Metropolitan Police Service,-0.362305,51.447476,On or near Ryecroft Avenue,E01003844,Richmond upon Thames 013E,Burglary,Investigation complete; no suspect identified
6386ec1cd7235cc99cc4c7f1cfcbf6ed7df3c6a9ecf05c94122f07432d95eace,2024-07,Metropolitan Police Service,Metropolitan Police Service,-0.334164,51.44529,On or near Heath Road,E01003882,Richmond upon Thames 014A,Burglary,Investigation complete; no suspect identified
cf92fcef805f0c97797a13888725c420498767e7c330f4775a0499c3c2508b29,2024-07,Metropolitan Police Service,Metropolitan Police Service,-0.337057,51.445682,On or near Prado Path,E01003882,Richmond upon Thames 014A,Burglary,Investigation complete; no suspect identified
b7dc97c98b4b372f8abdb1f6295f0f886f1b15e8ab7710a1f92b39712f710045,2024-07,Metropolitan Police Service,Metropolitan Police Service,-0.323046,51.449591,On or near Supermarket,E01003896,Richmond upon Thames 014C,Burglary,Awaiting court outcome
662caa4f31c642143f4abc6cdbec315dab0463261b76e6393d4f867bb8755319,2024-07,Metropolitan Police Service,Metropolitan Police Service,-0.326607,51.446918,On or near Church Street,E01003896,Richmond upon Thames 014C,Burglary,Awaiting court outcome
481df84095a2761c77f2461f78f08226d38e1a850256dc5bab4445aec3ae9e60,2024-07,Metropolitan Police Service,Metropolitan Police Service,-0.323046,51.449591,On or near Supermarket,E01003896,Richmond upon Thames 014C,Burglary,Investigation complete; no suspect identified
01b2e2f06cd7050fce56a03f32c61a1c7c41a8e9b200908faae413a5e52b595b,2024-07,Metropolitan Police Service,Metropolitan Police Service,-0.35487,51.436527,On or near Fielding Avenue,E01003900,Richmond upon Thames 015C,Burglary,Investigation complete; no suspect identified
d1d86fc6c4435310c0ae8efd4216b97f5a60001b956f08d5187d8660a33f50b5,2024-07,Metropolitan Police Service,Metropolitan Police Service,-0.35819,51.44464,On or near Selkirk Road,E01003901,Richmond upon Thames 015D,Burglary,Investigation complete; no suspect identified
3ba6ecb6ec64e9f51e43da55e9540cd9e3df6af1415dd1adec5be578059b1a41,2024-07,Metropolitan Police Service,Metropolitan Police Service,-0.353905,51.447358,On or near Devon Avenue,E01003901,Richmond upon Thames 015D,Burglary,Investigation complete; no suspect identified
32057154df0395ad4afa91c3fb7df3a014e728561d7b563521cc98ee26a68120,2024-07,Metropolitan Police Service,Metropolitan Police Service,-0.377559,51.43652,On or near Twickenham Road,E01003903,Richmond upon Thames 015F,Burglary,Investigation complete; no suspect identified
27c26ad0f511a1252378027200c2177e36b559ef341f610a8779354cc46eaa34,2024-07,Metropolitan Police Service,Metropolitan Police Service,-0.361192,51.43917,On or near Hospital Bridge Road,E01003903,Richmond upon Thames 015F,Burglary,Investigation complete; no suspect identified
747a3ff7f60d0988299472d6aadc94063a4f085d4f968eafbc5f0f0079b2f63e,2024-07,Metropolitan Police Service,Metropolitan Police Service,-0.352337,51.447759,On or near College Close,E01003904,Richmond upon Thames 015G,Burglary,Investigation complete; no suspect identified
ee67a6f6e46a513e1b0c7cc6bcb0e92551fa0f5638cb390c7f786826384e6db1,2024-07,Metropolitan Police Service,Metropolitan Police Service,-0.320532,51.436013,On or near Croft Way,E01003818,Richmond upon Thames 017A,Burglary,Investigation complete; no suspect identified
1474f01d5c3c6fa3a5c43d00aabcd32e61ca96fc723fa18ed045ca5bc444c72f,2024-07,Metropolitan Police Service,Metropolitan Police Service,-0.344462,51.429924,On or near Stanley Road,E01003812,Richmond upon Thames 018B,Burglary,Investigation complete; no suspect identified
114f003bebc45ab28c35421746ffe5507607dcfd6365e0ba0c2fd624636dce1c,2024-07,Metropolitan Police Service,Metropolitan Police Service,-0.345635,51.427324,On or near A313,E01003814,Richmond upon Thames 019C,Burglary,Investigation complete; no suspect identified
f6130adabc0f3618c277f9749fd33cc808adb92ef26a18619413ef0c6bd3f4f5,2024-07,Metropolitan Police Service,Metropolitan Police Service,-0.354562,51.428682,On or near Falstaff Mews,E01003815,Richmond upon Thames 019D,Burglary,Investigation complete; no suspect identified
9c33d4580843015bcb3d49661cdd4f075adcb0438f43c2fd0b07e5853798c4dc,2024-07,Metropolitan Police Service,Metropolitan Police Service,-0.376079,51.429179,On or near Garden Close,E01003829,Richmond upon Thames 020B,Burglary,Court result unavailable
c42e10f9ae53b508fcc541ae69d20e7dc3c60d430e9e358271db61aec568fa05,2024-07,Metropolitan Police Service,Metropolitan Police Service,-0.374805,51.427777,On or near Hawthorn Close,E01003831,Richmond upon Thames 020D,Burglary,Investigation complete; no suspect identified
67a62593208a2786c4a15731f047667670ba873fc0f5bc25414688496430a5ef,2024-07,Metropolitan Police Service,Metropolitan Police Service,-0.332904,51.426541,On or near Christchurch Avenue,E01003887,Richmond upon Thames 021B,Burglary,Court result unavailable
375afa899abd99bcd600258a92f74f56b83253e2ec5d71672ccc1f4f7468aa76,2024-07,Metropolitan Police Service,Metropolitan Police Service,-0.337842,51.426422,On or near Elfin Grove,E01003888,Richmond upon Thames 021C,Burglary,Investigation complete; no suspect identified
c856849babc5cad4acbd0efd4e1612d03e4e325c0dc11d8b8eec96da7e545f06,2024-07,Metropolitan Police Service,Metropolitan Police Service,-0.339334,51.424546,On or near Little Queens Road,E01003888,Richmond upon Thames 021C,Burglary,Unable to prosecute suspect
040d6151fd344d8aa4e6065165b9b62ec866a00c63f995f0bb7c005ba3e91962,2024-07,Metropolitan Police Service,Metropolitan Police Service,-0.337842,51.426422,On or near Elfin Grove,E01003888,Richmond upon Thames 021C,Burglary,Investigation complete; no suspect identified
6a4231ffd4dc891f1ccc99a310eab188624365979df2d04e9060deac71016d2b,2024-07,Metropolitan Police Service,Metropolitan Police Service,-0.337297,51.425596,On or near Elleray Road,E01003888,Richmond upon Thames 021C,Burglary,Investigation complete; no suspect identified
f79ed4533eb8722b615616f8a096b29da215457771be74126c7c281dda74c13f,2024-07,Metropolitan Police Service,Metropolitan Police Service,-0.309859,51.412938,On or near Becketts Place,E01003834,Richmond upon Thames 022A,Burglary,Unable to prosecute suspect
0c2b7705dcc36f96d7039034de0a2ff17abccaeffc168c685605fcc3ac21242e,2024-07,Metropolitan Police Service,Metropolitan Police Service,-0.316693,51.417146,On or near Crieff Court,E01003839,Richmond upon Thames 022F,Burglary,Investigation complete; no suspect identified
8bb478402d4e1f8b8d72f5e7a087c4813e1dbfcee743168bad224e868a7797ba,2024-07,Metropolitan Police Service,Metropolitan Police Service,-0.359357,51.420116,On or near Warwick Close,E01003823,Richmond upon Thames 023B,Burglary,Investigation complete; no suspect identified
bb18d7930903297feddca92d58debc0fd38c971ae5457b6f364236923bfab1c7,2024-07,Metropolitan Police Service,Metropolitan Police Service,-0.359357,51.420116,On or near Warwick Close,E01003823,Richmond upon Thames 023B,Burglary,Investigation complete; no suspect identified
1eec6e8d4a78e047b2a78973a62140e0729c03b640e175eadec1973f8503a66f,2024-07,Metropolitan Police Service,Metropolitan Police Service,-0.378381,51.421451,On or near Falcon Road,E01003825,Richmond upon Thames 023D,Burglary,Investigation complete; no suspect identified
2007e8ae378b1d7de6d0be0026bf3efa9144f461747fd993d5427405e9d3e0cb,2024-07,Metropolitan Police Service,Metropolitan Police Service,-0.375491,51.414532,On or near Hammond Close,E01003826,Richmond upon Thames 023E,Burglary,Investigation complete; no suspect identified
d64ef670ed4247d6944e4b41957b626ad96afa0a28fe6c4cac56823cdb37f964,2024-07,Metropolitan Police Service,Metropolitan Police Service,-0.361419,51.415154,On or near Sheridan Place,E01003827,Richmond upon Thames 023F,Burglary,Investigation complete; no suspect identified
37d514a6ecc09ff2cf449c86aadde1d4df1ec390e910240d593abe173e1e67c7,2024-07,Metropolitan Police Service,Metropolitan Police Service,-0.047226,51.500726,On or near Christopher Close,E01004029,Southwark 001A,Burglary,Action to be taken by another organisation
ce9f21600ade3210ed14839a87e0721e8d798a84a5ade8c8da156525110b515c,2024-07,Metropolitan Police Service,Metropolitan Police Service,-0.044704,51.506115,On or near Abbotshade Road,E01004053,Southwark 001C,Burglary,Unable to prosecute suspect
3ebf31e86736e1b052d38bcde8a8e450e4c8016ef7abbc9b238402e3cd2cbe54,2024-07,Metropolitan Police Service,Metropolitan Police Service,-0.037562,51.507003,On or near William Square,E01004054,Southwark 001D,Burglary,Investigation complete; no suspect identified
1dac01094acd912085206bce1810a4ebdac13b1aa53ba36d985a82b5af3e7a76,2024-07,Metropolitan Police Service,Metropolitan Police Service,-0.093642,51.501229,On or near Borough,E01003929,Southwark 002B,Burglary,Unable to prosecute suspect
7dad83ae4010deaff1b44c81200e4756770393f67b6efd8da964aee429e5cabc,2024-07,Metropolitan Police Service,Metropolitan Police Service,-0.095242,51.503287,On or near Ayres Street,E01003929,Southwark 002B,Burglary,Investigation complete; no suspect identified
4746e5f26982c3f5f31d745b7729c02cf5604f8bf7ca16a18aa6737564f0aa9e,2024-07,Metropolitan Police Service,Metropolitan Police Service,-0.092147,51.504262,On or near Parking Area,E01003929,Southwark 002B,Burglary,Investigation complete; no suspect identified
90e7eb4e83a136137de71ffca6dd0896e57d99cc3af2805c1359862371ab27b6,2024-07,Metropolitan Police Service,Metropolitan Police Service,-0.095734,51.501164,On or near Lant Street,E01003929,Southwark 002B,Burglary,Unable to prosecute suspect
d0915abb7f40df1543401f19b0c69c8c9a0d4f9330b73b6cc600d18c4c4ce8e3,2024-07,Metropolitan Police Service,Metropolitan Police Service,-0.091679,51.503391,On or near Borough High Street,E01003929,Southwark 002B,Burglary,Investigation complete; no suspect identified
639d8b5cdaea38995ea16f4a7cb37c720f56104fd5be3520aeadbf6e208cbf62,2024-07,Metropolitan Police Service,Metropolitan Police Service,-0.093997,51.501025,On or near Conference/Exhibition Centre,E01003929,Southwark 002B,Burglary,Investigation complete; no suspect identified
4f4e95a905cd4796b83604a8f251645d625b90aa00c2b72a6de810e2374011c5,2024-07,Metropolitan Police Service,Metropolitan Police Service,-0.090756,51.50548,On or near Shopping Area,E01003929,Southwark 002B,Burglary,Investigation complete; no suspect identified
252876049f0b599436f813b8ab54c08117030806bb6dd0cec7eac596906250a7,2024-07,Metropolitan Police Service,Metropolitan Police Service,-0.095242,51.503287,On or near Ayres Street,E01003929,Southwark 002B,Burglary,Investigation complete; no suspect identified
3dedb82e7be0775f24512fa0301bf80dcca6c759aaf05cf0320199ab794731c5,2024-07,Metropolitan Police Service,Metropolitan Police Service,-0.091725,51.503329,On or near Borough High Street,E01003929,Southwark 002B,Burglary,Investigation complete; no suspect identified
4e28c5ffd4b825d66b1f2f7167f3d0ca41009886b932ca5c5197a3c8d0e6c165,2024-07,Metropolitan Police Service,Metropolitan Police Service,-0.096809,51.500956,On or near Toulmin Street,E01003929,Southwark 002B,Burglary,Investigation complete; no suspect identified
96c29fcbae3fee2901ce6b02d032e4ee323270490ed2152708feae8bdc194b49,2024-07,Metropolitan Police Service,Metropolitan Police Service,-0.103412,51.506063,On or near Burrell Street,E01003934,Southwark 002C,Burglary,Unable to prosecute suspect
5cd427c32a24ed5425ce38341c2edbe32c888aa80a999c7f1b654f23c408963c,2024-07,Metropolitan Police Service,Metropolitan Police Service,-0.102426,51.504833,On or near Dolben Street,E01003934,Southwark 002C,Burglary,Investigation complete; no suspect identified
824735c1288fbbfba66de790c0f8c7656a60fffe167cac4df939fd8b54c419da,2024-07,Metropolitan Police Service,Metropolitan Police Service,-0.101978,51.505887,On or near Price'S Street,E01003934,Southwark 002C,Burglary,Investigation complete; no suspect identified
9e636a50a6695d9b78591adf0d3667bd4f28a73d786c1a5cd618cd89b8151f21,2024-07,Metropolitan Police Service,Metropolitan Police Service,-0.10179,51.503345,On or near Theatre/Concert Hall,E01003934,Southwark 002C,Burglary,Investigation complete; no suspect identified
5a64e2c78314e0d68b65f125d1ee7efe1a440db4d6c6cf06fec824b569c3809d,2024-07,Metropolitan Police Service,Metropolitan Police Service,-0.101978,51.505887,On or near Price'S Street,E01003934,Southwark 002C,Burglary,Investigation complete; no suspect identified
a34fc1985a4d9bc4e009b4135812e45ca3c1c3a89a9cbacbfbc0912f0d0e8363,2024-07,Metropolitan Police Service,Metropolitan Police Service,-0.102237,51.505567,On or near Bear Lane,E01003934,Southwark 002C,Burglary,Investigation complete; no suspect identified
78b4dfa3ecac859467300e58098178650ff3cf2945f7468587dc40d65a4d9558,2024-07,Metropolitan Police Service,Metropolitan Police Service,-0.101978,51.505887,On or near Price'S Street,E01003934,Southwark 002C,Burglary,Investigation complete; no suspect identified
1eb0236001a12510bd4d6a2fc6d33398712b5eac3b419006770f70338a7aabd8,2024-07,Metropolitan Police Service,Metropolitan Police Service,-0.093936,51.506278,On or near Perkins Square,E01003935,Southwark 002D,Burglary,Unable to prosecute suspect
f8ef2f9d37d1aa7b4a61fae0ea75d2a0d96ddeb99c34ddc8c6504f08b172d59e,2024-07,Metropolitan Police Service,Metropolitan Police Service,-0.097928,51.506604,On or near Sumner Street,E01003935,Southwark 002D,Burglary,Investigation complete; no suspect identified
05447b74e5fd1f11336ccb9d9e3573061368d9abe881e5aa82be24c967c5fdf6,2024-07,Metropolitan Police Service,Metropolitan Police Service,-0.093936,51.506278,On or near Perkins Square,E01003935,Southwark 002D,Burglary,Unable to prosecute suspect
55f1e2ecdeadab4ce6200d39c4a92f91d5eed6a874bfcd54db1ae6001466b581,2024-07,Metropolitan Police Service,Metropolitan Police Service,-0.089629,51.5028,On or near Further/Higher Educational Building,E01003939,Southwark 002E,Burglary,Unable to prosecute suspect
621d9752e93529cff3fe3ce1828b5ef537e267b6ae97892a34666cae139f1467,2024-07,Metropolitan Police Service,Metropolitan Police Service,-0.091635,51.499262,On or near Globe Street,E01003939,Southwark 002E,Burglary,Investigation complete; no suspect identified
a2ec39424ce336ef4760ecb314c319a3aa66d1b298fd213c609ad6b7ccb4738b,2024-07,Metropolitan Police Service,Metropolitan Police Service,-0.091635,51.499262,On or near Globe Street,E01003939,Southwark 002E,Burglary,Unable to prosecute suspect
023580c9fd155c2a8d381871277da121cd62c37ce561d185c37db089cccacf07,2024-07,Metropolitan Police Service,Metropolitan Police Service,-0.090697,51.501028,On or near Long Lane,E01003939,Southwark 002E,Burglary,Investigation complete; no suspect identified
ecaa01dc415c502e6c9cd9b2837e4988f29ae30bd4ac3ff0159896a57174a20b,2024-07,Metropolitan Police Service,Metropolitan Police Service,-0.092012,51.500582,On or near Silvester Street,E01003939,Southwark 002E,Burglary,Unable to prosecute suspect
603a7c8e9deae2a18c8fb8b1e20ccf1b26b4481a54b41800d9f7e931e7ca4502,2024-07,Metropolitan Police Service,Metropolitan Police Service,-0.096509,51.502966,On or near Doyce Street,E01033867,Southwark 002F,Burglary,Investigation complete; no suspect identified
ec538d783b3381f3e7ebd21c2fb2c8d9bce9210a1e990ec6ba6adca47e254740,2024-07,Metropolitan Police Service,Metropolitan Police Service,-0.100483,51.505458,On or near Farnham Place,E01033867,Southwark 002F,Burglary,Investigation complete; no suspect identified
293211ae0ad62a1814529cdd0871575225607fc940380c294a66b4503297c4cc,2024-07,Metropolitan Police Service,Metropolitan Police Service,-0.098491,51.500345,On or near Collinson Street,E01033867,Southwark 002F,Burglary,Investigation complete; no suspect identified
d468c4c70c7b98d6e62a2180b0e8f77a96cdf501844c6fd63ff8462f641e2667,2024-07,Metropolitan Police Service,Metropolitan Police Service,-0.099307,51.500484,On or near Supermarket,E01033868,Southwark 002G,Burglary,Investigation complete; no suspect identified
1fb493daf136c46858747778df406ead162d96bd33afbcd81f7f25ee0dbdcc9d,2024-07,Metropolitan Police Service,Metropolitan Police Service,-0.100821,51.501498,On or near Glasshill Street,E01033868,Southwark 002G,Burglary,Investigation complete; no suspect identified
d9725cf87eda73a4600283c28ff56d976c81e9494217e9cead2c6c3ee76f85f6,2024-07,Metropolitan Police Service,Metropolitan Police Service,-0.098555,51.501596,On or near Sturge Street,E01033868,Southwark 002G,Burglary,Investigation complete; no suspect identified
5fa30c5bbf085a82807f2ad4549a838d81b7542d3d2c5a534649ca6eddb6e1c9,2024-07,Metropolitan Police Service,Metropolitan Police Service,-0.100075,51.502799,On or near Loman Street,E01033868,Southwark 002G,Burglary,Investigation complete; no suspect identified
9af665c6514ba649b1bf808cdd2c4d1a6f98dfa50b754c7b2933a493f50c6ab9,2024-07,Metropolitan Police Service,Metropolitan Police Service,-0.099009,51.50244,On or near Sawyer Street,E01033868,Southwark 002G,Burglary,Investigation complete; no suspect identified
f580714ebac8d19b4f69903d895ad28839a871a50649da4ac531a861b58a3c45,2024-07,Metropolitan Police Service,Metropolitan Police Service,-0.071611,51.498171,On or near Koops Mill Mews,E01004028,Southwark 004E,Burglary,Investigation complete; no suspect identified
5ce3f6576ef2fce39080b6fe5be27bb6ce7fe90bfe61fbb6d42e8ee47889e4f5,2024-07,Metropolitan Police Service,Metropolitan Police Service,-0.07036,51.497781,On or near Arabella Street,E01004028,Southwark 004E,Burglary,Investigation complete; no suspect identified
0f362341a58c314a0a1cffc054bdd4fd531a9dc53129d7c37daf8ccc45d9f847,2024-07,Metropolitan Police Service,Metropolitan Police Service,-0.077075,51.496381,On or near Grange Walk,E01033870,Southwark 004G,Burglary,Investigation complete; no suspect identified
0cca01830817d177ea473eb7e98d135f06d1e5944625954f0e14a63de79640df,2024-07,Metropolitan Police Service,Metropolitan Police Service,-0.075799,51.495883,On or near Grange Yard,E01033870,Southwark 004G,Burglary,Investigation complete; no suspect identified
08741018cd31bb8bbdccd370dba58f1ae5c9f1867bc1801686c6ba7b4a8e220a,2024-07,Metropolitan Police Service,Metropolitan Police Service,-0.088502,51.49976,On or near Hankey Place,E01003938,Southwark 006A,Burglary,Investigation complete; no suspect identified
8e62c764bf5148edeb1e70a806300943a4f5e72ad4893a6f6384883254bcd6b6,2024-07,Metropolitan Police Service,Metropolitan Police Service,-0.087366,51.499706,On or near Staple Street,E01003938,Southwark 006A,Burglary,Investigation complete; no suspect identified
13600d710ddeec18c0bdba1dc08c9e2e848ab6c1672fdcbedb330545c784f917,2024-07,Metropolitan Police Service,Metropolitan Police Service,-0.088204,51.495538,On or near Cardinal Bourne Street,E01003942,Southwark 006D,Burglary,Investigation complete; no suspect identified
599f23b37ac9320b5cce6b59609f3e71ef4a19c6a3669c9fe494ec3bdf4da746,2024-07,Metropolitan Police Service,Metropolitan Police Service,-0.09268,51.496321,On or near Garland Close,E01003942,Southwark 006D,Burglary,Investigation complete; no suspect identified
3f06dda437d711349bf8943a9acc02d4b774c13f4f25af775a6a29b1f09af7db,2024-07,Metropolitan Police Service,Metropolitan Police Service,-0.080448,51.496328,On or near Grigg'S Place,E01003979,Southwark 006E,Burglary,Investigation complete; no suspect identified
bd66bb91a695ae8a70681537cb6adad4f1984021ee4bca642f6f771fe1937a8a,2024-07,Metropolitan Police Service,Metropolitan Police Service,-0.079126,51.495218,On or near Crimscott Street,E01003979,Southwark 006E,Burglary,Unable to prosecute suspect
9643babaa9a529879cfb10905a31a057b7d293848afb2ba923547febfeb1dcce,2024-07,Metropolitan Police Service,Metropolitan Police Service,-0.084295,51.502173,On or near Melior Place,E01003981,Southwark 006F,Burglary,Investigation complete; no suspect identified
5543e2d69d89967945895781e2e73840b8d5123dfb2c555ff0acb58e81221aeb,2024-07,Metropolitan Police Service,Metropolitan Police Service,-0.085035,51.502743,On or near Melior Street,E01003981,Southwark 006F,Burglary,Investigation complete; no suspect identified
1451224c994319bd425d46266a37616d64fcef714b1e474b9a3352897efa6e42,2024-07,Metropolitan Police Service,Metropolitan Police Service,-0.086366,51.500193,On or near Dunsterville Way,E01003981,Southwark 006F,Burglary,Investigation complete; no suspect identified
d7d37dbd339b495feb0808ee4c612cff1c8fe620d149aa68a2dc25e15990c1f2,2024-07,Metropolitan Police Service,Metropolitan Police Service,-0.055256,51.500616,On or near Elephant Lane,E01004030,Southwark 007A,Burglary,Investigation complete; no suspect identified
e14beaebc9665870cacf51738b846bbd849e2f66f1e2c5b0e9f42b86a7276d23,2024-07,Metropolitan Police Service,Metropolitan Police Service,-0.048938,51.498749,On or near Province Drive,E01004033,Southwark 007C,Burglary,Investigation complete; no suspect identified
f7fd4d8a4cc0f44d0e5d8043e58483869f8435f460da543ec071ec3d90fd9fa3,2024-07,Metropolitan Police Service,Metropolitan Police Service,-0.052766,51.499199,On or near Risdon Street,E01004033,Southwark 007C,Burglary,Investigation complete; no suspect identified
0acc6ae196c2617f38217ffa6e195e6d397286f7d29c097694782e7daa6dd73c,2024-07,Metropolitan Police Service,Metropolitan Police Service,-0.046637,51.492254,On or near Cope Street,E01004036,Southwark 007E,Burglary,Investigation complete; no suspect identified
f2ff71a648d68097f62a0933769a5e6bba839d56c7d84235aad0fdf4b72ce90b,2024-07,Metropolitan Police Service,Metropolitan Police Service,-0.033344,51.504558,On or near Ferry Terminal,E01004056,Southwark 008A,Burglary,Investigation complete; no suspect identified
2a5dd174312905d177aa56e22ad61770ab8f3ae29b95a8269c9d0b49daf7f9c6,2024-07,Metropolitan Police Service,Metropolitan Police Service,-0.036742,51.500937,On or near Blondin Way,E01004057,Southwark 008B,Burglary,Unable to prosecute suspect
9dda73df4c7ed05316b5d6a6d782e0a2c2ba366769676a84fa12474a72e9a2e6,2024-07,Metropolitan Police Service,Metropolitan Police Service,-0.043547,51.492409,On or near Trident Street,E01004060,Southwark 008E,Burglary,Investigation complete; no suspect identified
f07511cb1361f7ed9364e09000685eeaee4dd6c85905ab7776cf8d2c730999ce,2024-07,Metropolitan Police Service,Metropolitan Police Service,-0.043547,51.492409,On or near Trident Street,E01004060,Southwark 008E,Burglary,Investigation complete; no suspect identified
c00abbfcf824b38804e098e9d10fc051491b66e4a97686c9ba90123e181059d9,2024-07,Metropolitan Police Service,Metropolitan Police Service,-0.09301,51.499465,On or near Cole Street,E01003936,Southwark 009A,Burglary,Status update unavailable
085f2b0c28ef132364ce4e84349edb9479e3f06ab365128a43cfb532b3bcf577,2024-07,Metropolitan Police Service,Metropolitan Police Service,-0.09301,51.499465,On or near Cole Street,E01003936,Southwark 009A,Burglary,Status update unavailable
482ce167e8726b8160acfb98cd7f4e538c1f120788821470aae76aa5949eb758,2024-07,Metropolitan Police Service,Metropolitan Police Service,-0.099217,51.497093,On or near Newington Causeway,E01003937,Southwark 009B,Burglary,Unable to prosecute suspect
55100e72a8dd48d8641a9a55ca05f22a18fa4066b777bd537ef49be19ec0d3f7,2024-07,Metropolitan Police Service,Metropolitan Police Service,-0.099217,51.497093,On or near Newington Causeway,E01003937,Southwark 009B,Burglary,Investigation complete; no suspect identified
d78c1030651703b52f0f12cc8c2283a4909608b3e32adaf364931d18c52ecff4,2024-07,Metropolitan Police Service,Metropolitan Police Service,-0.096619,51.494337,On or near Supermarket,E01033873,Southwark 009G,Burglary,Investigation complete; no suspect identified
22428d647b7fb36bfcb7e333843c08d83ee1168c802de1a720b8a8c349bec75d,2024-07,Metropolitan Police Service,Metropolitan Police Service,-0.092295,51.494165,On or near New Kent Road,E01033873,Southwark 009G,Burglary,Investigation complete; no suspect identified
8707a78c3001a1db8ec8d32e863745b1fce0d259237ec6d155538db3107da3a4,2024-07,Metropolitan Police Service,Metropolitan Police Service,-0.099432,51.495046,On or near Newington Causeway,E01033874,Southwark 009H,Burglary,Investigation complete; no suspect identified
83268fbae42d7b88add13642c5028ab3f2602c4265776e762a20e0e461da6744,2024-07,Metropolitan Police Service,Metropolitan Police Service,-0.098384,51.493932,On or near Elephant Road,E01033874,Southwark 009H,Burglary,Investigation complete; no suspect identified
6ec3798908bf06494bdf001d5ead2a6ec72fda55213013e10eb1cc4d520e4629,2024-07,Metropolitan Police Service,Metropolitan Police Service,-0.058853,51.489525,On or near Hyson Road,E01004037,Southwark 010B,Burglary,Investigation complete; no suspect identified
689c47e93a8def83c0649e7a5e6860e0bd473c491999ad3486a25f974d9b4aac,2024-07,Metropolitan Police Service,Metropolitan Police Service,-0.059828,51.490332,On or near Lynton Road,E01004037,Southwark 010B,Burglary,Investigation complete; no suspect identified
b5900e32817caed88ec185ec614be40068b30d57c35ee8bf9ec4b4e3c196a6e0,2024-07,Metropolitan Police Service,Metropolitan Police Service,-0.062693,51.490353,On or near Tenda Road,E01004042,Southwark 010D,Burglary,Investigation complete; no suspect identified
0db8bbd8d4c22fb6f9d215341b9bc1fa132ca3977f0616444c87966321114f8f,2024-07,Metropolitan Police Service,Metropolitan Police Service,-0.065525,51.49423,On or near Lucey Way,E01004042,Southwark 010D,Burglary,Investigation complete; no suspect identified
942dcd2de8d8af8808b7270a21a2f25238d310a7c9e3b1e7ce6bf930b4104dd6,2024-07,Metropolitan Police Service,Metropolitan Police Service,-0.066139,51.492334,On or near Southwark Park Road,E01004043,Southwark 010E,Burglary,Investigation complete; no suspect identified
9b12764f58e326c15bc76389fad8ddea98ad9e273c3db7f9e11a748fbc7e70b0,2024-07,Metropolitan Police Service,Metropolitan Police Service,-0.067661,51.49075,On or near Monnow Road,E01004043,Southwark 010E,Burglary,Investigation complete; no suspect identified
ade3010f28cc51d07dc2785fb48611b0e3e0f93ff2e79fead7aaccad90526394,2024-07,Metropolitan Police Service,Metropolitan Police Service,-0.065327,51.491098,On or near St James'S Road,E01004043,Southwark 010E,Burglary,Investigation complete; no suspect identified
9fc5b4683d4f778fb96ace3d07e6eca39891a6fe334dd8d459b8c5e77b7bc27a,2024-07,Metropolitan Police Service,Metropolitan Police Service,-0.068618,51.492627,On or near A2206,E01004043,Southwark 010E,Burglary,Investigation complete; no suspect identified
b3d0c58767ab8dbf7516ca5b34607f1e80ec7ad4dbe40a0ba60f2c62cb5c8d24,2024-07,Metropolitan Police Service,Metropolitan Police Service,-0.053317,51.490323,On or near Corbett'S Lane,E01003986,Southwark 011A,Burglary,Investigation complete; no suspect identified
5cbaddd21ceaa495dc198a98d411ce18a3de5b27c72a7013996005884e710c3b,2024-07,Metropolitan Police Service,Metropolitan Police Service,-0.059372,51.487825,On or near Rotherhithe New Road,E01003987,Southwark 011B,Burglary,Investigation complete; no suspect identified
e1d7d239adec08fb528fa8062e6ef8068e7caca715724c155177374986a9268c,2024-07,Metropolitan Police Service,Metropolitan Police Service,-0.059372,51.487825,On or near Rotherhithe New Road,E01003987,Southwark 011B,Burglary,Investigation complete; no suspect identified
3af04bd335de374964dad6b7ce2771419dcb9368352b7b2aad9bd6f9592acba1,2024-07,Metropolitan Police Service,Metropolitan Police Service,-0.058679,51.493632,On or near Fenner Close,E01004024,Southwark 011C,Burglary,Awaiting court outcome
7512b59b245ec993018bee7d39515952d040b8feaafc6bcfdad87577a04cdcee,2024-07,Metropolitan Police Service,Metropolitan Police Service,-0.057397,51.492271,On or near Aspinden Road,E01004035,Southwark 011D,Burglary,Investigation complete; no suspect identified
c6f1b9a7221be831833d23ec8895aed7959a620012839a49c3e6130636d8ba19,2024-07,Metropolitan Police Service,Metropolitan Police Service,-0.057397,51.492271,On or near Aspinden Road,E01004035,Southwark 011D,Burglary,Investigation complete; no suspect identified
22873a19aec41c5419c0bb788ff564eee2961d9ad09a1bcef9480a72db7b3a94,2024-07,Metropolitan Police Service,Metropolitan Police Service,-0.083595,51.49138,On or near Massinger Street,E01003961,Southwark 012B,Burglary,Investigation complete; no suspect identified
8dc44fd3d40c73a811f30cf10e953cf8c37583f8697631895768a3fc686b1964,2024-07,Metropolitan Police Service,Metropolitan Police Service,-0.084582,51.490865,On or near Beckway Street,E01003961,Southwark 012B,Burglary,Investigation complete; no suspect identified
1ab80455642ced8ef68bfe7b442de3d61966962a9d00efab130841c0938e31d0,2024-07,Metropolitan Police Service,Metropolitan Police Service,-0.095873,51.48747,On or near Supermarket,E01003994,Southwark 012E,Burglary,Investigation complete; no suspect identified
b3419b0535b5ab0ecf5af910db783d428f10d5ba88499a27591851243ffdb1bb,2024-07,Metropolitan Police Service,Metropolitan Police Service,-0.091566,51.493677,On or near Baytree Mews,E01033875,Southwark 012G,Burglary,Investigation complete; no suspect identified
d1ab52a4e2d35fdfa6610854a16aa6bafc172f457d8107915083443f60016db2,2024-07,Metropolitan Police Service,Metropolitan Police Service,-0.091566,51.493677,On or near Baytree Mews,E01033875,Southwark 012G,Burglary,Investigation complete; no suspect identified
d37837885cb5435cd82aaca49a886312849789f0052e693ffde88d2f0d4273eb,2024-07,Metropolitan Police Service,Metropolitan Police Service,-0.0928,51.493454,On or near Munton Road,E01033875,Southwark 012G,Burglary,Investigation complete; no suspect identified
14ca2128747d9dc432942ffe3a706322440933eceb7bd7378e12b6b2586ebcb8,2024-07,Metropolitan Police Service,Metropolitan Police Service,-0.096815,51.490823,On or near Further/Higher Educational Building,E01033876,Southwark 012H,Burglary,Investigation complete; no suspect identified
e6dfd0ca33f3c128bb495e121fecbaebefcebc365798972a5f39bac4c80ea1aa,2024-07,Metropolitan Police Service,Metropolitan Police Service,-0.07472,51.492107,On or near Setchell Road,E01003980,Southwark 013A,Burglary,Investigation complete; no suspect identified
9167a9a75c1f5da45ca7890cf10b88e14211457ee5694e2768f4d5cf7beb1784,2024-07,Metropolitan Police Service,Metropolitan Police Service,-0.073173,51.487783,On or near Brodie Street,E01004040,Southwark 013C,Burglary,Investigation complete; no suspect identified
e26d8e3abd16bfea704e06535bc90aea84928bf6baa69778c01cae460f7d2ccd,2024-07,Metropolitan Police Service,Metropolitan Police Service,-0.105938,51.482678,On or near Meadcroft Road,E01003992,Southwark 014A,Burglary,Investigation complete; no suspect identified
2a20bfa5f9626f0b5efdf3c62f286fd01360f78e7be0bc70d6c03566f07f2ae1,2024-07,Metropolitan Police Service,Metropolitan Police Service,-0.103774,51.488659,On or near Alberta Street,E01003995,Southwark 014B,Burglary,Investigation complete; no suspect identified
39c22ba8251a8e24a309ef681aee1fac03dd49f022bf32a7b49b4c8b1dba8abb,2024-07,Metropolitan Police Service,Metropolitan Police Service,-0.100136,51.489545,On or near Iliffe Yard,E01003995,Southwark 014B,Burglary,Investigation complete; no suspect identified
d4a12cca38dc2d174284c6f000bc379e537b423094b21930aa6f97120fd02951,2024-07,Metropolitan Police Service,Metropolitan Police Service,-0.077136,51.488073,On or near Shorncliffe Road,E01003966,Southwark 015B,Burglary,Investigation complete; no suspect identified
248c5c458fa3e74f75f5b28c3570d71ad4826b9b8adfe5c10a9643664f803774,2024-07,Metropolitan Police Service,Metropolitan Police Service,-0.0809,51.486606,On or near Bagshot Street,E01003971,Southwark 015D,Burglary,Investigation complete; no suspect identified
d0109489ea765ef7fe675c85faa93b910fac1ad5ecfdce08ba3daaf28c4ff651,2024-07,Metropolitan Police Service,Metropolitan Police Service,-0.08481,51.487479,On or near Thurlow Walk,E01033879,Southwark 015G,Burglary,Unable to prosecute suspect
fb61580c57bb59b888996a591f1c160239b6860f02c05bd16914a49cc270884f,2024-07,Metropolitan Police Service,Metropolitan Police Service,-0.084961,51.485935,On or near Beaconsfield Road,E01033879,Southwark 015G,Burglary,Investigation complete; no suspect identified
be1e4a73343f1c1d7cfd2a016bb3a78b22974269ca41869136ab457c0d70e10e,2024-07,Metropolitan Police Service,Metropolitan Police Service,-0.084961,51.485935,On or near Beaconsfield Road,E01033879,Southwark 015G,Burglary,Investigation complete; no suspect identified
08ebd3483cdeba85707be40f68bd1ba49b8740489f16512ab938c875155973ea,2024-07,Metropolitan Police Service,Metropolitan Police Service,-0.072296,51.485008,On or near Theatre/Concert Hall,E01033880,Southwark 015H,Burglary,Investigation complete; no suspect identified
237bf190abb5e9f86031cc403f0fa5c3792ce6f765c9cfb47f6c2de73b435cb4,2024-07,Metropolitan Police Service,Metropolitan Police Service,-0.074084,51.483589,On or near Trafalgar Avenue,E01033880,Southwark 015H,Burglary,Investigation complete; no suspect identified
a361b30eeeee21e5d16bc1fd9fa71fd99758fd51b67d9d2e101ea4c70278d5f8,2024-07,Metropolitan Police Service,Metropolitan Police Service,-0.06884,51.484654,On or near Nightclub,E01033880,Southwark 015H,Burglary,Investigation complete; no suspect identified
cbb469899c7496a9f63240160b40ecb86ae01516ab1d05f2e14f1be93a838dfa,2024-07,Metropolitan Police Service,Metropolitan Police Service,-0.087962,51.488564,On or near Merrow Walk,E01003972,Southwark 016D,Burglary,Investigation complete; no suspect identified
411a1af0af84fe35e73ed1dd4c1d6df73fc2ede8cfcbf16919a225c3bd0ed4d7,2024-07,Metropolitan Police Service,Metropolitan Police Service,-0.087962,51.488564,On or near Merrow Walk,E01003972,Southwark 016D,Burglary,Investigation complete; no suspect identified
e4a0c4ddd206efb6132cc6c97269ca2efbbece1df58e32ce0c0c8ce779c19dfe,2024-07,Metropolitan Police Service,Metropolitan Police Service,-0.087962,51.488564,On or near Merrow Walk,E01003972,Southwark 016D,Burglary,Investigation complete; no suspect identified
d51773d7b3ba94112447e7815e377f02b3820ea7c6fb2a2626424ce3f1ea032f,2024-07,Metropolitan Police Service,Metropolitan Police Service,-0.087696,51.485979,On or near Villa Street,E01033881,Southwark 016F,Burglary,Status update unavailable
fe07097a62f12338307a704d80857164a9e3c0c879c8c1a9d871c031f7ba8ce8,2024-07,Metropolitan Police Service,Metropolitan Police Service,-0.092826,51.484894,On or near Arnside Street,E01033881,Southwark 016F,Burglary,Status update unavailable
a330919549958524387a22dcd0be1f1c6b077036f659440eb0faa2b84e1e941b,2024-07,Metropolitan Police Service,Metropolitan Police Service,-0.090154,51.484715,On or near Phelp Street,E01033881,Southwark 016F,Burglary,Investigation complete; no suspect identified
48dfd86709fbdbf35575607bb0423347ba130fc24b4bfd88cc92247c1af8cae6,2024-07,Metropolitan Police Service,Metropolitan Police Service,-0.092058,51.486374,On or near Liverpool Grove,E01003969,Southwark 017B,Burglary,Investigation complete; no suspect identified
f5a8191bbd8f9cc59e6fd3504c0c0ee62b534602105c08ae8b461b09d95d8240,2024-07,Metropolitan Police Service,Metropolitan Police Service,-0.092058,51.486374,On or near Liverpool Grove,E01003969,Southwark 017B,Burglary,Investigation complete; no suspect identified
d58b8ed028acc06ac6e0fb4ea45483adb1f207460ac3369dba58ad83d4254220,2024-07,Metropolitan Police Service,Metropolitan Police Service,-0.091677,51.485837,On or near Lytham Street,E01003969,Southwark 017B,Burglary,Investigation complete; no suspect identified
c0350a78c63e33f679d7fa4cec77643df49c028af673bc0c1b323a462f9b02e3,2024-07,Metropolitan Police Service,Metropolitan Police Service,-0.100969,51.481645,On or near Dale Road,E01003991,Southwark 017C,Burglary,Unable to prosecute suspect
0c5010c499483b01ff23566f8a91d8925186de6993bd626768f09a3b2e42f38f,2024-07,Metropolitan Police Service,Metropolitan Police Service,-0.054692,51.484411,On or near Record Street,E01003988,Southwark 018B,Burglary,Investigation complete; no suspect identified
61fa1bd692033dd4a8746c5cc24821dba248b1bdfb2762ab1f0e094e5c8ad6e2,2024-07,Metropolitan Police Service,Metropolitan Police Service,-0.07357,51.478032,On or near Sumner Road,E01004007,Southwark 018E,Burglary,Investigation complete; no suspect identified
1332203343b083d4fc1688d95709e6127aa5cdea74a6d56ff2334292195e93f4,2024-07,Metropolitan Police Service,Metropolitan Police Service,-0.080451,51.477749,On or near Ferdinand Drive,E01004011,Southwark 019B,Burglary,Investigation complete; no suspect identified
db7b804ff6cf39da147a09d4f39e874d413bc1878a18a9f6f12eb3405decb7c8,2024-07,Metropolitan Police Service,Metropolitan Police Service,-0.078861,51.481662,On or near Bibury Close,E01004012,Southwark 019C,Burglary,Unable to prosecute suspect
dfcbe298307e8c7baa4455188455da5d74709094d2a0f31f353e77401cbd08c9,2024-07,Metropolitan Police Service,Metropolitan Police Service,-0.074995,51.480106,On or near Shield Street,E01004014,Southwark 019E,Burglary,Investigation complete; no suspect identified
fdb4d2e4cba6b555673d1e4de3e1683f39a4f111dbe3646a3beaf8dab2ec6253,2024-07,Metropolitan Police Service,Metropolitan Police Service,-0.084874,51.475304,On or near St Giles Road,E01003911,Southwark 020A,Burglary,Investigation complete; no suspect identified
af18e80eed3b1e7ee48035b60f9b6b88261806d51d12309b32b668eeebecc25a,2024-07,Metropolitan Police Service,Metropolitan Police Service,-0.081317,51.477008,On or near Marchwood Close,E01003916,Southwark 020B,Burglary,Investigation complete; no suspect identified
13dba038ac5c60c30e4295e19105d907e0578cd8aade5e3ae440e7fd08b135ed,2024-07,Metropolitan Police Service,Metropolitan Police Service,-0.086238,51.477799,On or near Harris Street,E01003918,Southwark 020D,Burglary,Investigation complete; no suspect identified
03264932fcb47406660f7a8e375084d202d5598d96d2365ab19391916c8f57b7,2024-07,Metropolitan Police Service,Metropolitan Police Service,-0.091921,51.477928,On or near Lomond Grove,E01003920,Southwark 021B,Burglary,Investigation complete; no suspect identified
44032ff4fb1b4c2ea67929649142d1d2ba330fbbacf9900163754c34cb066684,2024-07,Metropolitan Police Service,Metropolitan Police Service,-0.094591,51.476757,On or near Scena Way,E01003921,Southwark 021C,Burglary,Investigation complete; no suspect identified
43b50f7062283c4e337873585eebd144d73ae6a20e908c8fa10db82195fb47d1,2024-07,Metropolitan Police Service,Metropolitan Police Service,-0.094209,51.472549,On or near Shopping Area,E01003922,Southwark 021D,Burglary,Investigation complete; no suspect identified
9f4657798912d52cbac759c0e214fea779432b9e4abd83cd377f3255d9f3d7bf,2024-07,Metropolitan Police Service,Metropolitan Police Service,-0.093807,51.471385,On or near Coldharbour Lane,E01003922,Southwark 021D,Burglary,Investigation complete; no suspect identified
deacfb121d2eb8419322ac63a92137c61bfd6721aecd0426dff64b3698c3fa76,2024-07,Metropolitan Police Service,Metropolitan Police Service,-0.070654,51.475125,On or near Jocelyn Street,E01004010,Southwark 022D,Burglary,Investigation complete; no suspect identified
6794c1d07a898a18f327f199a8b1f02e4038633542ecd4f1636734ef4325334f,2024-07,Metropolitan Police Service,Metropolitan Police Service,-0.0681,51.474219,On or near Mission Place,E01004010,Southwark 022D,Burglary,Investigation complete; no suspect identified
531719db345c8a0a49c11ea4313fb42e0650085b25a15dd9ff847d132e1b7ff8,2024-07,Metropolitan Police Service,Metropolitan Police Service,-0.070654,51.475125,On or near Jocelyn Street,E01004010,Southwark 022D,Burglary,Investigation complete; no suspect identified
8acb0a5a963227a6cbc21bb9f9eef3cfe2e2233d68c39a65a781398fa69d6d8d,2024-07,Metropolitan Police Service,Metropolitan Police Service,-0.070524,51.47309,On or near Nightclub,E01004067,Southwark 022E,Burglary,Investigation complete; no suspect identified
6eef4be60bc368a89b87693721b42f99ae01748ee2cddbd374dd11b1685b2a79,2024-07,Metropolitan Police Service,Metropolitan Police Service,-0.070524,51.47309,On or near Nightclub,E01004067,Southwark 022E,Burglary,Investigation complete; no suspect identified
d700d64db8cf598a8170f81ad95ee8ae406509fc1b1ad0589ddadb24fe1be2b5,2024-07,Metropolitan Police Service,Metropolitan Police Service,-0.069766,51.471243,On or near Shopping Area,E01004067,Southwark 022E,Burglary,Investigation complete; no suspect identified
6f112f1cebc93dcf3df9f42370aa8db98f2ea131b5659a4cba4a190ed2552aa3,2024-07,Metropolitan Police Service,Metropolitan Police Service,-0.069766,51.471243,On or near Shopping Area,E01004067,Southwark 022E,Burglary,Investigation complete; no suspect identified
0cc2bf6827298d342984d80bff88256ab685d7ef48278b4db409d3ef1fadeead,2024-07,Metropolitan Police Service,Metropolitan Police Service,-0.064924,51.474419,On or near Police Station,E01033883,Southwark 022H,Burglary,Investigation complete; no suspect identified
1d8777aff010a5be60be62804d9db1746b8a92d155baf37a2cebea86ab5e6b2e,2024-07,Metropolitan Police Service,Metropolitan Police Service,-0.064036,51.476347,On or near Pennethorne Road,E01033883,Southwark 022H,Burglary,Investigation complete; no suspect identified
9a38c7820fd24e53c92909cdba732d0a2db2286997f0c33310a6e259eb5640a9,2024-07,Metropolitan Police Service,Metropolitan Police Service,-0.053902,51.477923,On or near Chesterfield Way,E01004003,Southwark 023B,Burglary,Investigation complete; no suspect identified
0850ba22c1aca08d26a25fddefd67cd001decbeac6812380eb639beea77fd4a3,2024-07,Metropolitan Police Service,Metropolitan Police Service,-0.087799,51.472492,On or near Ribbon Dance Mews,E01003913,Southwark 024A,Burglary,Investigation complete; no suspect identified
67ea5000bac5aa99ed284f58b444d8fb139fefcda1a37ee5c32931e3b7d59404,2024-07,Metropolitan Police Service,Metropolitan Police Service,-0.080401,51.471742,On or near Shenley Road,E01003914,Southwark 024B,Burglary,Investigation complete; no suspect identified
652cc719bc0c19e9370683d1590ec1629990b0c9569c32c9bb8af5a4f31b6e25,2024-07,Metropolitan Police Service,Metropolitan Police Service,-0.084836,51.466913,On or near Stories Road,E01004050,Southwark 024D,Burglary,Investigation complete; no suspect identified
b426069f176904e797bb05df1abf14737da94be46552bfc46af29214bf688f14,2024-07,Metropolitan Police Service,Metropolitan Police Service,-0.07559,51.468012,On or near Draymans Mews,E01004061,Southwark 025A,Burglary,Investigation complete; no suspect identified
8fdc09b20231ec0471fde9623e76eebe073e4a1396ae907e7080262936719e50,2024-07,Metropolitan Police Service,Metropolitan Police Service,-0.072161,51.469763,On or near Holly Grove,E01004061,Southwark 025A,Burglary,Investigation complete; no suspect identified
e1d3a974d17b5b70c8c32e20ce46cac7253c66799e4c10ed118a06d358a94e73,2024-07,Metropolitan Police Service,Metropolitan Police Service,-0.06681,51.46829,On or near Bournemouth Close,E01004062,Southwark 025B,Burglary,Investigation complete; no suspect identified
50777d26fbec886db1927fb5f1b06c8c8ce28ea808ff6021a119c1d135e6ccfd,2024-07,Metropolitan Police Service,Metropolitan Police Service,-0.06805,51.464506,On or near Dewar Street,E01004062,Southwark 025B,Burglary,Investigation complete; no suspect identified
d1883f2a989e9a1a6fdb100e1baa08be48f6c2f27554e5c1b8659d6fe4eeeb81,2024-07,Metropolitan Police Service,Metropolitan Police Service,-0.072431,51.467474,On or near Choumert Road,E01004063,Southwark 025C,Burglary,Investigation complete; no suspect identified
f5630e21caf8c72bf269c9864314bf9aafc31a46c80b4900aad51ac7ee63ec52,2024-07,Metropolitan Police Service,Metropolitan Police Service,-0.075618,51.466331,On or near Danby Street,E01004063,Southwark 025C,Burglary,Investigation complete; no suspect identified
681c6137241cce27fd1b79e2208202dc4c8d144b99794754e073d0fcefd2cd0a,2024-07,Metropolitan Police Service,Metropolitan Police Service,-0.072431,51.467474,On or near Choumert Road,E01004063,Southwark 025C,Burglary,Investigation complete; no suspect identified
00eea5ddf2d906388befed7af522955cf0c10949154b65c9eea087500a06ff8b,2024-07,Metropolitan Police Service,Metropolitan Police Service,-0.067098,51.466595,On or near Sternhall Lane,E01004063,Southwark 025C,Burglary,Investigation complete; no suspect identified
ae619e277865953e4bc60803358e8c6f06547a54398a6a01db2ea776e35fd7db,2024-07,Metropolitan Police Service,Metropolitan Police Service,-0.070418,51.463979,On or near Amott Road,E01004065,Southwark 025D,Burglary,Investigation complete; no suspect identified
b7a56583f401371805fec85832b16537b913aab2ff5f645a2e4fccd975541f24,2024-07,Metropolitan Police Service,Metropolitan Police Service,-0.078292,51.473955,On or near Talfourd Road,E01004066,Southwark 025E,Burglary,Investigation complete; no suspect identified
78a5168c5103e5227a9661e6d566ad5de0107400dd2a44332896413876868ffc,2024-07,Metropolitan Police Service,Metropolitan Police Service,-0.054524,51.467376,On or near Evelina Road,E01004000,Southwark 026A,Burglary,Investigation complete; no suspect identified
4e9d6220ddbde200a50eeeeab577ee27e280ef037e40f692a7fae920f72544b8,2024-07,Metropolitan Police Service,Metropolitan Police Service,-0.063706,51.466791,On or near Wivenhoe Close,E01004068,Southwark 026E,Burglary,Investigation complete; no suspect identified
2719aaaaafec48ee6a84b58107d3536b425a3bf71655ddda0bf945996fa116fc,2024-07,Metropolitan Police Service,Metropolitan Police Service,-0.056039,51.466961,On or near Symons Close,E01004068,Southwark 026E,Burglary,Investigation complete; no suspect identified
ea2a09feff8b4c1d954008c8fd2be91de3278648f0da6c5703d730259a57a2da,2024-07,Metropolitan Police Service,Metropolitan Police Service,-0.064162,51.468255,On or near Sandlings Close,E01004068,Southwark 026E,Burglary,Investigation complete; no suspect identified
a5d99408928181e0c55f46951b778dd4e09ab0a580ffac806ee8e8c3a53c325f,2024-07,Metropolitan Police Service,Metropolitan Police Service,-0.091401,51.462101,On or near Deepdene Road,E01004047,Southwark 027B,Burglary,Investigation complete; no suspect identified
d238a4c39fb427a5e3cabd523e2235b6503885f60ef77800921aa5aba8fe3fbe,2024-07,Metropolitan Police Service,Metropolitan Police Service,-0.08513,51.461963,On or near Supermarket,E01004048,Southwark 027C,Burglary,Awaiting court outcome
1a101ec28f5076d007ef1c9dcd0c3bb9dbee5c0c58ec6869f48b2d550eb0d227,2024-07,Metropolitan Police Service,Metropolitan Police Service,-0.083737,51.464638,On or near Dog Kennel Hill,E01004049,Southwark 027D,Burglary,Investigation complete; no suspect identified
e633284d26671d3e4819db10497db21d174b358f31db8eca4653dd1138beb826,2024-07,Metropolitan Police Service,Metropolitan Police Service,-0.072249,51.458119,On or near Lacon Road,E01003953,Southwark 028A,Burglary,Investigation complete; no suspect identified
5d563f808c361549c9063be81c3a40d63655004d7c25cfbabf230a5d9cd4ff2b,2024-07,Metropolitan Police Service,Metropolitan Police Service,-0.075871,51.46031,On or near Zenoria Street,E01003953,Southwark 028A,Burglary,Investigation complete; no suspect identified
1c5eec7569b93e2a1b3ef02b2e5dcf33bdc1f433f0c4fbda1b393dc779b8e071,2024-07,Metropolitan Police Service,Metropolitan Police Service,-0.079818,51.458864,On or near A2214,E01003953,Southwark 028A,Burglary,Investigation complete; no suspect identified
750ef5e4cf874627f2c17527e2f7b7fdfe10108e6f9c60ec0d6f50239a90d662,2024-07,Metropolitan Police Service,Metropolitan Police Service,-0.071192,51.458263,On or near Acre Drive,E01003953,Southwark 028A,Burglary,Investigation complete; no suspect identified
354199b9f6ce7f4f86966f96c27d36eda44347e743ee65906db1e1838cef1d58,2024-07,Metropolitan Police Service,Metropolitan Police Service,-0.058689,51.455071,On or near Colyton Road,E01004015,Southwark 028C,Burglary,Investigation complete; no suspect identified
29b3e615effcaa6d5b6618256adcacc7736c6977c04e6401e73d75dd95f193e9,2024-07,Metropolitan Police Service,Metropolitan Police Service,-0.068833,51.461815,On or near Petrol Station,E01004021,Southwark 028D,Burglary,Investigation complete; no suspect identified
a28d206fc86d2fd72730664a767e7ec7aa64266dfb5bab8d0acca596a42f9396,2024-07,Metropolitan Police Service,Metropolitan Police Service,-0.070285,51.461009,On or near Holmes Close,E01004021,Southwark 028D,Burglary,Investigation complete; no suspect identified
af28f5feead2852403008a53f016f11347f689428426796da128b802cd31f02e,2024-07,Metropolitan Police Service,Metropolitan Police Service,-0.046978,51.459652,On or near Lanbury Road,E01004002,Southwark 029A,Burglary,Investigation complete; no suspect identified
43da82d31938d1ad46689859351ef51aca8c4c02b43016d0542b4dafd0905c8e,2024-07,Metropolitan Police Service,Metropolitan Police Service,-0.076077,51.457112,On or near Sage Mews,E01003952,Southwark 030A,Burglary,Investigation complete; no suspect identified
4048ad2acba8a00b62f69aaf0abd40d47d38037e023d6829b1453b87987e5f70,2024-07,Metropolitan Police Service,Metropolitan Police Service,-0.07258,51.456065,On or near Ulverscroft Road,E01003954,Southwark 030B,Burglary,Investigation complete; no suspect identified
f152940c1e2dbb353ce9d80e8e5b564a14c675f94d771eb9e6d986f7d74a47e8,2024-07,Metropolitan Police Service,Metropolitan Police Service,-0.074694,51.451666,On or near Thompson Road,E01003956,Southwark 030C,Burglary,Investigation complete; no suspect identified
89a0ccb679e852a2d3781f3df6d1aa4cd1a894470d9e403186dd085cca79904e,2024-07,Metropolitan Police Service,Metropolitan Police Service,-0.074231,51.454114,On or near Cyrena Road,E01003956,Southwark 030C,Burglary,Investigation complete; no suspect identified
ae82bd0f968aa12e09ce067b2a2a47ddf052d9d0c76d7db3a695a869e84c31a7,2024-07,Metropolitan Police Service,Metropolitan Police Service,-0.081093,51.453876,On or near Townley Road,E01004072,Southwark 030E,Burglary,Investigation complete; no suspect identified
2ced8bb020461bf314c23ed6a1a5936611a7f05862610a558fbea236402ad18f,2024-07,Metropolitan Police Service,Metropolitan Police Service,-0.088763,51.451023,On or near Sports/Recreation Area,E01004069,Southwark 031A,Burglary,Investigation complete; no suspect identified
7cae48c9ef0357bf7b6614e54d6395220ed8f686bfb242da4f9c40fcead68ba7,2024-07,Metropolitan Police Service,Metropolitan Police Service,-0.085791,51.451677,On or near Gilkes Place,E01004070,Southwark 031B,Burglary,Unable to prosecute suspect
1c2b212f2db6751de5623f9438e649881a4f60866f3537a757d8cd25898325bc,2024-07,Metropolitan Police Service,Metropolitan Police Service,-0.091588,51.454847,On or near Beckwith Road,E01004070,Southwark 031B,Burglary,Investigation complete; no suspect identified
183e540852d6e68d19bf48d39bb54dc227798364b17b68b7ba15f19af877573d,2024-07,Metropolitan Police Service,Metropolitan Police Service,-0.094436,51.453518,On or near Howletts Road,E01004073,Southwark 031C,Burglary,Investigation complete; no suspect identified
59ad4252b61f451486ee2eb3410b9e98656e264d8ae9a1a71218db40fbe795d9,2024-07,Metropolitan Police Service,Metropolitan Police Service,-0.083451,51.450146,On or near Desenfans Road,E01004075,Southwark 031E,Burglary,Investigation complete; no suspect identified
c87ad8a00e206578f972325963344aad114a7138cb374fbfc7e073caf8dcdae0,2024-07,Metropolitan Police Service,Metropolitan Police Service,-0.064166,51.44741,On or near Underhill Road,E01003949,Southwark 032A,Burglary,Investigation complete; no suspect identified
57e2cb22f097a3f454f043d1a58c8bc2e6df099c4bf1e93daa17d7ca2c308f0f,2024-07,Metropolitan Police Service,Metropolitan Police Service,-0.066464,51.444454,On or near Melford Road,E01003949,Southwark 032A,Burglary,Investigation complete; no suspect identified
418ca0b76d7c159da727e7ce85ded75aabe614ff0ccdb3cad2cc1768014196b9,2024-07,Metropolitan Police Service,Metropolitan Police Service,-0.066464,51.444454,On or near Melford Road,E01003949,Southwark 032A,Burglary,Investigation complete; no suspect identified
3da62cabd3b6615ea1e3966454dc236a7ce4df7c084452ee27f74bcd51620029,2024-07,Metropolitan Police Service,Metropolitan Police Service,-0.06993,51.453728,On or near Barry Road,E01003957,Southwark 032C,Burglary,Investigation complete; no suspect identified
c40d49a645652e4a1808fa1074fef4c0b2146c2cd2f872edd0decfb15cf714bd,2024-07,Metropolitan Police Service,Metropolitan Police Service,-0.058774,51.4534,On or near Shelbury Road,E01004018,Southwark 032E,Burglary,Investigation complete; no suspect identified
0c3b70cabf5af4a82f599f853081ac7acf587c4957cd3e7a60bd0ae3a580d20a,2024-07,Metropolitan Police Service,Metropolitan Police Service,-0.062395,51.45355,On or near Supermarket,E01004018,Southwark 032E,Burglary,Investigation complete; no suspect identified
1adf6f25b6ce1d48d37f91db555098e2c415739cd482e4c412b09f7bad5b2edc,2024-07,Metropolitan Police Service,Metropolitan Police Service,-0.084154,51.428198,On or near Baird Gardens,E01003946,Southwark 033B,Burglary,Investigation complete; no suspect identified
4aeac7c82fc563cd8195492794f4e1f1b1658b96fb45d38d880c36f7905f426d,2024-07,Metropolitan Police Service,Metropolitan Police Service,-0.088517,51.436371,On or near Alleyn Crescent,E01003951,Southwark 033E,Burglary,Investigation complete; no suspect identified
e59f3d36ccb9bca8eb4a3d83ff8aea10f3e90591cfeb5e99be338e4e03d7817b,2024-07,Metropolitan Police Service,Metropolitan Police Service,-0.103469,51.49949,On or near Library Street,E01003930,Southwark 034A,Burglary,Investigation complete; no suspect identified
8c3a606dfaebff9a0c9ba22bee028f4c1a4fe29ca3690af28fb4c86ec60a80e6,2024-07,Metropolitan Police Service,Metropolitan Police Service,-0.103469,51.49949,On or near Library Street,E01003930,Southwark 034A,Burglary,Investigation complete; no suspect identified
604b7f2a925dbf6062bcd50483f243ce8cfbcedb0c45b9481146c9b023fa51e7,2024-07,Metropolitan Police Service,Metropolitan Police Service,-0.100972,51.497175,On or near Ontario Street,E01003932,Southwark 034B,Burglary,Investigation complete; no suspect identified
ea05f8aa1c3a855ac57f91865e0e68ec051c4ea1741a54e2b10f7b3e9506f7b7,2024-07,Metropolitan Police Service,Metropolitan Police Service,-0.102699,51.4941,On or near Oswin Street,E01003933,Southwark 034C,Burglary,Investigation complete; no suspect identified
a706569893f61f9f64902af3280f6b691d10c74f71493c6875b86a049bc1a066,2024-07,Metropolitan Police Service,Metropolitan Police Service,-0.101843,51.502207,On or near Pocock Street,E01032583,Southwark 034D,Burglary,Investigation complete; no suspect identified
4f1fa3463584dd4b43af793ede43fec47eadb290988a59d677d14c6ddc92aa71,2024-07,Metropolitan Police Service,Metropolitan Police Service,-0.101843,51.502207,On or near Pocock Street,E01032583,Southwark 034D,Burglary,Investigation complete; no suspect identified
6f81cbffc331ac0cc21722d147a451b9ae3ddbfef9d3e7b32ae5d46eb64b3763,2024-07,Metropolitan Police Service,Metropolitan Police Service,-0.101576,51.501007,On or near Rushworth Street,E01032583,Southwark 034D,Burglary,Investigation complete; no suspect identified
123123d6fe00275607bf458d35b8d6b130c15e1b2993ced15a2295e62cb4eaee,2024-07,Metropolitan Police Service,Metropolitan Police Service,-0.080603,51.50259,On or near Barnham Street,E01033884,Southwark 035A,Burglary,Investigation complete; no suspect identified
3a40030e62f7acf0706ff25eda56f1244c44ee9b45c7389585d135e24d6916c9,2024-07,Metropolitan Police Service,Metropolitan Police Service,-0.082011,51.504411,On or near Braidwood Street,E01033884,Southwark 035A,Burglary,Investigation complete; no suspect identified
94966438a7945b5b82ec1495988239f28579a95536720670e8ea1d076eca66a2,2024-07,Metropolitan Police Service,Metropolitan Police Service,-0.082093,51.503828,On or near Magdalen Street,E01033884,Southwark 035A,Burglary,Investigation complete; no suspect identified
2a7668d82a5bfa6f01447e7044e247c4b8311f78074a9a8ead2b72dd182dbb73,2024-07,Metropolitan Police Service,Metropolitan Police Service,-0.073904,51.502579,On or near Curlew Street,E01032640,Southwark 035B,Burglary,Investigation complete; no suspect identified
6c1cc2238b6d5608a695ed51fc8d2acbe677bd45e02bf2b8a1af9d986de79c20,2024-07,Metropolitan Police Service,Metropolitan Police Service,-0.071926,51.50028,On or near Dockhead,E01032834,Southwark 035C,Burglary,Investigation complete; no suspect identified
7b3db7854a57d2f586510d746d2da5d4f91515a56c430a11b46612356edfd47a,2024-07,Metropolitan Police Service,Metropolitan Police Service,-0.071926,51.50028,On or near Dockhead,E01032834,Southwark 035C,Burglary,Investigation complete; no suspect identified
5fd1d26f78268c76eb9cdd8b3dc6b8bc4081f60c3c8c8733a5d56cb831c644e1,2024-07,Metropolitan Police Service,Metropolitan Police Service,-0.071504,51.501064,On or near Mill Street,E01032638,Southwark 035D,Burglary,Investigation complete; no suspect identified
c0ccaa6600547475e7a594fbf3181f4a1360ef1658bc16143ad5cddad6d9872c,2024-07,Metropolitan Police Service,Metropolitan Police Service,-0.085419,51.500789,On or near Weston Street,E01032803,Southwark 036C,Burglary,Investigation complete; no suspect identified
3d1420bab890eaabb13039cbbac523555cdff27674fd8fde1cd8b3d4638e7407,2024-07,Metropolitan Police Service,Metropolitan Police Service,-0.079615,51.497978,On or near Stevens Street,E01003976,Southwark 036D,Burglary,Investigation complete; no suspect identified
5364f0404de9c6efb52b0fd5270a9ffa55a22e5cf15922132ff9efa4f192d2f5,2024-07,Metropolitan Police Service,Metropolitan Police Service,-0.174215,51.379591,On or near Woburn Road,E01004125,Sutton 001A,Burglary,Investigation complete; no suspect identified
41b7cdd78777dac525f2bfa442665473d7c97abc740353120df63b4e48b9282c,2024-07,Metropolitan Police Service,Metropolitan Police Service,-0.175701,51.385585,On or near Sawtry Close,E01004183,Sutton 001B,Burglary,Investigation complete; no suspect identified
9b13b55c7edba0cabb7c74d8791868bcf3e100ed2c7c54d3a6dfd80302c3927f,2024-07,Metropolitan Police Service,Metropolitan Police Service,-0.185607,51.386216,On or near Shearing Drive,E01004129,Sutton 002E,Burglary,Investigation complete; no suspect identified
0906e08bfce73020143445aeba0107f1672cd69514cebec9a1e7d54e636ac5fe,2024-07,Metropolitan Police Service,Metropolitan Police Service,-0.183364,51.385507,On or near Lovett Drive,E01004129,Sutton 002E,Burglary,Investigation complete; no suspect identified
97a3d4d07f70b82d139d16c137dce0741806d414f27d6db34baf938f52ab657d,2024-07,Metropolitan Police Service,Metropolitan Police Service,-0.21118,51.385332,On or near Supermarket,E01004134,Sutton 003C,Burglary,Investigation complete; no suspect identified
c0a8726925a032925d414e53295a0aa4e2604cd082394b441276210438fcc3d5,2024-07,Metropolitan Police Service,Metropolitan Police Service,-0.164844,51.380353,On or near Holly Tree Crescent,E01004169,Sutton 004C,Burglary,Unable to prosecute suspect
59080809b92d2583626755c31eb95e7581762648dc695408e86e2f529f82882e,2024-07,Metropolitan Police Service,Metropolitan Police Service,-0.159647,51.383797,On or near Seymour Road,E01004186,Sutton 004D,Burglary,Investigation complete; no suspect identified
20ab5dd84bafaf7d2757ede21cbf49be2e032417c176f49e1d191e6896a031f6,2024-07,Metropolitan Police Service,Metropolitan Police Service,-0.156742,51.38278,On or near Sandmartin Way,E01004186,Sutton 004D,Burglary,Investigation complete; no suspect identified
aedd6816a2d3d04e08d384deb8f9a87c3725d8ec77fdde6ab32673ce7ade6e08,2024-07,Metropolitan Police Service,Metropolitan Police Service,-0.170429,51.380827,On or near Bramblewood Close,E01004187,Sutton 005E,Burglary,Investigation complete; no suspect identified
7146c1dafcde836ab99747c3bdff921a95661c9bb74a92c2fb763dac9e4e2ab2,2024-07,Metropolitan Police Service,Metropolitan Police Service,-0.234586,51.382854,On or near Heatherlea Grove,E01004193,Sutton 006D,Burglary,Status update unavailable
a9e0bd3d8f483200ff83d4573c2d581470d09e1ca4017198c459d05c061e4455,2024-07,Metropolitan Police Service,Metropolitan Police Service,-0.232352,51.381166,On or near Delcombe Avenue,E01004193,Sutton 006D,Burglary,Investigation complete; no suspect identified
b3827474991f92f8202834ca8a6e9a24e9a263caeab12bc6362d3457a12f85cd,2024-07,Metropolitan Police Service,Metropolitan Police Service,-0.243191,51.379567,On or near Police Station,E01004195,Sutton 006E,Burglary,Investigation complete; no suspect identified
0143b6fb2ce0e9866c769e70ddd72938d47810a3c5261096ba1896daf5bfab7f,2024-07,Metropolitan Police Service,Metropolitan Police Service,-0.194611,51.38202,On or near Reigate Avenue,E01004145,Sutton 007B,Burglary,Investigation complete; no suspect identified
8509e44ca5d5dca40bbb079234dad8bd64fb58d6b9d780e6cea4f9a2d659eaa5,2024-07,Metropolitan Police Service,Metropolitan Police Service,-0.229883,51.370293,On or near Leicester Close,E01004116,Sutton 008A,Burglary,Investigation complete; no suspect identified
ff61dfc13aa5108d8d8e70e61eb08dd9db510dee122685df3c2057ae570aad09,2024-07,Metropolitan Police Service,Metropolitan Police Service,-0.234506,51.367026,On or near Killester Gardens,E01004116,Sutton 008A,Burglary,Unable to prosecute suspect
b0a523c70116195783b0a041645eed7a120237f588d6ead27dcc333b8fecc4a2,2024-07,Metropolitan Police Service,Metropolitan Police Service,-0.237029,51.373899,On or near Abingdon Close,E01004122,Sutton 008B,Burglary,Investigation complete; no suspect identified
117ced52efd8d744fa1c052570eba44c31534a99ff6c20f74b2059ab81e010b2,2024-07,Metropolitan Police Service,Metropolitan Police Service,-0.230561,51.376202,On or near Colborne Way,E01004190,Sutton 008C,Burglary,Unable to prosecute suspect
5cf493dba8599d1821d25124ab713c156a45ce28cbe31eb5b3f1f1310ed057a0,2024-07,Metropolitan Police Service,Metropolitan Police Service,-0.21623,51.368188,On or near Northfield Crescent,E01004115,Sutton 009A,Burglary,Investigation complete; no suspect identified
e74754e3fb3b2566452cffdbb8b6450cfb7324deee6f8413a627d264dd20df72,2024-07,Metropolitan Police Service,Metropolitan Police Service,-0.212283,51.372516,On or near Kew Crescent,E01004133,Sutton 009E,Burglary,Investigation complete; no suspect identified
f1e9474487647cb0cc14b3e22b25a3ee185e4c226c64c51fa7c3bb124b2cb6c3,2024-07,Metropolitan Police Service,Metropolitan Police Service,-0.215685,51.372604,On or near St Margaret'S Avenue,E01004133,Sutton 009E,Burglary,Investigation complete; no suspect identified
02c6de6087fdbc86593d8e764d8e2dae826235d048732854226b971b916af37d,2024-07,Metropolitan Police Service,Metropolitan Police Service,-0.213774,51.373349,On or near Kingston Avenue,E01004133,Sutton 009E,Burglary,Investigation complete; no suspect identified
5a10714a3c64b02639804ab9492a4f85dec2a941db6b3b12f2e061968f8bdcad,2024-07,Metropolitan Police Service,Metropolitan Police Service,-0.155596,51.366971,On or near Acre Lane,E01004176,Sutton 010E,Burglary,Investigation complete; no suspect identified
f3bebb1d3aa9f40a99d4effc49141f94a07e924b55dffda48530e9202a33bc71,2024-07,Metropolitan Police Service,Metropolitan Police Service,-0.141174,51.388568,On or near Elberon Avenue,E01004076,Sutton 011A,Burglary,Investigation complete; no suspect identified
9799ed5e8e5e18d1f2daf24541a8db938238fa2581f042f4597df9f6a9e94028,2024-07,Metropolitan Police Service,Metropolitan Police Service,-0.129984,51.367617,On or near Croydon Road,E01004077,Sutton 011B,Burglary,Investigation complete; no suspect identified
c8c486782418117496ae219cbd61552541dd57ca72f0bb62217cc145780ff821,2024-07,Metropolitan Police Service,Metropolitan Police Service,-0.12483,51.371383,On or near Twickenham Close,E01004078,Sutton 011C,Burglary,Unable to prosecute suspect
89bb01962a830f49271068a2dea3a73529abfa0a657b41a1cd1f83568e29cb57,2024-07,Metropolitan Police Service,Metropolitan Police Service,-0.191514,51.3687,On or near Brunswick Road,E01004140,Sutton 012B,Burglary,Investigation complete; no suspect identified
812f470564a7439caa5f23c22bae21e77ed1f4500254b6efe0737c7dfbf9dbd9,2024-07,Metropolitan Police Service,Metropolitan Police Service,-0.198328,51.369335,On or near Bushey Road,E01034155,Sutton 012F,Burglary,Unable to prosecute suspect
1dc01aa7eb0a4df313b74f565840bcc990959baecbb15753e2f0fb251ba75af5,2024-07,Metropolitan Police Service,Metropolitan Police Service,-0.191998,51.36225,On or near Nightclub,E01034156,Sutton 012G,Burglary,Investigation complete; no suspect identified
2e2accad6ddfbc00a2d5ca12134976ca285c8f89f120e7b88a51ccb3f56c9617,2024-07,Metropolitan Police Service,Metropolitan Police Service,-0.191439,51.360776,On or near Bank Mews,E01034156,Sutton 012G,Burglary,Investigation complete; no suspect identified
9b419e900376db9b431fbba7398f2cc603a169a8015505833e6c2f7da391ec4d,2024-07,Metropolitan Police Service,Metropolitan Police Service,-0.180037,51.363234,On or near Relko Gardens,E01004103,Sutton 013B,Burglary,Investigation complete; no suspect identified
56d0f8fe2391e8f3f99964473972f485ec772839281056a8f89fc6910bf30dbd,2024-07,Metropolitan Police Service,Metropolitan Police Service,-0.184238,51.363794,On or near Vernon Road,E01004138,Sutton 013C,Burglary,Investigation complete; no suspect identified
5a03f632ed026434af16c1c251fc2c80048ee173d76d3e2cd59b77951bc7de34,2024-07,Metropolitan Police Service,Metropolitan Police Service,-0.204083,51.372058,On or near Anton Crescent,E01004148,Sutton 014B,Burglary,Investigation complete; no suspect identified
1876cb4ec59e8576df17b8645a50b11c871b5f000686ea8f4005d65a3b5a04d3,2024-07,Metropolitan Police Service,Metropolitan Police Service,-0.207097,51.362572,On or near Bourne Way,E01004161,Sutton 014E,Burglary,Awaiting court outcome
00221c739c46788cdbc33edc78c95fc503d0acf6a1cc7008f70fec5cdd10cee3,2024-07,Metropolitan Police Service,Metropolitan Police Service,-0.166558,51.359031,On or near Parker Close,E01004098,Sutton 015B,Burglary,Investigation complete; no suspect identified
e2db62e1ba7975c64a0b3269dd4de0a7797d533a75510b9f9eee6ae0969bafae,2024-07,Metropolitan Police Service,Metropolitan Police Service,-0.208031,51.358891,On or near Rosebery Road,E01004157,Sutton 016E,Burglary,Unable to prosecute suspect
8ffd26f2ef2258916f88c70168af30a07c73a94ae8e943003a8087cfe3cdb60c,2024-07,Metropolitan Police Service,Metropolitan Police Service,-0.150741,51.360896,On or near Railway Approach,E01004170,Sutton 017B,Burglary,Awaiting court outcome
be06cf7d8691371ebb4c5f069fd32b02d587693759f8666d89ba34ff2b7646eb,2024-07,Metropolitan Police Service,Metropolitan Police Service,-0.151464,51.363974,On or near Manor Road,E01004170,Sutton 017B,Burglary,Investigation complete; no suspect identified
ba7e277aef92b81ece9fa1acc1dbaa0a2be2f29cdff69411b5c577cebb6fa74c,2024-07,Metropolitan Police Service,Metropolitan Police Service,-0.1453,51.356547,On or near Stanley Gardens,E01004179,Sutton 017E,Burglary,Investigation complete; no suspect identified
062749769792c4bdcf638dc545936f925ccaff589af3b53ab780ad642317aa60,2024-07,Metropolitan Police Service,Metropolitan Police Service,-0.193196,51.355533,On or near Grange Vale,E01004152,Sutton 018A,Burglary,Investigation complete; no suspect identified
cd7e86ed5d8d1032edf26bd11f32cc5ea1c5ff3cb6f6b4e63e9d41b3913f290d,2024-07,Metropolitan Police Service,Metropolitan Police Service,-0.194802,51.363642,On or near Beech Tree Place,E01004162,Sutton 018E,Burglary,Investigation complete; no suspect identified
d6858304dff10002a7adc738397142bfbbbf690ddba3a5bbdfc442486e2a353a,2024-07,Metropolitan Police Service,Metropolitan Police Service,-0.131871,51.351954,On or near Brabazon Avenue,E01004083,Sutton 019A,Burglary,Investigation complete; no suspect identified
c444b3b83dfb8f8a93a94454e0f9c9dabd67581330c2d7f9c844c5f4fef8f493,2024-07,Metropolitan Police Service,Metropolitan Police Service,-0.134603,51.355056,On or near Hengist Way,E01004089,Sutton 019D,Burglary,Unable to prosecute suspect
5e746550f19144dd49b66c5c97f08eebb04026a073fa9aac30b365a0137e0c8c,2024-07,Metropolitan Police Service,Metropolitan Police Service,-0.161115,51.357579,On or near Northwood Road,E01004104,Sutton 020A,Burglary,Investigation complete; no suspect identified
2a85056af8f487acca3d9d19f0a6a8ba5d9c1740868fe73b956f87e7181872d9,2024-07,Metropolitan Police Service,Metropolitan Police Service,-0.151005,51.358256,On or near Parking Area,E01004177,Sutton 020C,Burglary,Investigation complete; no suspect identified
b44b620dd5a6818cb26933461b225665fce6d66ae0ec9428494f4e1a806b3393,2024-07,Metropolitan Police Service,Metropolitan Police Service,-0.154305,51.352625,On or near Brambledown Road,E01004180,Sutton 020D,Burglary,Status update unavailable
38bce2670700dc324ea6b57b5ca9d30db2fb95a8450e14c2f59c00420e47f0c5,2024-07,Metropolitan Police Service,Metropolitan Police Service,-0.154569,51.348564,On or near The Wood End,E01004180,Sutton 020D,Burglary,Unable to prosecute suspect
9239682da121498d1be1a3e8b8c299b9cfe36ac49ac8323ac9ed7f1bff615e7b,2024-07,Metropolitan Police Service,Metropolitan Police Service,-0.195875,51.349136,On or near Westover Close,E01004090,Sutton 021A,Burglary,Investigation complete; no suspect identified
484eea8037686091564e5743011bde84c1a44ea7fe57a38760d9264abae4d7c8,2024-07,Metropolitan Police Service,Metropolitan Police Service,-0.188966,51.359011,On or near Wellesley Road,E01004150,Sutton 021C,Burglary,Investigation complete; no suspect identified
04264b27767ca1d49cf6667edebe37b0f0146e199d05cb7fd31b12a6d6565246,2024-07,Metropolitan Police Service,Metropolitan Police Service,-0.18507,51.345642,On or near Woodbury Drive,E01004091,Sutton 022A,Burglary,Investigation complete; no suspect identified
fc8f55e6120471c0d600a1c1999474865f70b3a8b7e53a2f8d9db5b9ca309726,2024-07,Metropolitan Police Service,Metropolitan Police Service,-0.18804,51.342432,On or near Furzedown Road,E01004091,Sutton 022A,Burglary,Unable to prosecute suspect
70d732dc915e947b4f450de151c05a99de4ae95641204f934e5c62cd4d05ddf0,2024-07,Metropolitan Police Service,Metropolitan Police Service,-0.185055,51.347845,On or near The Linkway,E01004092,Sutton 022B,Burglary,Awaiting court outcome
3f48d0993d515db3f9a5bef77e714a8dbbd9d9299f83ba2fc7d552c7d6ad94cb,2024-07,Metropolitan Police Service,Metropolitan Police Service,-0.172776,51.355819,On or near Barrow Hedges Way,E01004105,Sutton 022C,Burglary,Investigation complete; no suspect identified
397078896ba7845ad277ff89a9e3f5d5f049bc2d262b021031c67a0b0c71cef5,2024-07,Metropolitan Police Service,Metropolitan Police Service,-0.176921,51.349454,On or near Beeches Walk,E01004106,Sutton 022D,Burglary,Investigation complete; no suspect identified
d8fb756fbc5823cbd8d6ee69ddab9305d0f0bd98b6ee398422405bf80f566322,2024-07,Metropolitan Police Service,Metropolitan Police Service,-0.178767,51.355418,On or near Farm Road,E01004154,Sutton 022E,Burglary,Investigation complete; no suspect identified
4979113c7019909d1e10d2bccfd1eb242aabab19899380010cc69d0628673fea,2024-07,Metropolitan Police Service,Metropolitan Police Service,-0.146645,51.344563,On or near Woodcote Road,E01004084,Sutton 024A,Burglary,Investigation complete; no suspect identified
9efce461e677c514bc4f67d9d9d66927ea774a382dc5aa0cc1a8990689033ceb,2024-07,Metropolitan Police Service,Metropolitan Police Service,-0.031233,51.534801,On or near Mccullum Road,E01004222,Tower Hamlets 001A,Burglary,Investigation complete; no suspect identified
bf420e5a4a305b44780cc7c8948a993762c26c7561cf054925346cdd7fe6b4ae,2024-07,Metropolitan Police Service,Metropolitan Police Service,-0.029122,51.533273,On or near Libra Road,E01004222,Tower Hamlets 001A,Burglary,Investigation complete; no suspect identified
0bf29ac671b1e08b219dc1822d3a57552702f517568d39e768bd11b03da6b58a,2024-07,Metropolitan Police Service,Metropolitan Police Service,-0.029628,51.537247,On or near Waterside Close,E01004223,Tower Hamlets 001B,Burglary,Investigation complete; no suspect identified
84aa1d0f56fce8381d39dae18c4cee15e4abf0dbd2279aad8ca6f130e8637b10,2024-07,Metropolitan Police Service,Metropolitan Police Service,-0.028959,51.532047,On or near Anglo Road,E01004226,Tower Hamlets 001D,Burglary,Unable to prosecute suspect
17d01d9701e014863f07921e4d2c2d577145c4871b292e09c7f765a89adb6f4b,2024-07,Metropolitan Police Service,Metropolitan Police Service,-0.028959,51.532047,On or near Anglo Road,E01004226,Tower Hamlets 001D,Burglary,Investigation complete; no suspect identified
90e9ea77b372e8f9dff1711a35194496c7052a68ccf59171c253dc74c0f29084,2024-07,Metropolitan Police Service,Metropolitan Police Service,-0.028676,51.531584,On or near Vernon Road,E01004226,Tower Hamlets 001D,Burglary,Investigation complete; no suspect identified
a24d362aa5e7c910e7ad32bfe6b50d15cc396289a19455e849c36119e23aeb49,2024-07,Metropolitan Police Service,Metropolitan Police Service,-0.031593,51.532145,On or near William Place,E01004226,Tower Hamlets 001D,Burglary,Awaiting court outcome
620ed868f828d16d617c2db5f925c10b2e936efd73d1f8c533e8dda05dfd2612,2024-07,Metropolitan Police Service,Metropolitan Police Service,-0.024147,51.543261,On or near Hackney Wick,E01035657,Tower Hamlets 001E,Burglary,Investigation complete; no suspect identified
a63fefe4ce2a7e0f88fc9984bcb1c1ce3e5aa82c3b648b577203fb6992d8ae22,2024-07,Metropolitan Police Service,Metropolitan Police Service,-0.021546,51.540393,On or near Roach Road,E01035657,Tower Hamlets 001E,Burglary,Investigation complete; no suspect identified
fb1bbe8a9017228b24c54cf1f2064f232ae3d859ff96c71079fca953c146527b,2024-07,Metropolitan Police Service,Metropolitan Police Service,-0.024147,51.543261,On or near Hackney Wick,E01035657,Tower Hamlets 001E,Burglary,Investigation complete; no suspect identified
e3db5cf93b7548b84b7a04324c9a46481cf8bda3cafcddd16f80746049b3a139,2024-07,Metropolitan Police Service,Metropolitan Police Service,-0.026366,51.538649,On or near Wick Lane,E01035659,Tower Hamlets 001G,Burglary,Investigation complete; no suspect identified
14e36f505a00e2853aac032b9a78f6b3103568f2012c75f46c8277abeec09c8b,2024-07,Metropolitan Police Service,Metropolitan Police Service,-0.055892,51.530015,On or near Further/Higher Educational Building,E01004198,Tower Hamlets 002B,Burglary,Investigation complete; no suspect identified
95cfd4afa50bdc1df0a3e16e750daff4e9260273f3366ad65c85e3c2d52d8fe0,2024-07,Metropolitan Police Service,Metropolitan Police Service,-0.056809,51.529805,On or near Poyser Street,E01004198,Tower Hamlets 002B,Burglary,Investigation complete; no suspect identified
b120479e2276f4d56e14df6be56407156cbcdc53f44064d1e61194a021cd4260,2024-07,Metropolitan Police Service,Metropolitan Police Service,-0.057322,51.534337,On or near Mare Street,E01035660,Tower Hamlets 002E,Burglary,Unable to prosecute suspect
0829b8ab3e0d3cec61c6ad518cedf8509c784eabb59cc33190714e0f6bf5ebff,2024-07,Metropolitan Police Service,Metropolitan Police Service,-0.054124,51.534607,On or near Lark Row,E01035660,Tower Hamlets 002E,Burglary,Investigation complete; no suspect identified
dbe84e255ebaba844db4d9e488dfd168cd0b66abf1f9e75d30195684402ffbbd,2024-07,Metropolitan Police Service,Metropolitan Police Service,-0.03392,51.531348,On or near Norman Grove,E01004228,Tower Hamlets 003A,Burglary,Investigation complete; no suspect identified
d3d139620fb32c197f010bd8af15e76f9eb9b08ed615d32d941a1d099d6ddee9,2024-07,Metropolitan Police Service,Metropolitan Police Service,-0.033721,51.526579,On or near Rhondda Grove,E01004232,Tower Hamlets 003C,Burglary,Investigation complete; no suspect identified
9a81aaa506a5bce46ac4daa73e4f96b3871981422fb335082a0ce07245342cec,2024-07,Metropolitan Police Service,Metropolitan Police Service,-0.030785,51.527806,On or near Coborn Street,E01004232,Tower Hamlets 003C,Burglary,Investigation complete; no suspect identified
52e886d069395a63c5b44d05765a2e0ea1b3677cb6036544a93cae8931b1c0c3,2024-07,Metropolitan Police Service,Metropolitan Police Service,-0.03639,51.533907,On or near Daling Way,E01004233,Tower Hamlets 003D,Burglary,Unable to prosecute suspect
9cb311ad2e573cc886fc1039197f9a4113c8b9514e7d18f0ecc7a6598b5a6981,2024-07,Metropolitan Police Service,Metropolitan Police Service,-0.03639,51.533907,On or near Daling Way,E01004233,Tower Hamlets 003D,Burglary,Investigation complete; no suspect identified
88dd0088072370486930c334322e59fa172d019aa0a5bfeb9807418f238d2e30,2024-07,Metropolitan Police Service,Metropolitan Police Service,-0.038989,51.532143,On or near Vivian Road,E01004234,Tower Hamlets 003E,Burglary,Awaiting court outcome
f0c0922fa2f09db582cdc45131317fa3f9fa4cde5df33f5a2edb3ffec3cd7e56,2024-07,Metropolitan Police Service,Metropolitan Police Service,-0.029205,51.526341,On or near St Clements Avenue,E01004229,Tower Hamlets 004C,Burglary,Investigation complete; no suspect identified
252813d0465b61b5e3162f9b1984700309ac82fbe86ad2a4fa65c78b56e162a7,2024-07,Metropolitan Police Service,Metropolitan Police Service,-0.028247,51.528159,On or near Harley Grove,E01004229,Tower Hamlets 004C,Burglary,Investigation complete; no suspect identified
be11a9c53f3aff9fae90c019209d70c658ab3919af12fff7f5cd2c436ae5e0b6,2024-07,Metropolitan Police Service,Metropolitan Police Service,-0.030264,51.529866,On or near Balmer Road,E01004229,Tower Hamlets 004C,Burglary,Investigation complete; no suspect identified
a47ee4f44c6944b6fcc3aadf9d8b697497aff35dc70850f1554b0f79ccd8b101,2024-07,Metropolitan Police Service,Metropolitan Police Service,-0.017687,51.530634,On or near Baldock Street,E01032764,Tower Hamlets 004E,Burglary,Investigation complete; no suspect identified
dea712420b5408669682d560bb3eeadec51873a4a5c6dc4b6c5383286bddaa1b,2024-07,Metropolitan Police Service,Metropolitan Police Service,-0.016501,51.529409,On or near Alameda Place,E01032764,Tower Hamlets 004E,Burglary,Investigation complete; no suspect identified
de3811bb2238342c8fcfaf3e75591a551808d73fdc3c10383c6fe141f3029c39,2024-07,Metropolitan Police Service,Metropolitan Police Service,-0.021644,51.539145,On or near Conference/Exhibition Centre,E01032764,Tower Hamlets 004E,Burglary,Investigation complete; no suspect identified
67f5c186ca4491e13e2cc0eac0ef79ffa1e01489b169758c17b1b67fc0a6da13,2024-07,Metropolitan Police Service,Metropolitan Police Service,-0.013902,51.529824,On or near High Street,E01032764,Tower Hamlets 004E,Burglary,Investigation complete; no suspect identified
3d409e4a47bff9c3d4ea9df6958e7123b628ddae06785f2e6c2898d9169f943f,2024-07,Metropolitan Police Service,Metropolitan Police Service,-0.022023,51.535725,On or near Wick Lane,E01032764,Tower Hamlets 004E,Burglary,Investigation complete; no suspect identified
099be8e5a353c3d7e380dd84a8410036fa15e42429194ab36e7341c3fd95c827,2024-07,Metropolitan Police Service,Metropolitan Police Service,-0.02329,51.537761,On or near Dace Road,E01032764,Tower Hamlets 004E,Burglary,Investigation complete; no suspect identified
ef0df19ac42a28baa7f78d50208ceaffc4b3fa1054eb92aea5104c5e3b8bbd99,2024-07,Metropolitan Police Service,Metropolitan Police Service,-0.059278,51.532759,On or near The Oval,E01004202,Tower Hamlets 005B,Burglary,Investigation complete; no suspect identified
14a40bcdc14077968a345cd0adb0dbcdfbc19b970f2a56d5f994bea691296403,2024-07,Metropolitan Police Service,Metropolitan Police Service,-0.059278,51.532759,On or near The Oval,E01004202,Tower Hamlets 005B,Burglary,Unable to prosecute suspect
ca0a62ba18cbdcb4ebd89a25004112b7e28b6d18ba21271e0e4ae93a63e636bf,2024-07,Metropolitan Police Service,Metropolitan Police Service,-0.059278,51.532759,On or near The Oval,E01004202,Tower Hamlets 005B,Burglary,Investigation complete; no suspect identified
98b3b2c6c0e2fb8eb45ce8c1e76262eb79670d81cb85881108ec4fb637ff06ff,2024-07,Metropolitan Police Service,Metropolitan Police Service,-0.059417,51.533238,On or near Nightclub,E01004202,Tower Hamlets 005B,Burglary,Investigation complete; no suspect identified
7992d5b3bbf88cfc059390cbd76dd4dc8a2912c8aad1ef08be9fc707abab45d9,2024-07,Metropolitan Police Service,Metropolitan Police Service,-0.059417,51.533238,On or near Nightclub,E01004202,Tower Hamlets 005B,Burglary,Investigation complete; no suspect identified
6eb62b68879825dca3abf608baecf883944086f8fe4db6d5c14d02b64e8ecca3,2024-07,Metropolitan Police Service,Metropolitan Police Service,-0.060148,51.527225,On or near Wolverley Street,E01004203,Tower Hamlets 005C,Burglary,Investigation complete; no suspect identified
0163c4ac43054506629fe75afa50c34a53c27a4bcfd6a95832903f7263efdaaa,2024-07,Metropolitan Police Service,Metropolitan Police Service,-0.060148,51.527225,On or near Wolverley Street,E01004203,Tower Hamlets 005C,Burglary,Investigation complete; no suspect identified
d4a66891982053c2a752af4c7cf5674b4365099d3e314ee3faa08b40bf25287c,2024-07,Metropolitan Police Service,Metropolitan Police Service,-0.061683,51.529103,On or near Blythe Street,E01004203,Tower Hamlets 005C,Burglary,Investigation complete; no suspect identified
d2a8af83169d9babf1222a082cab9e7f52ebd4d06b7e6820c03e732301937080,2024-07,Metropolitan Police Service,Metropolitan Police Service,-0.064754,51.5291,On or near Lampern Square,E01004204,Tower Hamlets 005D,Burglary,Unable to prosecute suspect
7e75d85d1f6d2bd7b5ac2215f5015857515ba7c1cd55ecf1d80b975132b5e74b,2024-07,Metropolitan Police Service,Metropolitan Police Service,-0.063472,51.529079,On or near Nelson Gardens,E01004204,Tower Hamlets 005D,Burglary,Investigation complete; no suspect identified
ae48b617ed9c7aa2db5051804e1dbfaca6e2786b6e46b3bf82115b1ecc823972,2024-07,Metropolitan Police Service,Metropolitan Police Service,-0.074232,51.529301,On or near Pelter Street,E01004311,Tower Hamlets 006A,Burglary,Investigation complete; no suspect identified
4c4f665f129ab42385f1fa2646f1f2577883d498cb46c72c3b37c360baac5dbf,2024-07,Metropolitan Police Service,Metropolitan Police Service,-0.072518,51.52653,On or near Ducal Street,E01004315,Tower Hamlets 006C,Burglary,Status update unavailable
3f01bd0b1e9b70e50457e60893095fe2049544802c7e27e2ebc0b1499510f693,2024-07,Metropolitan Police Service,Metropolitan Police Service,-0.076032,51.525599,On or near Navarre Street,E01004315,Tower Hamlets 006C,Burglary,Court result unavailable
d9b66885ffacdba9566e6255b264d2c2f848237c2f6149f35ba16900dc3c7f76,2024-07,Metropolitan Police Service,Metropolitan Police Service,-0.073531,51.529856,On or near Diss Street,E01035664,Tower Hamlets 006E,Burglary,Investigation complete; no suspect identified
3a6f674472322bdd037a6efb015ddd2dba9f9ce6dc15d7e41f5f1048dfb47066,2024-07,Metropolitan Police Service,Metropolitan Police Service,-0.015732,51.527184,On or near Arrow Road,E01004236,Tower Hamlets 008B,Burglary,Investigation complete; no suspect identified
efece4971fdd466b5808693e093ce1f3ce6ba31f40e2ff3552bcff1cd829176c,2024-07,Metropolitan Police Service,Metropolitan Police Service,-0.017294,51.522102,On or near Devons Road,E01004239,Tower Hamlets 008E,Burglary,Investigation complete; no suspect identified
3edb32cfd663dbd72083344f6e2e372b71203b79a42d36ad27ead937c96d5559,2024-07,Metropolitan Police Service,Metropolitan Police Service,-0.017294,51.522102,On or near Devons Road,E01004239,Tower Hamlets 008E,Burglary,Investigation complete; no suspect identified
a4c6a398c0a8fa9787666e1e77e6a97051671c80d1523e3956982af9a0809cdd,2024-07,Metropolitan Police Service,Metropolitan Police Service,-0.010695,51.525984,On or near Petrol Station,E01035665,Tower Hamlets 008F,Burglary,Investigation complete; no suspect identified
dcd3d7ea84e2e652a3ef4f6f53bcd78ec7c39a41567ef0c35d422860147dfc87,2024-07,Metropolitan Police Service,Metropolitan Police Service,-0.012814,51.52468,On or near Bromley-By-Bow,E01035666,Tower Hamlets 008G,Burglary,Investigation complete; no suspect identified
1d4fae1f217d86f8071da1f61e5252e78b548ddbdf25c9f559faaa1b7c31b742,2024-07,Metropolitan Police Service,Metropolitan Police Service,-0.067579,51.526641,On or near Conference/Exhibition Centre,E01004313,Tower Hamlets 009B,Burglary,Investigation complete; no suspect identified
2e2fbe5038e7dce90c9505811e0614aacbae2a979f38ef2ad4bb2cf76f3affe0,2024-07,Metropolitan Police Service,Metropolitan Police Service,-0.064826,51.527051,On or near Squirries Street,E01004313,Tower Hamlets 009B,Burglary,Investigation complete; no suspect identified
ba1adebee67df35bc458a62bb1c27f3011be28c65888a833f507a51ff0c0a6cb,2024-07,Metropolitan Police Service,Metropolitan Police Service,-0.073959,51.524494,On or near Redchurch Street,E01004316,Tower Hamlets 009C,Burglary,Awaiting court outcome
e7054ab79e230358eab484227c6a2e97caab5daf38836c4d619b5051e68ce619,2024-07,Metropolitan Police Service,Metropolitan Police Service,-0.073959,51.524494,On or near Redchurch Street,E01004316,Tower Hamlets 009C,Burglary,Status update unavailable
8807cb567c7632a6345af2a7e6ac582e4cdfcb412cfa4f604cebaac14395ac25,2024-07,Metropolitan Police Service,Metropolitan Police Service,-0.073959,51.524494,On or near Redchurch Street,E01004316,Tower Hamlets 009C,Burglary,Investigation complete; no suspect identified
55e789ec11aeb85a82650634f90feb9f27838d0b643344a7421f679dfe26f984,2024-07,Metropolitan Police Service,Metropolitan Police Service,-0.07084,51.522582,On or near Code Street,E01035668,Tower Hamlets 009E,Burglary,Investigation complete; no suspect identified
a43536d9edfa3279647a9e58a95f1d2e9a02953b7a718cb7dca251e8c9512b80,2024-07,Metropolitan Police Service,Metropolitan Police Service,-0.072405,51.523408,On or near Parking Area,E01035669,Tower Hamlets 009F,Burglary,Investigation complete; no suspect identified
6a22566a668b4278d2f0877bdfdbca080fcd93af2739ee2b3566d719d362a47f,2024-07,Metropolitan Police Service,Metropolitan Police Service,-0.071542,51.524032,On or near Brick Lane,E01035669,Tower Hamlets 009F,Burglary,Investigation complete; no suspect identified
81f737c7488ad8264a5e9689a7f03d302dad964226d667f0934333e8739b04f1,2024-07,Metropolitan Police Service,Metropolitan Police Service,-0.073104,51.523581,On or near Sclater Street,E01035669,Tower Hamlets 009F,Burglary,Investigation complete; no suspect identified
c42898e68d51a5d4d7a37df2b10c9768b7c890fd2a8658ce46d639d52f0c35ce,2024-07,Metropolitan Police Service,Metropolitan Police Service,-0.073104,51.523581,On or near Sclater Street,E01035669,Tower Hamlets 009F,Burglary,Investigation complete; no suspect identified
5d071065d5d7b4f2f912c2a3b668d97d8d52079b48449dc1bcfc9146555a6abd,2024-07,Metropolitan Police Service,Metropolitan Police Service,-0.043301,51.530776,On or near Twig Folly Close,E01032786,Tower Hamlets 010F,Burglary,Investigation complete; no suspect identified
8aff294bf7ef3d305ccd72bf87cd568d672e28d540f1c4b2e04981b4ab0d9983,2024-07,Metropolitan Police Service,Metropolitan Police Service,-0.042967,51.526481,On or near Bradwell Street,E01035670,Tower Hamlets 010G,Burglary,Investigation complete; no suspect identified
3f27c9239b2abf699b61a34be3a9ef099eb735b5adaebb484443c2db3c418879,2024-07,Metropolitan Police Service,Metropolitan Police Service,-0.042967,51.526481,On or near Bradwell Street,E01035670,Tower Hamlets 010G,Burglary,Investigation complete; no suspect identified
d426e9234b371b7c9db7aa4afa5f6eb27d06268a4a6bcde0b6be28d54fea8cc9,2024-07,Metropolitan Police Service,Metropolitan Police Service,-0.03915,51.522713,On or near Toby Lane,E01035670,Tower Hamlets 010G,Burglary,Unable to prosecute suspect
61f235418d717048d62ab3438edb928aef5ad420c3a6f7c141f8ec5eb5ac9f29,2024-07,Metropolitan Police Service,Metropolitan Police Service,-0.039618,51.52255,On or near Toby Lane,E01035670,Tower Hamlets 010G,Burglary,Awaiting court outcome
9187f0ce1961d387b8e73082e35562c78ecae4a049f1bb9f1a00d15e194ac470,2024-07,Metropolitan Police Service,Metropolitan Police Service,-0.042072,51.525145,On or near Hospital,E01035670,Tower Hamlets 010G,Burglary,Unable to prosecute suspect
021ed16a41b8610bcaf725bbf68ce7a4724a2ce4c5d1f568b3f1c5b9bcda228a,2024-07,Metropolitan Police Service,Metropolitan Police Service,-0.039618,51.52255,On or near Toby Lane,E01035670,Tower Hamlets 010G,Burglary,Unable to prosecute suspect
b81d867d1a4b222b374e2f9dccd208565d85e1876d542430720897f88b3fb150,2024-07,Metropolitan Police Service,Metropolitan Police Service,-0.049278,51.522846,On or near Cephas Avenue,E01004207,Tower Hamlets 011A,Burglary,Unable to prosecute suspect
ff94ef8223f1372479b58b37a9281ae95e8a212aeb3b33c13e6f50808b18cdf8,2024-07,Metropolitan Police Service,Metropolitan Police Service,-0.055578,51.527222,On or near Cambridge Heath Road,E01004212,Tower Hamlets 011D,Burglary,Unable to prosecute suspect
a8d7d1a4e4b0b78f67bc61d80f7a785ada65e895be304763faeb733504e094cb,2024-07,Metropolitan Police Service,Metropolitan Police Service,-0.057551,51.524557,On or near Violet Street,E01004212,Tower Hamlets 011D,Burglary,Investigation complete; no suspect identified
d0c4c8f6596a65bb6225ec82bae313d112f470ccb7efa7d10e4f3608135f26cb,2024-07,Metropolitan Police Service,Metropolitan Police Service,-0.055763,51.523223,On or near Buckhurst Street,E01004212,Tower Hamlets 011D,Burglary,Unable to prosecute suspect
b4f9304c962b67d20e07653c90477725c4fb0339c8755b010b99cdf59e961465,2024-07,Metropolitan Police Service,Metropolitan Police Service,-0.050819,51.52726,On or near Digby Street,E01032787,Tower Hamlets 011F,Burglary,Investigation complete; no suspect identified
e8557c7ef692a92e0c23b8bffb256edf967feeeb42d6a32ba4a077f301ac0edd,2024-07,Metropolitan Police Service,Metropolitan Police Service,-0.022509,51.522829,On or near Fairfoot Road,E01004240,Tower Hamlets 012A,Burglary,Investigation complete; no suspect identified
978dbb6d528b859b4bfd631e3fc81bb0f92dfd7848635754f1609789672ff120,2024-07,Metropolitan Police Service,Metropolitan Police Service,-0.02059,51.522203,On or near Chiltern Road,E01004240,Tower Hamlets 012A,Burglary,Investigation complete; no suspect identified
6f354a4dd301879add97dd63c6ba5afe6660eefbff0782918d0bb55623c398c7,2024-07,Metropolitan Police Service,Metropolitan Police Service,-0.022349,51.521864,On or near Spanby Road,E01004241,Tower Hamlets 012B,Burglary,Investigation complete; no suspect identified
ab9b448dc5aad9109f87fb24fdc25e1a34d14fd33ab438db44798abcb811612f,2024-07,Metropolitan Police Service,Metropolitan Police Service,-0.024845,51.525476,On or near Wellington Way,E01004268,Tower Hamlets 012E,Burglary,Unable to prosecute suspect
2794bf4cc11988ac87f0f452ccc624db3fc0ab35cfc36a881361f3919ddd2240,2024-07,Metropolitan Police Service,Metropolitan Police Service,-0.018943,51.52097,On or near Brock Place,E01035672,Tower Hamlets 012G,Burglary,Status update unavailable
3903f1f41e63a5b7afe70b051f187b7b30d056bb5b4de2a016f6044af43ac983,2024-07,Metropolitan Police Service,Metropolitan Police Service,-0.059826,51.522922,On or near Somerford Street,E01004205,Tower Hamlets 013A,Burglary,Investigation complete; no suspect identified
5039c45f2d707e473c3464908acc4922972928edbadb6361776e3d671d155e1c,2024-07,Metropolitan Police Service,Metropolitan Police Service,-0.059826,51.522922,On or near Somerford Street,E01004205,Tower Hamlets 013A,Burglary,Investigation complete; no suspect identified
becfbb528b1c588d9d51d7ad455729dcd0aca2dfa7496bbfc5715c0868b51579,2024-07,Metropolitan Police Service,Metropolitan Police Service,-0.056823,51.522036,On or near Headlam Street,E01004206,Tower Hamlets 013B,Burglary,Investigation complete; no suspect identified
19fcd2e64c65e627b20c13e6341df44708c5bed5839aa94b4822aba6e3639563,2024-07,Metropolitan Police Service,Metropolitan Police Service,-0.056521,51.524036,On or near Coventry Road,E01004206,Tower Hamlets 013B,Burglary,Unable to prosecute suspect
7d5bb28f1f689edd488a9f2b2c7ef83bdd9d7e026ce9ac6e973c618d282b65b3,2024-07,Metropolitan Police Service,Metropolitan Police Service,-0.053245,51.520753,On or near Bardsey Place,E01004208,Tower Hamlets 013C,Burglary,Investigation complete; no suspect identified
7c8d262a321af9fd1e955219052b046e03279fbd4265d025de0c59aaccdd70dd,2024-07,Metropolitan Police Service,Metropolitan Police Service,-0.050186,51.522042,On or near Shopping Area,E01004208,Tower Hamlets 013C,Burglary,Investigation complete; no suspect identified
ab26f44c566d2c317fecd65b62beb857299dfb963039d7c5897cfda9d11a2170,2024-07,Metropolitan Police Service,Metropolitan Police Service,-0.061215,51.519078,On or near Shopping Area,E01004208,Tower Hamlets 013C,Burglary,Investigation complete; no suspect identified
dc1e3d580f0ebb4a89482c316b2bb1ba339c9aa655eb75cda1c02c4449fbc31c,2024-07,Metropolitan Police Service,Metropolitan Police Service,-0.056218,51.521,On or near Darling Row,E01004208,Tower Hamlets 013C,Burglary,Unable to prosecute suspect
813838091345297d5a1f6a86df00b1ea0999d14765632b100ca2ef82f8e498e6,2024-07,Metropolitan Police Service,Metropolitan Police Service,-0.050053,51.521582,On or near Parking Area,E01004208,Tower Hamlets 013C,Burglary,Investigation complete; no suspect identified
a1222a501182432a4abbcb63912f6999ff192b492003c147a5e11d78b276d0a7,2024-07,Metropolitan Police Service,Metropolitan Police Service,-0.061511,51.526367,On or near Theatre/Concert Hall,E01004211,Tower Hamlets 013D,Burglary,Investigation complete; no suspect identified
d107bd26e851ff63f4c142fe6116dea83005a9adfa5a6385c8e4a4a41101216f,2024-07,Metropolitan Police Service,Metropolitan Police Service,-0.061511,51.526367,On or near Theatre/Concert Hall,E01004211,Tower Hamlets 013D,Burglary,Unable to prosecute suspect
d86bff6cd9fe77973fd6ef08b754102527b41a038fd78a09a0498d0a803ae25f,2024-07,Metropolitan Police Service,Metropolitan Police Service,-0.061511,51.526367,On or near Theatre/Concert Hall,E01004211,Tower Hamlets 013D,Burglary,Unable to prosecute suspect
30c58bf14708803b4d9b152de29badcd08ee0cccb599a64628e863c2d22a6577,2024-07,Metropolitan Police Service,Metropolitan Police Service,-0.057583,51.527192,On or near Pott Street,E01004211,Tower Hamlets 013D,Burglary,Investigation complete; no suspect identified
6ae99a8427524c73d88522501c26ed907fd73450960f5b677276dc1926939b33,2024-07,Metropolitan Police Service,Metropolitan Police Service,-0.035699,51.519831,On or near Copperfield Road,E01004270,Tower Hamlets 014B,Burglary,Investigation complete; no suspect identified
db291a379926ef20cf3740cf4a0960be311bf300b28444d5f2e0bfdcb6b6245e,2024-07,Metropolitan Police Service,Metropolitan Police Service,-0.035699,51.519831,On or near Copperfield Road,E01004270,Tower Hamlets 014B,Burglary,Awaiting court outcome
576ece9841ed0a572341a0085ce81ac1e32dbd582bcbdc2f2d171d8952c35178,2024-07,Metropolitan Police Service,Metropolitan Police Service,-0.028568,51.518381,On or near Baythorne Street,E01004271,Tower Hamlets 014C,Burglary,Awaiting court outcome
62df0e58df77f66c91f89d13243e34a21ead6014c100b40fb5de6773db9c8936,2024-07,Metropolitan Police Service,Metropolitan Police Service,-0.026407,51.519711,On or near Julia Scurr Street,E01004271,Tower Hamlets 014C,Burglary,Investigation complete; no suspect identified
2b3893d8f58fa5c089d76cfc3ea78dbbb8c601760e7960df8ca63315d18c02c0,2024-07,Metropolitan Police Service,Metropolitan Police Service,-0.023547,51.516848,On or near Kilner Street,E01004272,Tower Hamlets 014D,Burglary,Investigation complete; no suspect identified
efad4f56ec1d56c304279a4a5bd1ff9ec473d5859e23f282b4ffd4f9d2088bf6,2024-07,Metropolitan Police Service,Metropolitan Police Service,-0.032905,51.523121,On or near Eric Street,E01035675,Tower Hamlets 014G,Burglary,Investigation complete; no suspect identified
56f9cf99abe9084710549d0818d3ec0eb066e65a868ee3e8a0db2a3703ed929a,2024-07,Metropolitan Police Service,Metropolitan Police Service,-0.032459,51.524084,On or near Wraxall Road,E01035675,Tower Hamlets 014G,Burglary,Investigation complete; no suspect identified
a1d549bf07aebeb83567226330d63813b332393cc9a4014d44dbb9fd94ebf9dc,2024-07,Metropolitan Police Service,Metropolitan Police Service,-0.070641,51.517731,On or near Hopetown Street,E01004306,Tower Hamlets 015A,Burglary,Investigation complete; no suspect identified
665d836ebba7cf31cea87ef779614b0cca269093dffd20e0520c839b93ab1abb,2024-07,Metropolitan Police Service,Metropolitan Police Service,-0.071852,51.519775,On or near Princelet Street,E01004306,Tower Hamlets 015A,Burglary,Investigation complete; no suspect identified
a59cc8d3338f5e28919978c769560954afd3ca080cd457a6cb50ae890ee057ef,2024-07,Metropolitan Police Service,Metropolitan Police Service,-0.071498,51.518258,On or near Police Station,E01004306,Tower Hamlets 015A,Burglary,Awaiting court outcome
9f5a02384854107e6b69fed9d34b418e26892e6c211384b879ffdbc525db886a,2024-07,Metropolitan Police Service,Metropolitan Police Service,-0.072109,51.520442,On or near Shopping Area,E01004307,Tower Hamlets 015B,Burglary,Unable to prosecute suspect
c3cc169f286d111d53e3d1ca5b0ec6a91a11a9342d0b4252e484eac0df177d4c,2024-07,Metropolitan Police Service,Metropolitan Police Service,-0.075566,51.520222,On or near Lamb Street,E01004307,Tower Hamlets 015B,Burglary,Investigation complete; no suspect identified
fb76a37d61e56b99a00b5e334524c3dcabcbc77a273085c42f6a63e15fa501dc,2024-07,Metropolitan Police Service,Metropolitan Police Service,-0.074999,51.518307,On or near White'S Row,E01004307,Tower Hamlets 015B,Burglary,Investigation complete; no suspect identified
4180418ddc164ffd03706da1db7a853c2223123f5ece363b5046c5fedfcf786a,2024-07,Metropolitan Police Service,Metropolitan Police Service,-0.074501,51.521554,On or near Calvin Street,E01004307,Tower Hamlets 015B,Burglary,Investigation complete; no suspect identified
375fc4e808f3d6d35fce6745d7873ec1e1a220f073844a887c7cceee9f42a17e,2024-07,Metropolitan Police Service,Metropolitan Police Service,-0.065267,51.518704,On or near Moss Close,E01004308,Tower Hamlets 015C,Burglary,Investigation complete; no suspect identified
529bbf2be66e801cade71140b3122aa34d41df32fe8e57bf609fbf0a4537f565,2024-07,Metropolitan Police Service,Metropolitan Police Service,-0.072683,51.515121,On or near Tyne Street,E01004309,Tower Hamlets 015D,Burglary,Investigation complete; no suspect identified
374c6ef0cb503aa7334a53f68c1a746675a150cd5ea4c17c88f2a1f01ab266f3,2024-07,Metropolitan Police Service,Metropolitan Police Service,-0.063992,51.51817,On or near Whitechapel Road,E01004309,Tower Hamlets 015D,Burglary,Investigation complete; no suspect identified
c1971ec083f209f9fa265dfb8c17470b841c005f8d7a0526156c6515bb3dc170,2024-07,Metropolitan Police Service,Metropolitan Police Service,-0.073485,51.516942,On or near Wentworth Street,E01004310,Tower Hamlets 015E,Burglary,Investigation complete; no suspect identified
57f094149fe6423d13d0da750777a7379551fe7d0656df58f9bdc16c95a6971c,2024-07,Metropolitan Police Service,Metropolitan Police Service,-0.046468,51.519121,On or near Stepney Green,E01004283,Tower Hamlets 016A,Burglary,Investigation complete; no suspect identified
24f6015f6d15e810a0526741fecf5d7214c2c6cb76b1837ec16d4fe00279fb49,2024-07,Metropolitan Police Service,Metropolitan Police Service,-0.050224,51.519597,On or near Beveridge Mews,E01004283,Tower Hamlets 016A,Burglary,Investigation complete; no suspect identified
e04abf45162a98be2aa7bde0e3eddb36e5d81a1aecf0376e908981e87e6ac0f4,2024-07,Metropolitan Police Service,Metropolitan Police Service,-0.04985,51.516866,On or near Stepney Way,E01004287,Tower Hamlets 016B,Burglary,Unable to prosecute suspect
5bf009cb88cdeee93877f43025b8c0011235ec3507e69821f8d421da72549307,2024-07,Metropolitan Police Service,Metropolitan Police Service,-0.049401,51.520977,On or near Hayfield Passage,E01004290,Tower Hamlets 016D,Burglary,Status update unavailable
e4b0063563a87829478b255e9865b7e3697962be99471bf1429e2b05982f6473,2024-07,Metropolitan Police Service,Metropolitan Police Service,-0.051413,51.520093,On or near Assembly Passage,E01004290,Tower Hamlets 016D,Burglary,Status update unavailable
9e266dbfad661e9e97f42eec1bd89624f054b48a62e6c8d73aa397d4679e2365,2024-07,Metropolitan Police Service,Metropolitan Police Service,-0.054833,51.514269,On or near Commercial Road,E01004326,Tower Hamlets 017D,Burglary,Investigation complete; no suspect identified
462146fbe3d7e41e7e7550c7baa3a98d1f147387d9e601a18044345560e77b69,2024-07,Metropolitan Police Service,Metropolitan Police Service,-0.055723,51.514347,On or near Sidney Street,E01004326,Tower Hamlets 017D,Burglary,Status update unavailable
e2f1201392fc498121230acfa32879b11c4b362414cb43ba1ad1b9885bdc7585,2024-07,Metropolitan Police Service,Metropolitan Police Service,-0.001988,51.513138,On or near New Village Avenue,E01004245,Tower Hamlets 018A,Burglary,Investigation complete; no suspect identified
94954b8032bccfa3d433cc3226cfe7c7f059c95f2c94fa731972af007d2f6fcf,2024-07,Metropolitan Police Service,Metropolitan Police Service,-0.00055,51.514723,On or near Oban Street,E01004245,Tower Hamlets 018A,Burglary,Unable to prosecute suspect
8ab91e66e4d21bbfcd433bdf8d40cfcfd65d698f724f2092ad99f169731e1d59,2024-07,Metropolitan Police Service,Metropolitan Police Service,-0.010019,51.516701,On or near Brion Place,E01004249,Tower Hamlets 018D,Burglary,Awaiting court outcome
2457510783a3be9cd26c99b4f808b298085e4d88a64baba922d1bebc9a2a6dca,2024-07,Metropolitan Police Service,Metropolitan Police Service,-0.007704,51.518226,On or near Ailsa Street,E01004249,Tower Hamlets 018D,Burglary,Investigation complete; no suspect identified
7da303aaeb9d2420ef578488333189b39652473a350bac029afc1e28e295e243,2024-07,Metropolitan Police Service,Metropolitan Police Service,-0.012569,51.515728,On or near Bright Street,E01004249,Tower Hamlets 018D,Burglary,Unable to prosecute suspect
3313702ffb5a67acf482113643e4f76ee00a39ecf16d71b61df3898b591c6aa0,2024-07,Metropolitan Police Service,Metropolitan Police Service,-0.004974,51.515392,On or near Leven Road,E01004249,Tower Hamlets 018D,Burglary,Unable to prosecute suspect
5ae300be24ff5c34b58d1f959956676c12ae53180439f3dc784ddf00b62ac9af,2024-07,Metropolitan Police Service,Metropolitan Police Service,-0.01471,51.514559,On or near Chrisp Street,E01035679,Tower Hamlets 018F,Burglary,Status update unavailable
36449a7bebd7d4732b51321a576f3437df73620f1e8188d3ddb3bcda0be0b7b4,2024-07,Metropolitan Police Service,Metropolitan Police Service,-0.01417,51.515053,On or near Langdon Park,E01035679,Tower Hamlets 018F,Burglary,Investigation complete; no suspect identified
cc650760a58a21bcd860217ffdc26077e8ae719fa40706e3735b28d50c7b012b,2024-07,Metropolitan Police Service,Metropolitan Police Service,-0.01471,51.514559,On or near Chrisp Street,E01035679,Tower Hamlets 018F,Burglary,Investigation complete; no suspect identified
35c199d8d1d22d73b41e6533c8ef29b21ec6563976ed16c28e3019bcbf3e28de,2024-07,Metropolitan Police Service,Metropolitan Police Service,-0.038187,51.513245,On or near Yorkshire Road,E01004286,Tower Hamlets 019C,Burglary,Investigation complete; no suspect identified
182b8bbc2e81a7512e6ed50aab5b5895d701110d017cec0baefad6ffe34da058,2024-07,Metropolitan Police Service,Metropolitan Police Service,-0.035623,51.514893,On or near Parnham Street,E01004286,Tower Hamlets 019C,Burglary,Investigation complete; no suspect identified
c2c83b3240b3287fc2fc49ae9d44347e86ebbeae223e478b71d5c3a0bcf3beb4,2024-07,Metropolitan Police Service,Metropolitan Police Service,-0.040624,51.517926,On or near Ben Jonson Road,E01035681,Tower Hamlets 019F,Burglary,Investigation complete; no suspect identified
fb57fe47e67e3524e3f8d18ee6e80fa6a9bbd3be5de24f13459af86105154786,2024-07,Metropolitan Police Service,Metropolitan Police Service,-0.038668,51.516149,On or near Aston Street,E01035682,Tower Hamlets 019G,Burglary,Investigation complete; no suspect identified
f217678013597a3e3080db253b016eff1b4ed4b3564254d26fec15e2245e6ddb,2024-07,Metropolitan Police Service,Metropolitan Police Service,-0.004437,51.513162,On or near Blair Street,E01004243,Tower Hamlets 020A,Burglary,Investigation complete; no suspect identified
5e0ead1fe041316780287787fe80d3b8f6b5373421b87f3bab859c85770a8fa2,2024-07,Metropolitan Police Service,Metropolitan Police Service,-0.005266,51.513643,On or near Lansbury Gardens,E01004243,Tower Hamlets 020A,Burglary,Status update unavailable
1ebacf9e8ff130d10aab40d901bc73930e9579c51ba44070b118017fe8319e5b,2024-07,Metropolitan Police Service,Metropolitan Police Service,-0.017712,51.512128,On or near Grundy Street,E01004244,Tower Hamlets 020B,Burglary,Investigation complete; no suspect identified
8102638f4ba8052fd7c24c74b8aaed9e72c13ca31a11aa21197793d1ed590347,2024-07,Metropolitan Police Service,Metropolitan Police Service,-0.013205,51.511719,On or near Susannah Street,E01004247,Tower Hamlets 020C,Burglary,Status update unavailable
18b49e871aa54514f43034893d90e0e29f221eb79ca3ebf389a577367d0c4ca1,2024-07,Metropolitan Police Service,Metropolitan Police Service,-0.013205,51.511719,On or near Susannah Street,E01004247,Tower Hamlets 020C,Burglary,Investigation complete; no suspect identified
44062b2529eb3dcd1f5752965052db08f77bde9b01574864cdb1acdf0ed3ce1c,2024-07,Metropolitan Police Service,Metropolitan Police Service,-0.013205,51.511719,On or near Susannah Street,E01004247,Tower Hamlets 020C,Burglary,Investigation complete; no suspect identified
050484cf11ac96429eb30ae9d5b77ecc807920933f5999da1a098611399f00d3,2024-07,Metropolitan Police Service,Metropolitan Police Service,-0.015965,51.516532,On or near Rifle Street,E01035685,Tower Hamlets 020F,Burglary,Investigation complete; no suspect identified
5c2b321a4aaa1dc4fb140a27b960caafce1de74db80b96ec055480d33cec4742,2024-07,Metropolitan Police Service,Metropolitan Police Service,-0.062997,51.514098,On or near Amazon Street,E01004321,Tower Hamlets 021C,Burglary,Investigation complete; no suspect identified
cd897485433283d29310305e01e4a30e0dbf4b355e1ec53b142097493a2d27d1,2024-07,Metropolitan Police Service,Metropolitan Police Service,-0.060607,51.515741,On or near Turner Street,E01004321,Tower Hamlets 021C,Burglary,Investigation complete; no suspect identified
cc98ef1d0bf52550f8d5e22e7a618e8cbd71ca6551e8c6804a73bd2e543d87d2,2024-07,Metropolitan Police Service,Metropolitan Police Service,-0.062209,51.516028,On or near New Road,E01004321,Tower Hamlets 021C,Burglary,Unable to prosecute suspect
a3e06af86ebb084547ff293afe111975ee089f1e2d9f0d6a2660065838f0f765,2024-07,Metropolitan Police Service,Metropolitan Police Service,-0.060607,51.515741,On or near Turner Street,E01004321,Tower Hamlets 021C,Burglary,Investigation complete; no suspect identified
885dd338e2693fc15d3a67b64f13dd46a85066f00e7f46031578d707130d004f,2024-07,Metropolitan Police Service,Metropolitan Police Service,-0.06379,51.517834,On or near Vine Court,E01035686,Tower Hamlets 021G,Burglary,Investigation complete; no suspect identified
b618ba7505169b9183f97dfee655cc941320c25124fcc6ef3201985f46c7074e,2024-07,Metropolitan Police Service,Metropolitan Police Service,-0.064979,51.516982,On or near Fieldgate Street,E01035686,Tower Hamlets 021G,Burglary,Unable to prosecute suspect
08fae5ae86539d34c5b9068a7220cf217f0f92581bd44771e4afc7fe18d16725,2024-07,Metropolitan Police Service,Metropolitan Police Service,-0.067644,51.51601,On or near Adler Street,E01035687,Tower Hamlets 021H,Burglary,Status update unavailable
85d6ae8de945d5f9ffc83f0444cb3194a511d23618f2d960e466f1d67720d412,2024-07,Metropolitan Police Service,Metropolitan Police Service,-0.066685,51.516866,On or near Plumbers Row,E01035687,Tower Hamlets 021H,Burglary,Investigation complete; no suspect identified
32389198baa8164c4eacc329e43ab712412ce3491a7c1b0cd3190dcaa0132c72,2024-07,Metropolitan Police Service,Metropolitan Police Service,-0.066449,51.512914,On or near Boyd Street,E01035689,Tower Hamlets 021J,Burglary,Unable to prosecute suspect
a51da719d90a5ee2cfd5cffcf3747975079e14a3227b2dc3171d15beb137c2b3,2024-07,Metropolitan Police Service,Metropolitan Police Service,-0.05139,51.511181,On or near Martineau Street,E01004300,Tower Hamlets 022B,Burglary,Unable to prosecute suspect
51b98f9700ea2522bd09c0e0142c17fadcafadc340e7cd1d8344f583f7d53e90,2024-07,Metropolitan Police Service,Metropolitan Police Service,-0.05792,51.514545,On or near Hungerford Street,E01004304,Tower Hamlets 022C,Burglary,Investigation complete; no suspect identified
d9c93d7112d9835ac24f244ef4b8ec742f236b8d6276c4d89f29e55aa827fb47,2024-07,Metropolitan Police Service,Metropolitan Police Service,-0.059765,51.514531,On or near Jane Street,E01004304,Tower Hamlets 022C,Burglary,Investigation complete; no suspect identified
2a4d7e070a892151b3c23dbfae538bf1cf12ec804db337fc33892bff01200b0e,2024-07,Metropolitan Police Service,Metropolitan Police Service,-0.045135,51.512201,On or near Stepney Causeway,E01004305,Tower Hamlets 022D,Burglary,Investigation complete; no suspect identified
32107c16ea91f182956f604f0dc4078e097f977c25238d5ba9059e1171be1c16,2024-07,Metropolitan Police Service,Metropolitan Police Service,-0.031667,51.516059,On or near Clemence Street,E01004251,Tower Hamlets 023A,Burglary,Investigation complete; no suspect identified
95208244973f209cff9a198ea73a438b5150cc5c4731273569882710d7c37228,2024-07,Metropolitan Police Service,Metropolitan Police Service,-0.03007,51.51364,On or near Tivoli Way,E01004251,Tower Hamlets 023A,Burglary,Investigation complete; no suspect identified
dc69ff5beec96cb4c997fb9c3ac3f3c916b6ae5e9a086a2a666858c4d66b3c3f,2024-07,Metropolitan Police Service,Metropolitan Police Service,-0.025452,51.510451,On or near Birchfield Street,E01004255,Tower Hamlets 023C,Burglary,Court result unavailable
93a700e0b016fffd8bce7228298efefc8faadaa08b9291c913f15818963f3a44,2024-07,Metropolitan Police Service,Metropolitan Police Service,-0.025452,51.510451,On or near Birchfield Street,E01004255,Tower Hamlets 023C,Burglary,Unable to prosecute suspect
92827c8ac8c9fbc55994832d553ad6ae776741f765954b287ea604f6e268c280,2024-07,Metropolitan Police Service,Metropolitan Police Service,-0.035385,51.512038,On or near Rolling Mills Mews,E01035690,Tower Hamlets 023E,Burglary,Investigation complete; no suspect identified
be9dd96cfba438ab30f414a74740c7bee3d2590c1282bfe4e1ee6e622fe33478,2024-07,Metropolitan Police Service,Metropolitan Police Service,-0.029373,51.512774,On or near St Anne'S Row,E01035691,Tower Hamlets 023F,Burglary,Investigation complete; no suspect identified
ee3071f1086b2dde4548bc2004f8cfe5ad549cae1de5182da5d669022890170b,2024-07,Metropolitan Police Service,Metropolitan Police Service,-0.018805,51.510195,On or near Shirbutt Street,E01004256,Tower Hamlets 024C,Burglary,Unable to prosecute suspect
550083ae960d3344c5dea319ba09ac989cced089b3664e4755a6ea8af85d173a,2024-07,Metropolitan Police Service,Metropolitan Police Service,-0.022064,51.510142,On or near Morant Street,E01004256,Tower Hamlets 024C,Burglary,Investigation complete; no suspect identified
8d9f92b673e86750821b9d706fc93028cba52d9dfb2decf19bd1c84f534d8710,2024-07,Metropolitan Police Service,Metropolitan Police Service,-0.02453,51.513781,On or near Stainsby Road,E01035692,Tower Hamlets 024E,Burglary,Investigation complete; no suspect identified
71f9641674b3db0ea7dc038040edef9e272e9bd24f472d9bcdb6af0c019c546b,2024-07,Metropolitan Police Service,Metropolitan Police Service,-0.023147,51.515754,On or near Cotall Street,E01035692,Tower Hamlets 024E,Burglary,Investigation complete; no suspect identified
113e1b334d98a7afa81174b712f2bed457b2bed9c2622c7cca349122523471b1,2024-07,Metropolitan Police Service,Metropolitan Police Service,-0.026062,51.51101,On or near Amoy Place,E01035694,Tower Hamlets 024G,Burglary,Investigation complete; no suspect identified
d5d37ad0869910729744cbbf0c51bf369da16caa54ed3f618afb99ac3dbcee71,2024-07,Metropolitan Police Service,Metropolitan Police Service,-0.026062,51.51101,On or near Amoy Place,E01035694,Tower Hamlets 024G,Burglary,Investigation complete; no suspect identified
0cfeb52af9a5c6fbb620e1c2d148bcce9aeca92fa1e1d13cdad808bb0e2d6d5e,2024-07,Metropolitan Police Service,Metropolitan Police Service,-0.053199,51.510339,On or near Juniper Street,E01004303,Tower Hamlets 025D,Burglary,Unable to prosecute suspect
21d3c0573d4d7156aef21aae1a28f6f98aef95ab24e0b9ef1871107c37efa64f,2024-07,Metropolitan Police Service,Metropolitan Police Service,-0.043623,51.512185,On or near Warren Place,E01004303,Tower Hamlets 025D,Burglary,Unable to prosecute suspect
5b65b8a3c4367e769331e0a57b73aaff85f41e0486bcf1a8f1d20ebdda66fe5e,2024-07,Metropolitan Police Service,Metropolitan Police Service,-0.039786,51.512265,On or near Limehouse,E01032769,Tower Hamlets 025F,Burglary,Investigation complete; no suspect identified
ca3a900ec8b9d85c9364786857614535c9f3dcacf9dae861f556d9644dd960ff,2024-07,Metropolitan Police Service,Metropolitan Police Service,-0.039149,51.511652,On or near Branch Road,E01032769,Tower Hamlets 025F,Burglary,Investigation complete; no suspect identified
f974960ad03460a343ea718ae9fcf28fbc6b9c1ce50a9f63e4e79675c7ec1852,2024-07,Metropolitan Police Service,Metropolitan Police Service,-0.063181,51.504003,On or near Knighten Street,E01004292,Tower Hamlets 026A,Burglary,Investigation complete; no suspect identified
f4a512641804a05b3fa0a0bd2256efb0664149d7bd4cdbaa965d720e0a2b32e2,2024-07,Metropolitan Police Service,Metropolitan Police Service,-0.063798,51.504058,On or near Conference/Exhibition Centre,E01004292,Tower Hamlets 026A,Burglary,Awaiting court outcome
71e232383fb90b430ecdb5ffa221952269d76909202d4fb493d7571a37b5d095,2024-07,Metropolitan Police Service,Metropolitan Police Service,-0.066964,51.510612,On or near Theatre/Concert Hall,E01035696,Tower Hamlets 026E,Burglary,Status update unavailable
83c84ef78ba28d905464efa553834711bac9e856e3059b2ec6ca1d5c850fdef1,2024-07,Metropolitan Police Service,Metropolitan Police Service,-0.065474,51.508717,On or near Virginia Street,E01035696,Tower Hamlets 026E,Burglary,Investigation complete; no suspect identified
9f50faab5fe6345a39ae92821966136fe030da27ebf8cdf7e3f9387a371c7570,2024-07,Metropolitan Police Service,Metropolitan Police Service,-0.060226,51.503675,On or near Dundee Street,E01004291,Tower Hamlets 027A,Burglary,Investigation complete; no suspect identified
a49c4ef60354c8e7bc1233bf4c60a082daf92bdfcb46d29249ef8b1b674a9166,2024-07,Metropolitan Police Service,Metropolitan Police Service,-0.065739,51.506869,On or near Waveney Close,E01004293,Tower Hamlets 027B,Burglary,Investigation complete; no suspect identified
80ae12eccde8ceb0d259eac7483f3acc63f81dc49f9a9c24af391481cb66b8eb,2024-07,Metropolitan Police Service,Metropolitan Police Service,-0.068295,51.507432,On or near Thomas More Street,E01004293,Tower Hamlets 027B,Burglary,Investigation complete; no suspect identified
013b81104c93d0755c723cb33ef149a85310e023c62a813f3b10a605fcb58687,2024-07,Metropolitan Police Service,Metropolitan Police Service,-0.069765,51.505712,On or near Burr Close,E01004293,Tower Hamlets 027B,Burglary,Investigation complete; no suspect identified
ec337f8dd75ca9aaafcc72f0733bd83c776b43eb60f5d2be71cbd5f0f9c7032f,2024-07,Metropolitan Police Service,Metropolitan Police Service,-0.055574,51.509039,On or near Rum Close,E01004297,Tower Hamlets 027C,Burglary,Investigation complete; no suspect identified
9030238af7c63f3e30a15d59b98018b64bce932bdbad65adcbad7b15596b7b58,2024-07,Metropolitan Police Service,Metropolitan Police Service,-0.01254,51.487931,On or near Manchester Grove,E01004217,Tower Hamlets 030C,Burglary,Investigation complete; no suspect identified
170f841dbd894c41934b8eb3f68eee1a3e96ff65a22171491b82b1bc82896c0f,2024-07,Metropolitan Police Service,Metropolitan Police Service,-0.021607,51.49874,On or near Supermarket,E01032770,Tower Hamlets 032B,Burglary,Investigation complete; no suspect identified
8c2c00417572e696a091dd0fc1008714eb1a50b8477f99d282c23284e401ec3c,2024-07,Metropolitan Police Service,Metropolitan Police Service,-0.018513,51.496665,On or near Muirfield Crescent,E01032774,Tower Hamlets 032E,Burglary,Unable to prosecute suspect
518b81ccabc5168921341381094fc1126f1a66a7f9c028726071ef995e8bdd78,2024-07,Metropolitan Police Service,Metropolitan Police Service,-0.018513,51.496665,On or near Muirfield Crescent,E01032774,Tower Hamlets 032E,Burglary,Unable to prosecute suspect
b477f9f8b78ab21491e0a4ec02ec7584082839ea973e10f567f63b8b9925c5bb,2024-07,Metropolitan Police Service,Metropolitan Police Service,-0.018941,51.498093,On or near Millharbour,E01035699,Tower Hamlets 032G,Burglary,Unable to prosecute suspect
694b83e86d26a26de928b6237e613a109b557ffd9a59037fc9d67f76028f1441,2024-07,Metropolitan Police Service,Metropolitan Police Service,-0.020379,51.506804,On or near West India Quay,E01004277,Tower Hamlets 033A,Burglary,Unable to prosecute suspect
3315149ebaab2fca32dd5ed5999b6e92b4958ca28be0afe8ee2ffe257fbc0bce,2024-07,Metropolitan Police Service,Metropolitan Police Service,-0.017558,51.505066,On or near Canada Square,E01004277,Tower Hamlets 033A,Burglary,Investigation complete; no suspect identified
188a7505df7642267dc8fe555bcaa111c234f67725595e1e9105012dc195922a,2024-07,Metropolitan Police Service,Metropolitan Police Service,-0.01945,51.504954,On or near Further/Higher Educational Building,E01032771,Tower Hamlets 033B,Burglary,Investigation complete; no suspect identified
914125f8de34e8df845df1602a88d69ffe2e4f7d0310da70159ae53341b640d8,2024-07,Metropolitan Police Service,Metropolitan Police Service,-0.00225,51.509446,On or near East India,E01032777,Tower Hamlets 035A,Burglary,Investigation complete; no suspect identified
8b3632929a49f6f6002a0e7194647e554970d754dca4904e0c6bcd0df8e54975,2024-07,Metropolitan Police Service,Metropolitan Police Service,-0.010892,51.50989,On or near Bazely Street,E01004219,Tower Hamlets 035B,Burglary,Investigation complete; no suspect identified
e30112dad1ebe4c81b75e86d547f0337a43ee0d887b10e70020661b21a8d80bf,2024-07,Metropolitan Police Service,Metropolitan Police Service,-0.014833,51.498473,On or near Harbour Exchange Square,E01035703,Tower Hamlets 036B,Burglary,Investigation complete; no suspect identified
5e7338f3c4a8171b49e33308f4d3977a46af0f84f71105473de1fcd9aee38265,2024-07,Metropolitan Police Service,Metropolitan Police Service,-0.014833,51.498473,On or near Harbour Exchange Square,E01035703,Tower Hamlets 036B,Burglary,Investigation complete; no suspect identified
64be55cc3230bda900d5ea0a700aa1cbc976c0ef28945effbdf9ca619c91d7d2,2024-07,Metropolitan Police Service,Metropolitan Police Service,-0.014376,51.496055,On or near Crossharbour,E01035706,Tower Hamlets 036E,Burglary,Investigation complete; no suspect identified
f5a5e07abe2ed5fae2d226a104d581525f5b43a3f79d682ad140ff9cc3a51e6b,2024-07,Metropolitan Police Service,Metropolitan Police Service,-0.01663,51.496237,On or near Pepper Street,E01035706,Tower Hamlets 036E,Burglary,Investigation complete; no suspect identified
693baa4a6b9a6de6dae37be83e0a244506b968150b1b14d5248eb3bd51236988,2024-07,Metropolitan Police Service,Metropolitan Police Service,-0.01663,51.496237,On or near Pepper Street,E01035706,Tower Hamlets 036E,Burglary,Investigation complete; no suspect identified
a7dcace54de970727b23b0e7dc22892882c3d0d57314aafc5d23ccd2f7fd71e8,2024-07,Metropolitan Police Service,Metropolitan Police Service,-0.011464,51.640274,On or near Sewardstone Road,E01004349,Waltham Forest 001A,Burglary,Investigation complete; no suspect identified
f34b73dbc5011c29d676f89a9ef169ee90c3c60d50b8d3a156527abc8527aa7c,2024-07,Metropolitan Police Service,Metropolitan Police Service,-0.013542,51.636056,On or near Petrol Station,E01004350,Waltham Forest 001B,Burglary,Investigation complete; no suspect identified
de8a1ccd84281cf09ca830292597cc82621d127129fe9dce44a8e3be2e9288f4,2024-07,Metropolitan Police Service,Metropolitan Police Service,-0.001451,51.631993,On or near Police Station,E01004351,Waltham Forest 001C,Burglary,Investigation complete; no suspect identified
d8931aaabc21a91f1dcc26d5dec9f5093e373e791abb412636a3097131ae49b0,2024-07,Metropolitan Police Service,Metropolitan Police Service,-0.017114,51.629363,On or near Valley Side,E01004356,Waltham Forest 001D,Burglary,Unable to prosecute suspect
e541625b6b513fb6ff68ad29b1e2235aec511c9bef7f1f9866a552ae1480ed8a,2024-07,Metropolitan Police Service,Metropolitan Police Service,-0.017706,51.630466,On or near Sports/Recreation Area,E01004356,Waltham Forest 001D,Burglary,Investigation complete; no suspect identified
6735113d9777d24f1936e2d5c7c21e674645181328d6f4f969b6ac01d91ec976,2024-07,Metropolitan Police Service,Metropolitan Police Service,-0.017114,51.629363,On or near Valley Side,E01004356,Waltham Forest 001D,Burglary,Investigation complete; no suspect identified
5caf206daae515d1863c7742ce778258020d84f38f3ee96b3f15f4b2bb0bc1d5,2024-07,Metropolitan Police Service,Metropolitan Police Service,0.007399,51.632139,On or near Connaught Road,E01004354,Waltham Forest 002C,Burglary,Investigation complete; no suspect identified
76a4f59c25c6420adb12d4ddb679fbe5cca5890b167117751ee9a8f48764f74a,2024-07,Metropolitan Police Service,Metropolitan Police Service,-0.001058,51.630089,On or near Woodland Road,E01004358,Waltham Forest 002D,Burglary,Investigation complete; no suspect identified
3cf8541f43478ebf75ee24638504cc0c1c1d6b71bc68a90d8feded6f6cc98279,2024-07,Metropolitan Police Service,Metropolitan Police Service,-0.004074,51.627532,On or near Warren Road,E01004358,Waltham Forest 002D,Burglary,Investigation complete; no suspect identified
f65a8b2c710c0a0b3ae307ee6751b7794a08c25fa1f8464e20a35384a51dabd0,2024-07,Metropolitan Police Service,Metropolitan Police Service,0.009845,51.626674,On or near Coney Burrows,E01004389,Waltham Forest 003D,Burglary,Investigation complete; no suspect identified
db2ccef372a91db043272c88d7678072f6b5e5377bfad138f7d9ff0f42951e3f,2024-07,Metropolitan Police Service,Metropolitan Police Service,-0.001358,51.619977,On or near Friars Close,E01004413,Waltham Forest 004C,Burglary,Investigation complete; no suspect identified
40a22030d2f18586e7cd2d40df7b59331ffafd22c8e99b70379f2040d4e66412,2024-07,Metropolitan Police Service,Metropolitan Police Service,-0.007152,51.616641,On or near Bailey Close,E01004413,Waltham Forest 004C,Burglary,Investigation complete; no suspect identified
8283a5540286c9dc2d54d5f38adaeb1e2d72c236dc9b4ac09f80efffb856e25e,2024-07,Metropolitan Police Service,Metropolitan Police Service,-0.000657,51.61653,On or near Linnett Close,E01004413,Waltham Forest 004C,Burglary,Investigation complete; no suspect identified
ff2709a4bc79e0ba16a8ed7c23a62f13f20bb5e50c9a1809a6c0b942e986f1eb,2024-07,Metropolitan Police Service,Metropolitan Police Service,-0.010772,51.614463,On or near Bourne Gardens,E01004416,Waltham Forest 004E,Burglary,Unable to prosecute suspect
44ecf1c93b6019942a4d362f2b14a9e4112b75f9bab9143abd6d2ae559b1dfe0,2024-07,Metropolitan Police Service,Metropolitan Police Service,-0.010772,51.614463,On or near Bourne Gardens,E01004416,Waltham Forest 004E,Burglary,Unable to prosecute suspect
cc19f5f060c21720b5573d53c998cdb110dbdf625d91b4e237f22cf3d5d91e65,2024-07,Metropolitan Police Service,Metropolitan Police Service,-0.003636,51.611194,On or near Merriam Close,E01004416,Waltham Forest 004E,Burglary,Investigation complete; no suspect identified
8f1d6a3e5cd321ab7c374e911be05a8c7358b12663eb834fc5359c6ec7069397,2024-07,Metropolitan Police Service,Metropolitan Police Service,-0.010772,51.614463,On or near Bourne Gardens,E01004416,Waltham Forest 004E,Burglary,Status update unavailable
bcf1dee13e6080f627b9cb76a9fabc9822757eb51e9828255691a3cacf47e965,2024-07,Metropolitan Police Service,Metropolitan Police Service,-0.022249,51.624917,On or near A1037,E01004361,Waltham Forest 005A,Burglary,Investigation complete; no suspect identified
c11df785df592579d6377b46cd79e8dea9697f2ce11b424a548fbcda52934144,2024-07,Metropolitan Police Service,Metropolitan Police Service,-0.023631,51.620372,On or near Middleton Close,E01004451,Waltham Forest 005D,Burglary,Investigation complete; no suspect identified
20df163167e4a54f10153dfb84b454d309020862d1b6d31682df7f98e2b0e044,2024-07,Metropolitan Police Service,Metropolitan Police Service,-0.018185,51.619714,On or near Churchill Terrace,E01004451,Waltham Forest 005D,Burglary,Unable to prosecute suspect
25aa6e45452598b8eb9542cdd06a7104b11580e852c48a9aca4dea82d8d4f133,2024-07,Metropolitan Police Service,Metropolitan Police Service,-0.024794,51.616534,On or near Louisa Oakes Close,E01004452,Waltham Forest 005E,Burglary,Investigation complete; no suspect identified
7e7fcba5d5032ac233169bd2331fb11f3bd3171e6eea03c1b486b1e402f531cf,2024-07,Metropolitan Police Service,Metropolitan Police Service,-0.0195,51.617704,On or near Vintage Mews,E01004452,Waltham Forest 005E,Burglary,Investigation complete; no suspect identified
108b89485d3623b25a6e97edad4e646713e45d144d1f4d4284a1eeef3aff15c3,2024-07,Metropolitan Police Service,Metropolitan Police Service,-0.024794,51.616534,On or near Louisa Oakes Close,E01004452,Waltham Forest 005E,Burglary,Investigation complete; no suspect identified
609d7e58b66dd8e2d85be4806930ca285684ad2184a4eb31e8b2fbc79d244423,2024-07,Metropolitan Police Service,Metropolitan Police Service,-0.021617,51.613864,On or near Norbury Road,E01004452,Waltham Forest 005E,Burglary,Investigation complete; no suspect identified
3f7416190f738817949bc07a8dbe0cfdec7c0b1bd0e0f014a574504fb4ed8a95,2024-07,Metropolitan Police Service,Metropolitan Police Service,-0.027392,51.615589,On or near Waverley Avenue,E01004450,Waltham Forest 006A,Burglary,Unable to prosecute suspect
16264409cfe8ce31c6fa607229a90344b53b9453fcdc42af67e87a3729596359,2024-07,Metropolitan Police Service,Metropolitan Police Service,-0.03095,51.613157,On or near Cork Tree Way,E01004453,Waltham Forest 006B,Burglary,Investigation complete; no suspect identified
056c84d18de01afe8c29310c1e0d26c77e66233a605089c552e75062a6e3d7e1,2024-07,Metropolitan Police Service,Metropolitan Police Service,-0.024564,51.606207,On or near Justin Road,E01004455,Waltham Forest 006D,Burglary,Investigation complete; no suspect identified
b2cbe95b6e39388f23c086bb90c2ceb75502b5e05ca63c5642768c4cf71710e4,2024-07,Metropolitan Police Service,Metropolitan Police Service,-0.018416,51.610761,On or near Petrol Station,E01004455,Waltham Forest 006D,Burglary,Investigation complete; no suspect identified
6da9438548cef5f793b1a4f9fc06085ce9bdbe3661c8a65df3c53f6b7ca251d6,2024-07,Metropolitan Police Service,Metropolitan Police Service,-0.026267,51.607566,On or near Keatley Green,E01004456,Waltham Forest 006E,Burglary,Unable to prosecute suspect
a840edfe0f2f6433a748d4a1717138bbb0a0e79f04d8f3522d34b9ca1e9518cd,2024-07,Metropolitan Police Service,Metropolitan Police Service,-0.00064,51.609354,On or near Wilton Place,E01004381,Waltham Forest 007C,Burglary,Investigation complete; no suspect identified
8a0fe3411299fbd411fe8a68b2f83e6debacb3fdc92057e2902a1ecda097c7dc,2024-07,Metropolitan Police Service,Metropolitan Police Service,-0.0103,51.601811,On or near Wadham Avenue,E01004344,Waltham Forest 008B,Burglary,Investigation complete; no suspect identified
1b8acc3ab3e82f4e134caa224ed06c98465c8181c4da56b72d782d1c67c9de74,2024-07,Metropolitan Police Service,Metropolitan Police Service,-0.015124,51.603116,On or near Parade Gardens,E01004419,Waltham Forest 008E,Burglary,Investigation complete; no suspect identified
dcbbc4e3b4df2988d60fba74d4e8e9508027eee2e391e1f03d964f518209934f,2024-07,Metropolitan Police Service,Metropolitan Police Service,-0.016144,51.604572,On or near Ascham Drive,E01004419,Waltham Forest 008E,Burglary,Investigation complete; no suspect identified
2b75975c4872c7a939ea621150babd8a3dfc96aad4249e1d06bd97d384535175,2024-07,Metropolitan Police Service,Metropolitan Police Service,-0.013914,51.605029,On or near Minerva Road,E01004419,Waltham Forest 008E,Burglary,Investigation complete; no suspect identified
4e19f11a9c510952f88d4ab0adb087100ec4946113e40d6d5670ffe8009629e5,2024-07,Metropolitan Police Service,Metropolitan Police Service,-0.025601,51.60028,On or near Thornbury Way,E01004403,Waltham Forest 009E,Burglary,Investigation complete; no suspect identified
dc8eca6280c0214e5f402dbd8dc8a5b62bdfdec2079c83fef02b037093d02d9d,2024-07,Metropolitan Police Service,Metropolitan Police Service,-0.007967,51.598031,On or near Garner Road,E01004345,Waltham Forest 010A,Burglary,Unable to prosecute suspect
ad7dc8c637336a1c5479768c8dfef88bc2dccab4960ab1d32a4c6ebbdb81f6f8,2024-07,Metropolitan Police Service,Metropolitan Police Service,-0.022076,51.597325,On or near Headway Gardens,E01004346,Waltham Forest 011B,Burglary,Investigation complete; no suspect identified
01135953e2b7d5485e3637034bfe738a2e7aa5a8ac3fa7bde8c961bf5f406e92,2024-07,Metropolitan Police Service,Metropolitan Police Service,-0.023991,51.596791,On or near Rushbrook Crescent,E01004346,Waltham Forest 011B,Burglary,Awaiting court outcome
6b0ac4a3ca8c331208b7340e48e1c3eaa493066c2f70ff614d6dfbb4092ddbe0,2024-07,Metropolitan Police Service,Metropolitan Police Service,-0.017828,51.595743,On or near Aveling Park Road,E01004347,Waltham Forest 011C,Burglary,Investigation complete; no suspect identified
7dc90bd055794b7abd28d273396322071ae3846db3993511dba6d4513b997bce,2024-07,Metropolitan Police Service,Metropolitan Police Service,-0.019479,51.590987,On or near Parking Area,E01004460,Waltham Forest 011D,Burglary,Awaiting court outcome
2ae25c0c669d412cba18cab4884e761b7df3dcaff0123a42a7c6bfdf6ea1ce61,2024-07,Metropolitan Police Service,Metropolitan Police Service,-0.019479,51.590987,On or near Parking Area,E01004460,Waltham Forest 011D,Burglary,Awaiting court outcome
7827f71fb20b32c07cc250e2403b0f51f7c9afd8fa23c8e7ccebe2e6ace23880,2024-07,Metropolitan Police Service,Metropolitan Police Service,-0.018885,51.589691,On or near Hawthorne Road,E01004460,Waltham Forest 011D,Burglary,Investigation complete; no suspect identified
84804821bdfd1fe4c5e170f13f786be24dd222f45a7827cdd1acfed9c1a8c86d,2024-07,Metropolitan Police Service,Metropolitan Police Service,-0.021247,51.587833,On or near Mitre Avenue,E01004462,Waltham Forest 011E,Burglary,Investigation complete; no suspect identified
313764bb28b4ede244ecc0005600b398a5363878a1fbccfe8674ec837d2d7ecc,2024-07,Metropolitan Police Service,Metropolitan Police Service,-0.023466,51.58993,On or near Brookdale Road,E01004457,Waltham Forest 012B,Burglary,Investigation complete; no suspect identified
dfdd496d2e24ec767dfa79aae9adc6289826a659e31425a7d6e2e12b16dffd28,2024-07,Metropolitan Police Service,Metropolitan Police Service,-0.022035,51.590616,On or near Forest Road,E01004457,Waltham Forest 012B,Burglary,Unable to prosecute suspect
d807940d81052db1a3a8ae3a310c1e1ac6f4bd7110770b68254b20ac8ec94b9f,2024-07,Metropolitan Police Service,Metropolitan Police Service,-0.022035,51.590616,On or near Forest Road,E01004457,Waltham Forest 012B,Burglary,Investigation complete; no suspect identified
653e57e7710e11657f0f07dea548c52f1009e5658c07be361ab10b4f15cd4169,2024-07,Metropolitan Police Service,Metropolitan Police Service,-0.031738,51.589601,On or near Pasquier Road,E01004458,Waltham Forest 012C,Burglary,Investigation complete; no suspect identified
405a80c92a70d78b0305db9b0940edcdb39a13f9399bea48568750735fe537c4,2024-07,Metropolitan Police Service,Metropolitan Police Service,-0.030938,51.591054,On or near Luton Road,E01004458,Waltham Forest 012C,Burglary,Investigation complete; no suspect identified
e473e0aa1449a9436555b4c55802b96b84484da0308f1b368acb80bb02f01590,2024-07,Metropolitan Police Service,Metropolitan Police Service,-0.026912,51.59068,On or near Holmes Avenue,E01004459,Waltham Forest 012D,Burglary,Investigation complete; no suspect identified
ae34f9528e8bfe6bda3ad991b7438c62aa8c2f42923aec525e03c0fa3d689dee,2024-07,Metropolitan Police Service,Metropolitan Police Service,-0.009294,51.589816,On or near Blackberry Close,E01004407,Waltham Forest 013A,Burglary,Investigation complete; no suspect identified
7c6c9339ed01ed5045944ee3f340d9eeb713e1d21607e3fd9832f1201325f511,2024-07,Metropolitan Police Service,Metropolitan Police Service,-0.011905,51.58853,On or near The Drive,E01004407,Waltham Forest 013A,Burglary,Investigation complete; no suspect identified
912e75473b3fadf13f46b8ee0beb5d53e0323977249ba3dfda01ea10a175610b,2024-07,Metropolitan Police Service,Metropolitan Police Service,-0.009467,51.586852,On or near Church Hill Road,E01004410,Waltham Forest 013B,Burglary,Investigation complete; no suspect identified
2a0213a87b8abfa53f64d4c69147aed7e9aa95e451ac5c82fb3c64b8a90de142,2024-07,Metropolitan Police Service,Metropolitan Police Service,-0.01048,51.583164,On or near Trelawny Close,E01004410,Waltham Forest 013B,Burglary,Investigation complete; no suspect identified
5b9fd622fc71037595efcf7b89daeae8c61e1e0183536952b98ca25d98d8184f,2024-07,Metropolitan Police Service,Metropolitan Police Service,-0.004836,51.586773,On or near Parking Area,E01004464,Waltham Forest 013C,Burglary,Investigation complete; no suspect identified
279d59b153334d3bc4d5e0ea8d8df98edd62596b742d32eb1fe408d859e2e237,2024-07,Metropolitan Police Service,Metropolitan Police Service,0.003152,51.589191,On or near Bistern Avenue,E01004469,Waltham Forest 013D,Burglary,Awaiting court outcome
6307ee73f6e9361108f6416706961d5b6c0fa49d83ee3acd47d84145bc9ac1f9,2024-07,Metropolitan Police Service,Metropolitan Police Service,-0.005501,51.591038,On or near Albion Road,E01004470,Waltham Forest 013E,Burglary,Investigation complete; no suspect identified
e21d6b9387b7307660e228ec9f020acace1a49ed5dc80095697f08d2fbdeb391,2024-07,Metropolitan Police Service,Metropolitan Police Service,-0.006221,51.589431,On or near Wyatt'S Lane,E01004470,Waltham Forest 013E,Burglary,Awaiting court outcome
de7a31d90646606f4c2ad1be42c1189f3eccd86053f1261bfa5ef28fb3fc64fa,2024-07,Metropolitan Police Service,Metropolitan Police Service,-0.005501,51.591038,On or near Albion Road,E01004470,Waltham Forest 013E,Burglary,Awaiting court outcome
044d56d0d6b8447e119f8f0eeb32283f56311052841b290849c277121235ba96,2024-07,Metropolitan Police Service,Metropolitan Police Service,-0.037421,51.586702,On or near Essex Close,E01004393,Waltham Forest 014B,Burglary,Investigation complete; no suspect identified
22718c15b9ac4c9d72451ac771c58bfe21c8a8ff90f6032a8155ff400079f354,2024-07,Metropolitan Police Service,Metropolitan Police Service,-0.039629,51.591739,On or near Petrol Station,E01004401,Waltham Forest 014C,Burglary,Investigation complete; no suspect identified
3f296612770ffb6496ffc2d6a0992eccd20ecac6486ce92a95d251f8bc1895b3,2024-07,Metropolitan Police Service,Metropolitan Police Service,-0.037253,51.588911,On or near Pembar Avenue,E01034485,Waltham Forest 014F,Burglary,Investigation complete; no suspect identified
648daa7dee0eefa0f574c863cecc969ab6f31a0a701a3e2c77a6c2e23ede277b,2024-07,Metropolitan Police Service,Metropolitan Police Service,-0.042288,51.587314,On or near Parking Area,E01034486,Waltham Forest 014G,Burglary,Awaiting court outcome
9227eb1d0a87c3d7991edd217c5320faa70c53460a2d5b8a9674bb1968cf3d5d,2024-07,Metropolitan Police Service,Metropolitan Police Service,-0.042288,51.587314,On or near Parking Area,E01034486,Waltham Forest 014G,Burglary,Unable to prosecute suspect
3efb1e252e739b4faa768db0097e839d303723c7b785804305a1ca616c764d12,2024-07,Metropolitan Police Service,Metropolitan Police Service,-0.04047,51.587967,On or near Supermarket,E01034486,Waltham Forest 014G,Burglary,Investigation complete; no suspect identified
ea58fb77ca064b9d79256804eea204615588818d5f7c3653dab3c4bfb946805c,2024-07,Metropolitan Police Service,Metropolitan Police Service,-0.04148,51.588649,On or near Hoffmans Road,E01034486,Waltham Forest 014G,Burglary,Investigation complete; no suspect identified
b86e3c10112bf068441145a9aaac1c0d7af596a715c6531f0c4b2df5c00164e4,2024-07,Metropolitan Police Service,Metropolitan Police Service,-0.04047,51.587967,On or near Supermarket,E01034486,Waltham Forest 014G,Burglary,Investigation complete; no suspect identified
b706dcb6879ecbaef6de3a7a080596f297d7733af00af5bdd6dc1e735e783d37,2024-07,Metropolitan Police Service,Metropolitan Police Service,-0.04047,51.587967,On or near Supermarket,E01034486,Waltham Forest 014G,Burglary,Unable to prosecute suspect
9ecd2c79c5a6609f9dd01bd146a94b9b9b3894e3688b1b7d30ecc1d9d491aeec,2024-07,Metropolitan Police Service,Metropolitan Police Service,-0.04047,51.587967,On or near Supermarket,E01034486,Waltham Forest 014G,Burglary,Investigation complete; no suspect identified
fe4a09cfa445abd45e1763919a48672134f044caa5346935c9ceedd82d9e6507,2024-07,Metropolitan Police Service,Metropolitan Police Service,-0.013008,51.58211,On or near Arden Mews,E01004412,Waltham Forest 015A,Burglary,Investigation complete; no suspect identified
11c0c4e9253938467c266e598b619d48188c291b5829eae501b88149716cca93,2024-07,Metropolitan Police Service,Metropolitan Police Service,-0.011451,51.580761,On or near Grosvenor Rise East,E01004412,Waltham Forest 015A,Burglary,Investigation complete; no suspect identified
26387982f3a7483b3040658fac66e5530b798b97988759e87c448e720326f4ae,2024-07,Metropolitan Police Service,Metropolitan Police Service,-0.013549,51.580626,On or near Eastbank Close,E01004412,Waltham Forest 015A,Burglary,Investigation complete; no suspect identified
a9db85cdc8b6ab8f660e3790cc0950bf599bbae2839f24ec337ea88e093fe0ee,2024-07,Metropolitan Police Service,Metropolitan Police Service,0.003316,51.584728,On or near The Risings,E01004468,Waltham Forest 015E,Burglary,Investigation complete; no suspect identified
75a0d103420abd6d5745e79aa4c31a88608a5a8045fad88176dd386b6ed16558,2024-07,Metropolitan Police Service,Metropolitan Police Service,0.003316,51.584728,On or near The Risings,E01004468,Waltham Forest 015E,Burglary,Investigation complete; no suspect identified
8b5c4ed30fb3c90bcd668bd5378af0c9077abe839b12d0e8ba674f955cec7bc1,2024-07,Metropolitan Police Service,Metropolitan Police Service,-0.016306,51.578982,On or near Pendlestone Road,E01004406,Waltham Forest 016A,Burglary,Investigation complete; no suspect identified
35fe01aa3adea3a04cf6843351890db0f13f33925a0c2b13700af075c6cc1c6b,2024-07,Metropolitan Police Service,Metropolitan Police Service,-0.015532,51.589113,On or near Falmer Road,E01004408,Waltham Forest 016B,Burglary,Investigation complete; no suspect identified
ad100aa5e2be7f50a36724396626fabefed7f3c9bd1a6263121052525c36d3c1,2024-07,Metropolitan Police Service,Metropolitan Police Service,-0.018351,51.587038,On or near Milton Road,E01004409,Waltham Forest 016C,Burglary,Investigation complete; no suspect identified
c9c341cfea12c12b144280db2e532c54935af7d352990651b1a58c5608425e1b,2024-07,Metropolitan Police Service,Metropolitan Police Service,-0.019782,51.580695,On or near Beatrice Road,E01004443,Waltham Forest 016E,Burglary,Status update unavailable
f8f0702e078617c1d08bd8fe19ada2172a6691f7ecb6b3c86ce375624a16060d,2024-07,Metropolitan Police Service,Metropolitan Police Service,-0.019902,51.582577,On or near Station Approach,E01004443,Waltham Forest 016E,Burglary,Status update unavailable
f35beba379fa28f5e9715c05e9c20f5a1aac71efdb59b20007347c420f2fbc42,2024-07,Metropolitan Police Service,Metropolitan Police Service,-0.019902,51.582577,On or near Station Approach,E01004443,Waltham Forest 016E,Burglary,Investigation complete; no suspect identified
c8145335508b9be5e247029819dd10d8b0b7f22db12c169304cba8f7e7f2f641,2024-07,Metropolitan Police Service,Metropolitan Police Service,-0.017645,51.57574,On or near Belgrave Road,E01004447,Waltham Forest 016F,Burglary,Investigation complete; no suspect identified
03e87581a46c42ab8c613fc99b8618d7a569365565e629d69d47b52ad1a1f249,2024-07,Metropolitan Police Service,Metropolitan Police Service,-0.028187,51.583571,On or near Osborne Grove,E01004392,Waltham Forest 017A,Burglary,Unable to prosecute suspect
6076e6f140070201df656b12617cfd8e50ac589df6aab9ef562630307ec1470e,2024-07,Metropolitan Police Service,Metropolitan Police Service,-0.027628,51.582824,On or near Supermarket,E01004392,Waltham Forest 017A,Burglary,Investigation complete; no suspect identified
e6be5536d3c23e052051a15f2728992e1767e8db2566cc6b40eb771ce9c018c9,2024-07,Metropolitan Police Service,Metropolitan Police Service,-0.028187,51.583571,On or near Osborne Grove,E01004392,Waltham Forest 017A,Burglary,Unable to prosecute suspect
4c165aef410c3b17fb6b1a35c24e577b34f373cbb6ef834dd2e0d7e08858046b,2024-07,Metropolitan Police Service,Metropolitan Police Service,-0.028694,51.582869,On or near Shopping Area,E01004392,Waltham Forest 017A,Burglary,Status update unavailable
9e622b53169dd64cedcce34d93c52df2530afa0587f9b228d8694a2cc022b17f,2024-07,Metropolitan Police Service,Metropolitan Police Service,-0.033046,51.583364,On or near Carisbrooke Road,E01004394,Waltham Forest 017B,Burglary,Investigation complete; no suspect identified
0e592ea26a928588869774e3d9eefb44339e02a816f165dfa40d90094c73965f,2024-07,Metropolitan Police Service,Metropolitan Police Service,-0.025581,51.585082,On or near Somers Road,E01004397,Waltham Forest 017C,Burglary,Investigation complete; no suspect identified
4a9244310fc7b2124c4ba0612a8c33a381d813641bcb08835aafb9f1817970aa,2024-07,Metropolitan Police Service,Metropolitan Police Service,-0.01975,51.584076,On or near Tower Mews,E01004397,Waltham Forest 017C,Burglary,Investigation complete; no suspect identified
faee572f2cd51e662c89916729b2adb28f8f936403744c60e022f244b21ddc43,2024-07,Metropolitan Police Service,Metropolitan Police Service,-0.022367,51.584642,On or near Gillards Way,E01004397,Waltham Forest 017C,Burglary,Status update unavailable
c54d5c8beaf1446b9bbf3e36e7eae92ef1a9dd1bc05d5e2b125291a10c6990f5,2024-07,Metropolitan Police Service,Metropolitan Police Service,-0.021302,51.585559,On or near Cleveland Park Avenue,E01004397,Waltham Forest 017C,Burglary,Investigation complete; no suspect identified
15df02e4e9090d34d9f29df012c465894568b1216f5be221a4548032f6101ecc,2024-07,Metropolitan Police Service,Metropolitan Police Service,-0.01975,51.584076,On or near Tower Mews,E01004397,Waltham Forest 017C,Burglary,Investigation complete; no suspect identified
bb0de8703580a74f11b3d7767749f5638ee3330cdba292b52df40c1b94ce478f,2024-07,Metropolitan Police Service,Metropolitan Police Service,-0.025761,51.583269,On or near Vernon Mews,E01004397,Waltham Forest 017C,Burglary,Status update unavailable
6fb9034786f6a356e3a0dfdcd554a7adf440438adc69f1e03105b0ce88371831,2024-07,Metropolitan Police Service,Metropolitan Police Service,-0.022332,51.583796,On or near Supermarket,E01004397,Waltham Forest 017C,Burglary,Investigation complete; no suspect identified
3dcd29d8df547a22bfc5c23a8803d18ef558b655297c397e4dd0d2c95aee5916,2024-07,Metropolitan Police Service,Metropolitan Police Service,-0.031384,51.580738,On or near Brunner Road,E01004444,Waltham Forest 017D,Burglary,Investigation complete; no suspect identified
4e8022e2d1116953c38679e3a44b1c03f92d34646d2087a56fc72bfd4f39c4fc,2024-07,Metropolitan Police Service,Metropolitan Police Service,-0.031384,51.580738,On or near Brunner Road,E01004444,Waltham Forest 017D,Burglary,Investigation complete; no suspect identified
32ecc09be295e39622d42ea45865ca0466d73619fe5d98d4f704c297b55ecb60,2024-07,Metropolitan Police Service,Metropolitan Police Service,-0.028497,51.577749,On or near Ringwood Road,E01004444,Waltham Forest 017D,Burglary,Investigation complete; no suspect identified
ac76f2c82870174bf428180324fb57408e1bd645c5ed15a4fd474565876c7041,2024-07,Metropolitan Police Service,Metropolitan Police Service,-0.031384,51.580738,On or near Brunner Road,E01004444,Waltham Forest 017D,Burglary,Investigation complete; no suspect identified
6786697f9225c5b0095bb90daf018210dbe711e2a5ef236df3f4d8ec43c2f148,2024-07,Metropolitan Police Service,Metropolitan Police Service,-0.034664,51.577996,On or near Hartington Road,E01004446,Waltham Forest 017E,Burglary,Investigation complete; no suspect identified
55333a724d4f0e9bdfe12be4e9fe6b970bacb2a9d1b8e24545c0025a4330903b,2024-07,Metropolitan Police Service,Metropolitan Police Service,-0.032209,51.57702,On or near Low Hall Lane,E01004446,Waltham Forest 017E,Burglary,Investigation complete; no suspect identified
9cee6dc9832809a5ddef5a4b5e4dfbaf158ec5beaa94b26cc2264c2ce1c52fc2,2024-07,Metropolitan Police Service,Metropolitan Police Service,-0.021024,51.573351,On or near Onra Road,E01004421,Waltham Forest 018B,Burglary,Investigation complete; no suspect identified
93273a3ddd031d51b7dfc8bb8d21fbbb8d51894ec9f717e1a552d7448a2e60ed,2024-07,Metropolitan Police Service,Metropolitan Police Service,-0.025859,51.575348,On or near Longfellow Road,E01004449,Waltham Forest 018E,Burglary,Investigation complete; no suspect identified
4cef43ad580a1ce1816ab7bde323453d6b0f9a7a6145ef7b08ffe32b1a296f19,2024-07,Metropolitan Police Service,Metropolitan Police Service,-0.02608,51.57457,On or near Union Road,E01004449,Waltham Forest 018E,Burglary,Investigation complete; no suspect identified
c7329f149ff2d4c49acd106298c5f3860d4eaa736a1b9896caee26ef7e8498e4,2024-07,Metropolitan Police Service,Metropolitan Police Service,0.002156,51.573776,On or near Forest Drive East,E01004366,Waltham Forest 019C,Burglary,Investigation complete; no suspect identified
cc3dd2aac3bb926bc36c477356d994273a2a81d592ed7551f44adf5f23539912,2024-07,Metropolitan Police Service,Metropolitan Police Service,-0.012356,51.579194,On or near West Street,E01004405,Waltham Forest 020B,Burglary,Awaiting court outcome
d118935bae5112614df2df4e8b8ef51afa89bbedd1739664870a092736a370a1,2024-07,Metropolitan Police Service,Metropolitan Police Service,-0.015144,51.575833,On or near Bakers Avenue,E01004420,Waltham Forest 020C,Burglary,Investigation complete; no suspect identified
f407d1cea9dc40e831553f740a56c5c2f123c962d144eb194061fe35897aaa2f,2024-07,Metropolitan Police Service,Metropolitan Police Service,-0.016344,51.573137,On or near Lea Bridge Road,E01004420,Waltham Forest 020C,Burglary,Investigation complete; no suspect identified
c5141649796022af3e7e73e8e4a3f43c9b96311e07407676506a091a14a5f05d,2024-07,Metropolitan Police Service,Metropolitan Police Service,-0.015144,51.575833,On or near Bakers Avenue,E01004420,Waltham Forest 020C,Burglary,Investigation complete; no suspect identified
3bdfc3f5fa840d190a5603c6e4f1b79ae8de453e60dae04336c54d2ab15dac0b,2024-07,Metropolitan Police Service,Metropolitan Police Service,-0.015144,51.575833,On or near Bakers Avenue,E01004420,Waltham Forest 020C,Burglary,Investigation complete; no suspect identified
4b74d9a85a0e6882da4b71ce8703aaa4843efc9a5bf7b02e9d15e26060b4cdc1,2024-07,Metropolitan Police Service,Metropolitan Police Service,-0.01467,51.576113,On or near Livingstone Road,E01004420,Waltham Forest 020C,Burglary,Investigation complete; no suspect identified
58318286ca1d7b2259a2e6617362acf628ee3d5fca5d8f89f612cb0201f83515,2024-07,Metropolitan Police Service,Metropolitan Police Service,-0.018758,51.573043,On or near Albany Road,E01004423,Waltham Forest 020D,Burglary,Investigation complete; no suspect identified
b48772be2c9b35a9216de9b6e7d7bfeb2b63ac2e4d5c72ae21a22916331b1aac,2024-07,Metropolitan Police Service,Metropolitan Police Service,-0.01001,51.57178,On or near Keats Road,E01034487,Waltham Forest 020H,Burglary,Status update unavailable
efc3210a989510003459189e6bbc2869a510822f0c7052609bbdd96e1dde607e,2024-07,Metropolitan Police Service,Metropolitan Police Service,-0.016028,51.570767,On or near Capworth Street,E01034488,Waltham Forest 020I,Burglary,Investigation complete; no suspect identified
fac1b0be46e783b3a3a7bde7dd986ded88e4b39baf3a5389d4de27676da647e8,2024-07,Metropolitan Police Service,Metropolitan Police Service,0.015125,51.571378,On or near Hanbury Drive,E01004436,Waltham Forest 021B,Burglary,Investigation complete; no suspect identified
c4c9021e97b020e110dbbafc114dce592be8977a614f623fe5b9e31ff989c014,2024-07,Metropolitan Police Service,Metropolitan Police Service,0.000238,51.571165,On or near Hainault Road,E01004437,Waltham Forest 021C,Burglary,Investigation complete; no suspect identified
cc783fb6edeb0ca159540f845a0458232edfcd94b4a1c34a174aef8055e3bd0f,2024-07,Metropolitan Police Service,Metropolitan Police Service,0.004235,51.568211,On or near Chelmsford Road,E01004439,Waltham Forest 021D,Burglary,Unable to prosecute suspect
f9a776bfc63f14b58740082b35f5ba5c767ef8e0442dcc33c89ba1752705a7dc,2024-07,Metropolitan Police Service,Metropolitan Police Service,0.00815,51.572577,On or near Esther Road,E01004442,Waltham Forest 021E,Burglary,Unable to prosecute suspect
0d4e74d523e7c88650e9abe8333e9947f8a6da4df01e6868541034ef898b304c,2024-07,Metropolitan Police Service,Metropolitan Police Service,-0.03373,51.567189,On or near Elm Park Road,E01004422,Waltham Forest 022A,Burglary,Investigation complete; no suspect identified
45c05fd6c2e9255bba180f193e5d916eb2c57fae40ebf8cc1ba812e804d03249,2024-07,Metropolitan Police Service,Metropolitan Police Service,-0.024991,51.568733,On or near Tallack Road,E01004424,Waltham Forest 022B,Burglary,Unable to prosecute suspect
f472f00ee9ef10a0540ddc1ddf716a4c5c048cbc908e588162af4a0200a8ebe6,2024-07,Metropolitan Police Service,Metropolitan Police Service,-0.024374,51.570647,On or near Lea Bridge Road,E01004424,Waltham Forest 022B,Burglary,Unable to prosecute suspect
0976a354878b71d630d1f7971a002b3f046a2b3ebc1ed40c8ad82c8d755a6ef5,2024-07,Metropolitan Police Service,Metropolitan Police Service,-0.024374,51.570647,On or near Lea Bridge Road,E01004424,Waltham Forest 022B,Burglary,Investigation complete; no suspect identified
201279bab5587329108becd659b4b29586d72e823234fa402114563905cfdf68,2024-07,Metropolitan Police Service,Metropolitan Police Service,-0.031525,51.567467,On or near Kettlebaston Road,E01004427,Waltham Forest 022E,Burglary,Unable to prosecute suspect
9dca9d3d6544bf5c8f627a889e02e7e9d43856c7122ee289fc7b255627ab640a,2024-07,Metropolitan Police Service,Metropolitan Police Service,-0.026692,51.569787,On or near A104,E01004427,Waltham Forest 022E,Burglary,Status update unavailable
9a6045bdf93007bd6ffff72c8833fb0a2f2d4c410e5064ed13997e08a207d7d0,2024-07,Metropolitan Police Service,Metropolitan Police Service,-0.028357,51.568979,On or near Conference/Exhibition Centre,E01004427,Waltham Forest 022E,Burglary,Investigation complete; no suspect identified
7ee4f02ed0a84e2882b3c486888ab9c7e18987c7ccc9ee87d029e7bd5173b2f2,2024-07,Metropolitan Police Service,Metropolitan Police Service,-0.009351,51.566383,On or near Lawton Road,E01004369,Waltham Forest 023A,Burglary,Investigation complete; no suspect identified
5fdfa1247992330e3c8ab7830319e884f41e60605100d7263888cf93aed07b8b,2024-07,Metropolitan Police Service,Metropolitan Police Service,-0.007665,51.564025,On or near Dawlish Road,E01004369,Waltham Forest 023A,Burglary,Investigation complete; no suspect identified
9ee532605d412e169910316a758acf5d0299e699df811ff9a7723141147ac5b2,2024-07,Metropolitan Police Service,Metropolitan Police Service,-0.007665,51.564025,On or near Dawlish Road,E01004369,Waltham Forest 023A,Burglary,Investigation complete; no suspect identified
1c2dad0c76163f8941de1566fd2d52b3e4832ec67fe6e43ff2817ad402e47c87,2024-07,Metropolitan Police Service,Metropolitan Police Service,-0.012221,51.564426,On or near Tennyson Road,E01004435,Waltham Forest 023E,Burglary,Investigation complete; no suspect identified
8bc0b673c8e8ce766609a39c7925ea8b9d9a639d89d982bfd5eb45970f438043,2024-07,Metropolitan Police Service,Metropolitan Police Service,0.015672,51.570371,On or near Forest View,E01004438,Waltham Forest 024C,Burglary,Status update unavailable
49c54795490155ff97f0bca0225287730f2f14aa1d7309313650c7c8743a6790,2024-07,Metropolitan Police Service,Metropolitan Police Service,0.012781,51.568954,On or near Aylmer Road,E01004438,Waltham Forest 024C,Burglary,Investigation complete; no suspect identified
6e8ecdd720bcf066ee040d30dc21264a56a4a3920d7807a5d384f8012336be10,2024-07,Metropolitan Police Service,Metropolitan Police Service,0.014057,51.569076,On or near Grove Road,E01004438,Waltham Forest 024C,Burglary,Investigation complete; no suspect identified
91e6874fdb14233b417ded78776c71c1db27919e1462610370023f551c72fef3,2024-07,Metropolitan Police Service,Metropolitan Police Service,0.009835,51.568232,On or near Further/Higher Educational Building,E01004438,Waltham Forest 024C,Burglary,Investigation complete; no suspect identified
df697e809ab6fccad0ba51033f5b420f37fc2cd6c05d64a5e38868907188dad7,2024-07,Metropolitan Police Service,Metropolitan Police Service,0.009835,51.568232,On or near Further/Higher Educational Building,E01004438,Waltham Forest 024C,Burglary,Investigation complete; no suspect identified
58c788451e4d992f07cb95e420519893075f6b523836cdc427df2d4f553116a0,2024-07,Metropolitan Police Service,Metropolitan Police Service,0.009992,51.56492,On or near High Road Leytonstone,E01004440,Waltham Forest 024D,Burglary,Unable to prosecute suspect
3dd6339428de2b310f38a94848d57832766351c8eb3e7939f70673d2304b2392,2024-07,Metropolitan Police Service,Metropolitan Police Service,0.010863,51.565363,On or near Pastures Path,E01004440,Waltham Forest 024D,Burglary,Investigation complete; no suspect identified
4eca8ba7bb35482006be116aff7a3f6d88d3b72d5e728a9d12d4d4da288c2b35,2024-07,Metropolitan Police Service,Metropolitan Police Service,0.001667,51.564271,On or near Rhodesia Road,E01004371,Waltham Forest 025A,Burglary,Investigation complete; no suspect identified
bbbdc62b1608c56ce0a97a322a816bf12b67875e6d3c85b6d0599854c6846c0e,2024-07,Metropolitan Police Service,Metropolitan Police Service,-0.005561,51.563638,On or near Francis Road,E01004373,Waltham Forest 025B,Burglary,Investigation complete; no suspect identified
afbc797ab95846368148b45a69ee8a51a61ad41be1980bedef01c57e99e00836,2024-07,Metropolitan Police Service,Metropolitan Police Service,-0.010419,51.562084,On or near High Road Leyton,E01004373,Waltham Forest 025B,Burglary,Investigation complete; no suspect identified
396eaec562faa516964d565f73b3f30174a0d15de403b63e17ddcc6fc49f3616,2024-07,Metropolitan Police Service,Metropolitan Police Service,0.000138,51.561005,On or near Grove Green Road,E01004374,Waltham Forest 025C,Burglary,Investigation complete; no suspect identified
8b19a434155cc7cfd07b858d17651d56cf4a390ccde1b80c0772de465a3c7ecd,2024-07,Metropolitan Police Service,Metropolitan Police Service,-0.008684,51.560184,On or near Sidmouth Road,E01004375,Waltham Forest 025D,Burglary,Status update unavailable
29f94f7dfea3df1b84bb0b8057331772dd7eaf46eac158a9ba4840b68fc7d3a1,2024-07,Metropolitan Police Service,Metropolitan Police Service,-0.003286,51.558582,On or near Colville Road,E01004376,Waltham Forest 025E,Burglary,Investigation complete; no suspect identified
18e9d91f5c2bb8fd085caaae98538c0335d8a3d3f80f1f94a5b9c4d57670ffa5,2024-07,Metropolitan Police Service,Metropolitan Police Service,-0.006389,51.553949,On or near Etchingham Road,E01004336,Waltham Forest 026A,Burglary,Status update unavailable
a50818514d7fa30c88f715bd880c2cfa80f2c5a15e1362aff37bdb9858625092,2024-07,Metropolitan Police Service,Metropolitan Police Service,-0.018147,51.563528,On or near Ive Farm Close,E01004428,Waltham Forest 026B,Burglary,Investigation complete; no suspect identified
5db96a6af4c6f78e612697f607fa6557fa8cb638177f175fc4103345fe7538aa,2024-07,Metropolitan Police Service,Metropolitan Police Service,-0.016594,51.564743,On or near Crescent Road,E01004428,Waltham Forest 026B,Burglary,Investigation complete; no suspect identified
61124e73a00e3e40a7a76ee05fb62b6585fc3e75820fc208ebfb220c4fe1413f,2024-07,Metropolitan Police Service,Metropolitan Police Service,-0.010974,51.561257,On or near Balmoral Road,E01004429,Waltham Forest 026C,Burglary,Investigation complete; no suspect identified
99949cfaa3add5e83fa2137be15a4ca0bd204d226f5d8a00867f3d5e3d73ffce,2024-07,Metropolitan Police Service,Metropolitan Police Service,-0.013951,51.560166,On or near Oliver Road,E01004429,Waltham Forest 026C,Burglary,Investigation complete; no suspect identified
75d5680528184247b45bcb907a99527497285f57b53e135ff5ee0a1403855fa2,2024-07,Metropolitan Police Service,Metropolitan Police Service,-0.017453,51.554605,On or near Sherrin Road,E01004429,Waltham Forest 026C,Burglary,Investigation complete; no suspect identified
e021222d058cd69aae3f004b222ebed54794e32921782d452211a8fbce76daf6,2024-07,Metropolitan Police Service,Metropolitan Police Service,-0.013951,51.560166,On or near Oliver Road,E01004429,Waltham Forest 026C,Burglary,Investigation complete; no suspect identified
165b7d9a1cfdb5337e344c5ea5f3c07da977c84c9806f8a17102f6aec7485f77,2024-07,Metropolitan Police Service,Metropolitan Police Service,-0.009336,51.555852,On or near Supermarket,E01004430,Waltham Forest 026D,Burglary,Investigation complete; no suspect identified
6aa402d189882e86617a8c69463b2483d2eaedafb22c60b1c1822bfa8f7fded1,2024-07,Metropolitan Police Service,Metropolitan Police Service,-0.009066,51.558051,On or near York Road,E01004430,Waltham Forest 026D,Burglary,Status update unavailable
8a8a01b7c7dda4135a51e010a1bdba86cdcafdfe8d8c8d2ad65a7bdaf6e838e0,2024-07,Metropolitan Police Service,Metropolitan Police Service,-0.012634,51.560141,On or near Sports/Recreation Area,E01004430,Waltham Forest 026D,Burglary,Investigation complete; no suspect identified
8397a7cc4967c7856073ab6466cd5b6e345858e0d53b011474164cb0409e26ed,2024-07,Metropolitan Police Service,Metropolitan Police Service,-0.009336,51.555852,On or near Supermarket,E01004430,Waltham Forest 026D,Burglary,Investigation complete; no suspect identified
850cd989c25c349295621648e59f084f2acd0c5b2b280427d43a4dcecf662b95,2024-07,Metropolitan Police Service,Metropolitan Police Service,-0.007135,51.557658,On or near Alexandra Road,E01004430,Waltham Forest 026D,Burglary,Investigation complete; no suspect identified
8ec9e82b7d522dfe792d83a3a57634adc4f6bfa995932595be6cd3147d67af33,2024-07,Metropolitan Police Service,Metropolitan Police Service,-0.010292,51.557064,On or near Ruckholt Road,E01004430,Waltham Forest 026D,Burglary,Investigation complete; no suspect identified
47e4f04597e20bfbf8d00b81ffe3ed9bcdae798ad40d705f93da4c22995bddd1,2024-07,Metropolitan Police Service,Metropolitan Police Service,-0.010356,51.559232,On or near Lyttelton Road,E01004430,Waltham Forest 026D,Burglary,Investigation complete; no suspect identified
4ccb5739c6f40618baf73bfffcdfea23eb2f79e25ecda051eacbf414318d002e,2024-07,Metropolitan Police Service,Metropolitan Police Service,-0.009336,51.555852,On or near Supermarket,E01004430,Waltham Forest 026D,Burglary,Investigation complete; no suspect identified
9d12954a9acaf3da73c7a7a6dcf739bccd94520aa4ef614532a9a69b605daf07,2024-07,Metropolitan Police Service,Metropolitan Police Service,-0.011872,51.560526,On or near Brisbane Road,E01004430,Waltham Forest 026D,Burglary,Investigation complete; no suspect identified
bbd6d9bc4169fe494f07c5746fc74226fd9fa1095527a71743e35ff34780015e,2024-07,Metropolitan Police Service,Metropolitan Police Service,-0.010356,51.559232,On or near Lyttelton Road,E01004430,Waltham Forest 026D,Burglary,Investigation complete; no suspect identified
f2df177f6212df3fa12848236617ec2b6f525cfbeade9cd7f371cbbcd97da085,2024-07,Metropolitan Police Service,Metropolitan Police Service,-0.009336,51.555852,On or near Supermarket,E01004430,Waltham Forest 026D,Burglary,Investigation complete; no suspect identified
000b25742e9b2103e0b868223bbc3d04494ba8361946c4b2e1a84bb482a8c9b7,2024-07,Metropolitan Police Service,Metropolitan Police Service,-0.018818,51.566678,On or near Grange Road,E01004434,Waltham Forest 026E,Burglary,Investigation complete; no suspect identified
fd4362f52e34b52cb8c3f9ac72f3d205d5ff864704a3cb4e20de02c32eb6d01a,2024-07,Metropolitan Police Service,Metropolitan Police Service,0.002698,51.55589,On or near Oakum Square,E01004335,Waltham Forest 027A,Burglary,Investigation complete; no suspect identified
8fe1f9bf81e49fcc356047b1542db3bf0d0732b57764e51fec3efd11b74540cc,2024-07,Metropolitan Police Service,Metropolitan Police Service,0.000607,51.554909,On or near Brierley Road,E01004335,Waltham Forest 027A,Burglary,Investigation complete; no suspect identified
6a9fbaa50738b60fed0f305996b132459ecc6c55823b807946a12b87c48fc116,2024-07,Metropolitan Police Service,Metropolitan Police Service,0.004166,51.55385,On or near Victoria Road,E01004335,Waltham Forest 027A,Burglary,Status update unavailable
f97f06aa290f860ea82d4d7c6cd220fae3720a2d99e63675d210d6199cf726a1,2024-07,Metropolitan Police Service,Metropolitan Police Service,0.004102,51.554346,On or near Thorne Close,E01004335,Waltham Forest 027A,Burglary,Investigation complete; no suspect identified
822f0f2608dc96ba5b85b477b2df313a339de04a71c1bb439dce6c07315c3d1c,2024-07,Metropolitan Police Service,Metropolitan Police Service,-0.002181,51.555496,On or near Frith Road,E01004338,Waltham Forest 027C,Burglary,Investigation complete; no suspect identified
030c7854fcfc14a76d2df4ee19a4d214195151c90db2327b7254d3995d5760a6,2024-07,Metropolitan Police Service,Metropolitan Police Service,0.001652,51.557365,On or near North Birkbeck Road,E01004340,Waltham Forest 027E,Burglary,Unable to prosecute suspect
aaf586da2e70b357e383d270f474819bf578fe41d0912a32993d25d0a9001831,2024-07,Metropolitan Police Service,Metropolitan Police Service,0.002431,51.558997,On or near Hollydown Way,E01004340,Waltham Forest 027E,Burglary,Investigation complete; no suspect identified
d3cec8938f20e5f890489fb4a3668863a571050a4b1f647092931ee916fde3cd,2024-07,Metropolitan Police Service,Metropolitan Police Service,0.003784,51.559927,On or near Cathall Road,E01004341,Waltham Forest 027F,Burglary,Status update unavailable
b2f9db4ccc551ddc479dbdf4310af91a3071df89ba3926a0ff8e9262c8e52bc8,2024-07,Metropolitan Police Service,Metropolitan Police Service,0.011707,51.559324,On or near Harrow Road,E01004327,Waltham Forest 028A,Burglary,Investigation complete; no suspect identified
2ef1c239e567899052bda93b5fabad62b5425a0266592ac877d410593a6d5ce4,2024-07,Metropolitan Police Service,Metropolitan Police Service,0.008578,51.558388,On or near Howard Road,E01004328,Waltham Forest 028B,Burglary,Investigation complete; no suspect identified
2132fd2ce52cb13774763cf9674252c0addcc3651f348e93354f9fe62c602571,2024-07,Metropolitan Police Service,Metropolitan Police Service,0.016681,51.557953,On or near Cobbold Road,E01004329,Waltham Forest 028C,Burglary,Investigation complete; no suspect identified
f989d855b449c88e5c225437961b72bf7ad7a8b693ee9f3735c1a7334b75ad2c,2024-07,Metropolitan Police Service,Metropolitan Police Service,0.009475,51.551242,On or near Janson Road,E01004332,Waltham Forest 028F,Burglary,Investigation complete; no suspect identified
9190977046626d37369accec1af55876adc148eb0eaf91369ab954b170fcd41e,2024-07,Metropolitan Police Service,Metropolitan Police Service,-0.161739,51.472505,On or near St James'S Grove,E01004540,Wandsworth 003B,Burglary,Investigation complete; no suspect identified
fc0baf47de857d6e23403901ee2b41497ae0f52a0919230225b35645b7e0577a,2024-07,Metropolitan Police Service,Metropolitan Police Service,-0.164326,51.471899,On or near Latchmere Street,E01004540,Wandsworth 003B,Burglary,Investigation complete; no suspect identified
e9c7ee3ed0d788cbb48675c04f3dce6af0a57cbc7c522c2bf2960bee0e13fc99,2024-07,Metropolitan Police Service,Metropolitan Police Service,-0.164326,51.471899,On or near Latchmere Street,E01004540,Wandsworth 003B,Burglary,Investigation complete; no suspect identified
0c0105ff2d8982dd25e0cf95a92c18a5a2fb666f15405a357792ce25ede174eb,2024-07,Metropolitan Police Service,Metropolitan Police Service,-0.16401,51.473674,On or near Foxmore Street,E01004577,Wandsworth 003C,Burglary,Investigation complete; no suspect identified
49386fbc49820dd0ca6170d8e551b1093fc326619d5183787e116ae99b84a7cd,2024-07,Metropolitan Police Service,Metropolitan Police Service,-0.167228,51.47278,On or near Banbury Street,E01004579,Wandsworth 004B,Burglary,Investigation complete; no suspect identified
f0d6d2b119469fe867a13fc76052a1b591292d320ca77cdce2ca3798809e4e2b,2024-07,Metropolitan Police Service,Metropolitan Police Service,-0.171177,51.470882,On or near Simpson Street,E01004580,Wandsworth 004C,Burglary,Investigation complete; no suspect identified
aeb7a591c7870f669f331e2dfd233b107652683a63023802d536c62ad3a26282,2024-07,Metropolitan Police Service,Metropolitan Police Service,-0.171177,51.470882,On or near Simpson Street,E01004580,Wandsworth 004C,Burglary,Investigation complete; no suspect identified
78d44886028f8dcc24103f6373e58d0c7347a1a9fdd00fa148cfdae1dff306f6,2024-07,Metropolitan Police Service,Metropolitan Police Service,-0.171177,51.470882,On or near Simpson Street,E01004580,Wandsworth 004C,Burglary,Unable to prosecute suspect
5ce11428ea60a960659a2ac0456a15463de13c102fc6beb4c53036feb5cce54a,2024-07,Metropolitan Police Service,Metropolitan Police Service,-0.168825,51.471375,On or near Bullen Street,E01004580,Wandsworth 004C,Burglary,Investigation complete; no suspect identified
070d0d5d43a7a1a07f80cbb3e1db0a1b3b0721ba5a0e879d995a0614c1a923bc,2024-07,Metropolitan Police Service,Metropolitan Police Service,-0.174167,51.476054,On or near Sunbury Lane,E01004581,Wandsworth 004D,Burglary,Unable to prosecute suspect
6926b887d6e9254219b3b274d35615a68a6d703b15e4c76b608ae47df3a2345d,2024-07,Metropolitan Police Service,Metropolitan Police Service,-0.17874,51.469003,On or near Bridges Court,E01033099,Wandsworth 004E,Burglary,Investigation complete; no suspect identified
ea930e322410a09bec9a6b99ac3f6fd9cf1a105bc164c3fa2690d85533fbae56,2024-07,Metropolitan Police Service,Metropolitan Police Service,-0.175545,51.471489,On or near Gwynne Road,E01033133,Wandsworth 004G,Burglary,Unable to prosecute suspect
f71656bd0c9ef057a1fa91e9cfc6fb4396e81ea28abc0e14659952cc3583cfa5,2024-07,Metropolitan Police Service,Metropolitan Police Service,-0.180322,51.46686,On or near Square Rigger Row,E01035488,Wandsworth 004H,Burglary,Investigation complete; no suspect identified
d53b07b42b2f09492842ee2fb6297068e8aa093f0ef978d65a44c21fee4c5242,2024-07,Metropolitan Police Service,Metropolitan Police Service,-0.181921,51.465743,On or near Chatfield Road,E01035488,Wandsworth 004H,Burglary,Investigation complete; no suspect identified
4829368b23dc28e9e35bf09724f675a203dfa93c59fa288df191342c710a6ebd,2024-07,Metropolitan Police Service,Metropolitan Police Service,-0.181465,51.465637,On or near Supermarket,E01035488,Wandsworth 004H,Burglary,Investigation complete; no suspect identified
576d7814a8eab86d74175a7b130baa65310b4843654fdc3314b1f7483e1eb1f9,2024-07,Metropolitan Police Service,Metropolitan Police Service,-0.181921,51.465743,On or near Chatfield Road,E01035488,Wandsworth 004H,Burglary,Unable to prosecute suspect
2c44b8a4fd294ac0b7c6f837d6eea3a09e925d460d0871cb79c174cf2e8050ad,2024-07,Metropolitan Police Service,Metropolitan Police Service,-0.182596,51.46543,On or near Mendip Road,E01035488,Wandsworth 004H,Burglary,Investigation complete; no suspect identified
5445e7c3242a4696f2702ccc45cc015737ca3af318a9e43ca9250abb1cc37b1f,2024-07,Metropolitan Police Service,Metropolitan Police Service,-0.1473,51.469922,On or near Thackeray Road,E01004565,Wandsworth 005A,Burglary,Investigation complete; no suspect identified
a26f4a2c14d896832a6b11299547d4d56eacb023676b057bd264ac82d1b6c52b,2024-07,Metropolitan Police Service,Metropolitan Police Service,-0.148733,51.470817,On or near St Philip Square,E01004565,Wandsworth 005A,Burglary,Investigation complete; no suspect identified
da89b11f440c30f059ed3b220b028c7cb4e0c7cea35046d7a414eb9b2d18bf91,2024-07,Metropolitan Police Service,Metropolitan Police Service,-0.153049,51.465903,On or near Supermarket,E01004591,Wandsworth 005C,Burglary,Investigation complete; no suspect identified
d1776ff1ae12a8e2c21d643a11d3097a5240f074cb0b1e6fd7dcb628f88d75c0,2024-07,Metropolitan Police Service,Metropolitan Police Service,-0.152652,51.465762,On or near Crosland Place,E01004591,Wandsworth 005C,Burglary,Investigation complete; no suspect identified
8b85829bf0a9f6f4db89b289ec50f45d51b73f32e595e96daf9577e9e5bc75db,2024-07,Metropolitan Police Service,Metropolitan Police Service,-0.157598,51.468421,On or near Ashbury Road,E01004592,Wandsworth 005D,Burglary,Unable to prosecute suspect
7fc11ed11702fd449a160753d443b0037ce223aecb8b75adbcfc0fc9d8e6e837,2024-07,Metropolitan Police Service,Metropolitan Police Service,-0.221527,51.468716,On or near Rotherwood Road,E01004606,Wandsworth 006C,Burglary,Investigation complete; no suspect identified
8ad15bdcd6e2b7a0d5ac46ded3cff6a7cf4d377026a3b62b14d05bb9a0ee17b1,2024-07,Metropolitan Police Service,Metropolitan Police Service,-0.216996,51.467136,On or near Thames Place,E01004608,Wandsworth 006E,Burglary,Investigation complete; no suspect identified
9cdfa06fc6702d5d936a66f9e4e5a0be66673483281f39f614a0d03e044e050b,2024-07,Metropolitan Police Service,Metropolitan Police Service,-0.216172,51.464624,On or near Walker'S Place,E01004608,Wandsworth 006E,Burglary,Investigation complete; no suspect identified
f7f38802513118a1f2e4f867b4c508b5892729d59100a89a62811547be2ee35a,2024-07,Metropolitan Police Service,Metropolitan Police Service,-0.216172,51.464624,On or near Walker'S Place,E01004608,Wandsworth 006E,Burglary,Investigation complete; no suspect identified
aa77f56824660f51bf191c4e4ab74b635e20b6218efacf22aac4cf4c7240b8ef,2024-07,Metropolitan Police Service,Metropolitan Police Service,-0.18361,51.463098,On or near Eltringham Street,E01004538,Wandsworth 007C,Burglary,Investigation complete; no suspect identified
a17c872c9028d840fbcd8b9cb4a1b5d43c1b227c88357eac4738778ae7bfdaa5,2024-07,Metropolitan Police Service,Metropolitan Police Service,-0.173058,51.468501,On or near Wolftencroft Close,E01004541,Wandsworth 007D,Burglary,Unable to prosecute suspect
b016de4f7ad5dc6ef19d42447f5d2263ef5a28009ac7db8ed9a8394d458b9d39,2024-07,Metropolitan Police Service,Metropolitan Police Service,-0.174009,51.468471,On or near Heaver Road,E01004541,Wandsworth 007D,Burglary,Investigation complete; no suspect identified
7ab6f51f91433302ff4ab9f0fee2047119ab4d83b70912bf71a70e3036be7cba,2024-07,Metropolitan Police Service,Metropolitan Police Service,-0.174977,51.468756,On or near Wye Street,E01004541,Wandsworth 007D,Burglary,Investigation complete; no suspect identified
3c8068d83016b3df8ea8943fc1e48087120650b3dcd2671e3de4a01d32c9415d,2024-07,Metropolitan Police Service,Metropolitan Police Service,-0.16096,51.470389,On or near Sheepcote Lane,E01004534,Wandsworth 008A,Burglary,Investigation complete; no suspect identified
13da165e8981d4f5577e12fe457857504438c28d4acb689a6558e9e5a70c89c1,2024-07,Metropolitan Police Service,Metropolitan Police Service,-0.170735,51.469715,On or near Patience Road,E01004534,Wandsworth 008A,Burglary,Unable to prosecute suspect
73bd5d7dfcb6d56cfeeb0054089e3a23d83a32a9632c3fc2847c74dcd5fb6cec,2024-07,Metropolitan Police Service,Metropolitan Police Service,-0.166154,51.458636,On or near Mallinson Road,E01004552,Wandsworth 008C,Burglary,Investigation complete; no suspect identified
348804ddfffe2a27b4045649be0d3761cf945bee43a57a72c94047517e5cdcc0,2024-07,Metropolitan Police Service,Metropolitan Police Service,-0.166154,51.458636,On or near Mallinson Road,E01004552,Wandsworth 008C,Burglary,Investigation complete; no suspect identified
b0daf9174b53dd27c2be861ccedbb2b52f2487aa04fbd8931a6fb09a47471a5e,2024-07,Metropolitan Police Service,Metropolitan Police Service,-0.16813,51.460699,On or near Battersea Rise,E01004552,Wandsworth 008C,Burglary,Investigation complete; no suspect identified
bf3ad447e2612b26988082c9f90a59b62b89716ae54f801de533858f6e85ac8d,2024-07,Metropolitan Police Service,Metropolitan Police Service,-0.163993,51.46621,On or near Dorothy Road,E01004588,Wandsworth 008E,Burglary,Investigation complete; no suspect identified
2b0361b489097c16a23c59732737adac8ecb46284445e8e09baebeddd6fa0639,2024-07,Metropolitan Police Service,Metropolitan Police Service,-0.164926,51.46484,On or near Parking Area,E01004588,Wandsworth 008E,Burglary,Investigation complete; no suspect identified
5429fc58c7eac5eb56e1b7b24da153f7c656ca16c6f32c0c8947372421e87864,2024-07,Metropolitan Police Service,Metropolitan Police Service,-0.164926,51.46484,On or near Parking Area,E01004588,Wandsworth 008E,Burglary,Investigation complete; no suspect identified
70f4d7202faa76b911b973fad8f9146958e028cc1e85206309bc0af3774bf23e,2024-07,Metropolitan Police Service,Metropolitan Police Service,-0.216707,51.462348,On or near Chelverton Road,E01004609,Wandsworth 010E,Burglary,Investigation complete; no suspect identified
53a26bdcc658da1a9f2cf45e8b10bc013e5c213e060f4bef9d0aa506f6a55cb9,2024-07,Metropolitan Police Service,Metropolitan Police Service,-0.207118,51.461662,On or near Brandlehow Road,E01033135,Wandsworth 010G,Burglary,Investigation complete; no suspect identified
6bf302e8fa8d7ddffc8402b5741568dd754e25149933b1cd9cfebb1a9bfaff99,2024-07,Metropolitan Police Service,Metropolitan Police Service,-0.189784,51.459156,On or near Tonsley Street,E01035491,Wandsworth 010I,Burglary,Investigation complete; no suspect identified
9ad439e2e49d55857f8c8d9c8683adb0398be50ed8af624d09fa69fa79c5f693,2024-07,Metropolitan Police Service,Metropolitan Police Service,-0.196532,51.46141,On or near Enterprise Way,E01035492,Wandsworth 010J,Burglary,Unable to prosecute suspect
0dec0989db2b210fddfb107305adb01834d4503234238085ef21b7ef9c2914f5,2024-07,Metropolitan Police Service,Metropolitan Police Service,-0.192168,51.457826,On or near Ram Street,E01035493,Wandsworth 010K,Burglary,Investigation complete; no suspect identified
ae8234c89fc44e75abdd0920adafe43cc6dd564bd2990964b0bb88ebabd5db50,2024-07,Metropolitan Police Service,Metropolitan Police Service,-0.193613,51.456967,On or near Wandsworth High Street,E01035493,Wandsworth 010K,Burglary,Investigation complete; no suspect identified
15a609ad730edd0cb8e303634dfb24d1d851232b6ffc3b65b6043547d4bfbd63,2024-07,Metropolitan Police Service,Metropolitan Police Service,-0.232223,51.461674,On or near Woodthorpe Road,E01004639,Wandsworth 011C,Burglary,Investigation complete; no suspect identified
e822cb4cbf630977ea183d381b185147a1b4f53ce2c136468f60f65cc256a86a,2024-07,Metropolitan Police Service,Metropolitan Police Service,-0.230846,51.464162,On or near Breasley Close,E01004639,Wandsworth 011C,Burglary,Investigation complete; no suspect identified
940daed0bd07d30940b122bb70d2fe5a831d8a5b97fed7ecd97842b25a77d220,2024-07,Metropolitan Police Service,Metropolitan Police Service,-0.177687,51.459284,On or near Elsynge Road,E01004508,Wandsworth 012A,Burglary,Investigation complete; no suspect identified
59eff97fc3559e87d8e2cce32f2ce608017f3f8303e2a2ce679a3ce91b880f26,2024-07,Metropolitan Police Service,Metropolitan Police Service,-0.173606,51.46163,On or near St John'S Hill,E01004508,Wandsworth 012A,Burglary,Investigation complete; no suspect identified
d7a576819568606ef4c5245d3ab23ba22aef74d2516d37a3d30e236be311bd15,2024-07,Metropolitan Police Service,Metropolitan Police Service,-0.166019,51.463067,On or near Beauchamp Road,E01004551,Wandsworth 012E,Burglary,Investigation complete; no suspect identified
d0e8d873cb774fcdee19c62591575b7dc4a20300ee58df5fe9546ad3afb3962a,2024-07,Metropolitan Police Service,Metropolitan Police Service,-0.169321,51.461509,On or near Comyn Road,E01004551,Wandsworth 012E,Burglary,Unable to prosecute suspect
f5f790b049198ebb43ce41a9628de4a8f27bf3206b35b7d36d74d0e7629cc6a0,2024-07,Metropolitan Police Service,Metropolitan Police Service,-0.169321,51.461509,On or near Comyn Road,E01004551,Wandsworth 012E,Burglary,Investigation complete; no suspect identified
06826b6afab9e8974bdd619eb666cf62e40eabdf8c9db3f5f41ada40a593052f,2024-07,Metropolitan Police Service,Metropolitan Police Service,-0.251317,51.453634,On or near Sherfield Gardens,E01004576,Wandsworth 013D,Burglary,Unable to prosecute suspect
745069277c84f304aba5f223daab87cbc3700769bf5528733afeeaef0e5b91f0,2024-07,Metropolitan Police Service,Metropolitan Police Service,-0.223105,51.459216,On or near Gwendolen Close,E01004501,Wandsworth 014B,Burglary,Investigation complete; no suspect identified
9a99af834b7370e91e8bcc3ec4014e17b3e78003a57ff4f41de778452ffa1164,2024-07,Metropolitan Police Service,Metropolitan Police Service,-0.206862,51.458259,On or near Normanby Close,E01004507,Wandsworth 014E,Burglary,Investigation complete; no suspect identified
a99637943cd66fc23c8ad8b41c386c9f3e82b4596d70774f1694350fe8cf95e1,2024-07,Metropolitan Police Service,Metropolitan Police Service,-0.208937,51.459307,On or near Woodlands Way,E01004507,Wandsworth 014E,Burglary,Awaiting court outcome
34ab4657253a4694fab708b23db1c68b1f3d4a6202261f2bf4d0ad02dd592859,2024-07,Metropolitan Police Service,Metropolitan Police Service,-0.211439,51.456809,On or near Keswick Road,E01004507,Wandsworth 014E,Burglary,Investigation complete; no suspect identified
491c2b7ca1cc50cdb3123e4317ff0f374eb831761692f196bac5553d09f56eb8,2024-07,Metropolitan Police Service,Metropolitan Police Service,-0.209964,51.458819,On or near Supermarket,E01004507,Wandsworth 014E,Burglary,Investigation complete; no suspect identified
987858aeb051af131e27f209df4aaeb73a755cd8b37a52160775ffc3d07e1e80,2024-07,Metropolitan Police Service,Metropolitan Police Service,-0.211087,51.458809,On or near East Putney,E01004507,Wandsworth 014E,Burglary,Investigation complete; no suspect identified
a5e5e8bdae24c3765eaa50d0f9fcbfdfdb857e31082c56c77e359e86e0981e42,2024-07,Metropolitan Police Service,Metropolitan Police Service,-0.160641,51.455753,On or near Chatto Road,E01004558,Wandsworth 015C,Burglary,Investigation complete; no suspect identified
6aba44c8119953a0952ea06427814e4f0f6b2f524075677b8349a00063c8b654,2024-07,Metropolitan Police Service,Metropolitan Police Service,-0.222856,51.456002,On or near Cotman Close,E01004643,Wandsworth 016C,Burglary,Investigation complete; no suspect identified
50147b809bd77364563287f5cad260b6bbe168c360d453cfc46b56059e6886e4,2024-07,Metropolitan Police Service,Metropolitan Police Service,-0.189712,51.447879,On or near Eton Close,E01004494,Wandsworth 018A,Burglary,Investigation complete; no suspect identified
74a0deb75008a9e440230130ce9ab1242bade43e9d7b28260ea11888ad4ee435,2024-07,Metropolitan Police Service,Metropolitan Police Service,-0.18945,51.450141,On or near Treport Street,E01004494,Wandsworth 018A,Burglary,Investigation complete; no suspect identified
f69841a02021be674c344e77d69eb88363a81c87b07ad1a903cce47be8e9c0ce,2024-07,Metropolitan Police Service,Metropolitan Police Service,-0.190949,51.452268,On or near Iron Mill Place,E01004513,Wandsworth 018B,Burglary,Investigation complete; no suspect identified
d5ce362a0d27e21bc8f3cca5d3c4eb1c4bc7a7b1f086420b41a8f5392fdd1d81,2024-07,Metropolitan Police Service,Metropolitan Police Service,-0.189216,51.454579,On or near Denton Street,E01004513,Wandsworth 018B,Burglary,Investigation complete; no suspect identified
02934df25a8fbbac9c7e9830505d205f1d86cf31e2d78a0ede005c2b7beee29c,2024-07,Metropolitan Police Service,Metropolitan Police Service,-0.193603,51.452848,On or near Mapleton Road,E01004601,Wandsworth 018D,Burglary,Investigation complete; no suspect identified
0d4f7c1ee3d80a39ffce8a0175879962aee618c82580f3038b7238fd6d94244d,2024-07,Metropolitan Police Service,Metropolitan Police Service,-0.193603,51.452848,On or near Mapleton Road,E01004601,Wandsworth 018D,Burglary,Investigation complete; no suspect identified
17cb62913cb4a101a347c2c70a27b04ed47a3534b4cd9d3c052833c120bcd182,2024-07,Metropolitan Police Service,Metropolitan Police Service,-0.195905,51.456877,On or near Hardwick'S Square,E01035494,Wandsworth 018E,Burglary,Investigation complete; no suspect identified
de698d7e35e52ee0f96902287a4dcb190e68cefd02aba4f6852c40ee6b40d442,2024-07,Metropolitan Police Service,Metropolitan Police Service,-0.196951,51.45701,On or near Dutch Yard,E01035494,Wandsworth 018E,Burglary,Unable to prosecute suspect
a22de3bce1194ccc261559f85b1fe5413784442161d7ba25a2c11f6e731f9896,2024-07,Metropolitan Police Service,Metropolitan Police Service,-0.195905,51.456877,On or near Hardwick'S Square,E01035494,Wandsworth 018E,Burglary,Investigation complete; no suspect identified
187a0000884a3de14f2967d1d391d9de1240e21058f0a6c8a536038c7f8ab907,2024-07,Metropolitan Police Service,Metropolitan Police Service,-0.193646,51.454657,On or near Shopping Area,E01035495,Wandsworth 018F,Burglary,Unable to prosecute suspect
08a6f88cbf6b180c9fa9ff733226886c0fcc02c5ec2bdb110c8173aad282a3ea,2024-07,Metropolitan Police Service,Metropolitan Police Service,-0.18829,51.445986,On or near Atheldene Road,E01004493,Wandsworth 019A,Burglary,Investigation complete; no suspect identified
ce3495e7e9b26897de3d875b82fd29b2ebb1a3acacf5eaea2d4fb4e3e7cd7802,2024-07,Metropolitan Police Service,Metropolitan Police Service,-0.183914,51.451089,On or near Jeypore Road,E01004620,Wandsworth 019C,Burglary,Investigation complete; no suspect identified
ec0401f4af477a8d1d8c5d708faa3031afe483911b0f1b5fc6dae8e06b770da3,2024-07,Metropolitan Police Service,Metropolitan Police Service,-0.203772,51.457051,On or near Galveston Road,E01004499,Wandsworth 020A,Burglary,Investigation complete; no suspect identified
9b7786422fb816b54ca6b8e2bf3baf45b1c0d87bded7eeb2e3c72fb083ddfc44,2024-07,Metropolitan Police Service,Metropolitan Police Service,-0.208074,51.45415,On or near Coldstream Gardens,E01004504,Wandsworth 020C,Burglary,Investigation complete; no suspect identified
0b6b0b64330f1368a65dc521717d612dd6ffc41b598057c2264793770c7be40c,2024-07,Metropolitan Police Service,Metropolitan Police Service,-0.204162,51.441986,On or near Heythorp Street,E01004596,Wandsworth 020E,Burglary,Investigation complete; no suspect identified
ab5da10c065b46806085e1977e398ff7ab2b108fa760868fce3d4d167ddf3aa0,2024-07,Metropolitan Police Service,Metropolitan Police Service,-0.209219,51.447702,On or near Arcadian Place,E01004629,Wandsworth 020F,Burglary,Unable to prosecute suspect
525f666da045d0ae268e1745920b1d857e07c95cd3be0a6395e77f6d50c5b727,2024-07,Metropolitan Police Service,Metropolitan Police Service,-0.148374,51.448726,On or near Supermarket,E01004472,Wandsworth 021A,Burglary,Unable to prosecute suspect
2f10814f3180c38f3a0496664bd2266eb02af338c826bda092f8f09127caf726,2024-07,Metropolitan Police Service,Metropolitan Police Service,-0.150584,51.447807,On or near Lochinvar Street,E01004472,Wandsworth 021A,Burglary,Investigation complete; no suspect identified
369edaba00f6fd2f52155711b1dd25bde5c79ab68bd8b07999c3e28cb085221a,2024-07,Metropolitan Police Service,Metropolitan Police Service,-0.151445,51.443954,On or near Supermarket,E01004474,Wandsworth 021B,Burglary,Investigation complete; no suspect identified
0b1dd02b371a07e9ef600f25363c0a2b4c7157e012f78d3181438e333a0e3a29,2024-07,Metropolitan Police Service,Metropolitan Police Service,-0.152469,51.443188,On or near Balham,E01004474,Wandsworth 021B,Burglary,Unable to prosecute suspect
eb6c22ff69320f6ffbc79b69dd1b8f8a6ce9d130213bc3bdb77b145bfc1cc41a,2024-07,Metropolitan Police Service,Metropolitan Police Service,-0.152469,51.443188,On or near Balham,E01004474,Wandsworth 021B,Burglary,Investigation complete; no suspect identified
cc9179212b3e3af158f7f02f01bd34df821f84dfcf70eed20cecd0add640d481,2024-07,Metropolitan Police Service,Metropolitan Police Service,-0.152469,51.443188,On or near Balham,E01004474,Wandsworth 021B,Burglary,Investigation complete; no suspect identified
73d70a4d1533dd4e0f7b5226bc0ba5c235e91240be7b274e0f2fe3a4dffc119e,2024-07,Metropolitan Police Service,Metropolitan Police Service,-0.147839,51.45271,On or near Clapham South,E01004476,Wandsworth 021C,Burglary,Investigation complete; no suspect identified
d22eac4b17b280d4b2326c95e626e42886c4ddfcd01445f2f2fef23970c638d6,2024-07,Metropolitan Police Service,Metropolitan Police Service,-0.147839,51.45271,On or near Clapham South,E01004476,Wandsworth 021C,Burglary,Investigation complete; no suspect identified
63f90152b23c9c84f161157f6caa1d5215242f23345ccefd29fb6ede58a1e7a0,2024-07,Metropolitan Police Service,Metropolitan Police Service,-0.147091,51.450909,On or near Grove Place,E01004476,Wandsworth 021C,Burglary,Court result unavailable
3253374fd36b41125ddd148cc634f44205b6763cbecd85d3e80620367ce20cd2,2024-07,Metropolitan Police Service,Metropolitan Police Service,-0.147839,51.45271,On or near Clapham South,E01004476,Wandsworth 021C,Burglary,Investigation complete; no suspect identified
c08586206a2cd0d609a0e5561edf8a36d3c2755d064d6b4e6ea15c15c2f8440f,2024-07,Metropolitan Police Service,Metropolitan Police Service,-0.146367,51.450322,On or near Lynn Road,E01004476,Wandsworth 021C,Burglary,Investigation complete; no suspect identified
80c622bf1324615b196b24515ca151ad89cd2351b06f6e315d38161433786829,2024-07,Metropolitan Police Service,Metropolitan Police Service,-0.217173,51.448191,On or near Keevil Drive,E01004630,Wandsworth 022B,Burglary,Investigation complete; no suspect identified
d0ae240fec22fff4d286cda7f6c581d5d067bdaaa6b94ff0e57ee1db4f9fd2ee,2024-07,Metropolitan Police Service,Metropolitan Police Service,-0.215127,51.447882,On or near Beaumont Road,E01004630,Wandsworth 022B,Burglary,Unable to prosecute suspect
26af064bc693876c2ffedf30965f114716ac14adca7251359d9ab781dea23f4c,2024-07,Metropolitan Police Service,Metropolitan Police Service,-0.243608,51.448609,On or near Further/Higher Educational Building,E01004569,Wandsworth 023A,Burglary,Investigation complete; no suspect identified
f5cef227b38baa09c4b1115376c8bd8b638db5a19d036d653635698d38a64ae0,2024-07,Metropolitan Police Service,Metropolitan Police Service,-0.243697,51.447027,On or near Fontley Way,E01004570,Wandsworth 023B,Burglary,Investigation complete; no suspect identified
e37a783293a3d7eafea254d4ed1bf6c2711804185af796856bdf8fccf69b75c7,2024-07,Metropolitan Police Service,Metropolitan Police Service,-0.243697,51.447027,On or near Fontley Way,E01004570,Wandsworth 023B,Burglary,Investigation complete; no suspect identified
af9f8f6d33f13758cbbca365f15ab780fba3e573b766a33502c3a153c71582b5,2024-07,Metropolitan Police Service,Metropolitan Police Service,-0.191516,51.447016,On or near Lydden Road,E01004495,Wandsworth 024A,Burglary,Unable to prosecute suspect
4af057962e760108b6af049542ec057e59b62905606e11134adf4f240c552af0,2024-07,Metropolitan Police Service,Metropolitan Police Service,-0.19156,51.443357,On or near Duntshill Road,E01004495,Wandsworth 024A,Burglary,Investigation complete; no suspect identified
189bb57de02b35c25ff08b5b47fcd328ca73e0e05680695156a13ed72b492d9c,2024-07,Metropolitan Police Service,Metropolitan Police Service,-0.189127,51.442294,On or near Thornsett Road,E01004496,Wandsworth 024B,Burglary,Investigation complete; no suspect identified
c78424947e656a79b94276405edc0bd0e622f456d1f6db391cf9137c10cbc4f1,2024-07,Metropolitan Police Service,Metropolitan Police Service,-0.189127,51.442294,On or near Thornsett Road,E01004496,Wandsworth 024B,Burglary,Unable to prosecute suspect
69c2fc758034fae58515cd2bec0f23a6a6dd4d1d0ae546cd5448e542de0e8d7f,2024-07,Metropolitan Police Service,Metropolitan Police Service,-0.192479,51.443047,On or near Riverdale Drive,E01004598,Wandsworth 025D,Burglary,Investigation complete; no suspect identified
9928c0a2f32901c4b8aca05b19c071de9248133c01b0b66b3e07d0d815801387,2024-07,Metropolitan Police Service,Metropolitan Police Service,-0.199106,51.439921,On or near Durnsford Avenue,E01004599,Wandsworth 025E,Burglary,Unable to prosecute suspect
b909b865a83ca95d7f8789e4b96568ec3de73712821e5283760d15d1ea8a54a5,2024-07,Metropolitan Police Service,Metropolitan Police Service,-0.146762,51.447315,On or near Ravenswood Road,E01004473,Wandsworth 026A,Burglary,Investigation complete; no suspect identified
3697cf6c97aed59d5764bb56a65bd58be4a732326acebf4cbfb789b2d708aef9,2024-07,Metropolitan Police Service,Metropolitan Police Service,-0.14931,51.444082,On or near Shipka Road,E01004475,Wandsworth 026B,Burglary,Investigation complete; no suspect identified
6c763e00c0d60a2ac7e467faceb8bb54700b6cca3cb84a6af1171a3d5376e3e8,2024-07,Metropolitan Police Service,Metropolitan Police Service,-0.144914,51.451018,On or near Gaskarth Road,E01004480,Wandsworth 026C,Burglary,Investigation complete; no suspect identified
0f85bd9a1c57efb8c36d728ad639ad7d27b8865216d2a43799556c094816ccfe,2024-07,Metropolitan Police Service,Metropolitan Police Service,-0.143804,51.450695,On or near Westlands Terrace,E01004480,Wandsworth 026C,Burglary,Investigation complete; no suspect identified
8292771cca0c98483c5fb1da12a29c48057ff7afd7646999a77957302f9a6447,2024-07,Metropolitan Police Service,Metropolitan Police Service,-0.152074,51.430151,On or near Molyneux Drive,E01004483,Wandsworth 026D,Burglary,Investigation complete; no suspect identified
3cdd1b641eeeb85dd135db34f50ccc3a1396b8aad2da266ae08ff4fbd80e2453,2024-07,Metropolitan Police Service,Metropolitan Police Service,-0.150626,51.430749,On or near Macmillan Way,E01004483,Wandsworth 026D,Burglary,Investigation complete; no suspect identified
ac99c034afaf203c5eab9c5862db37cdef138f86f1e26bca9bf028ac197c9df1,2024-07,Metropolitan Police Service,Metropolitan Police Service,-0.14599,51.441134,On or near Byrne Road,E01004484,Wandsworth 026E,Burglary,Investigation complete; no suspect identified
d14d84c3982b43bca0b73ef46b6ff867402f1c1d00c2b14e3d42fa9c3fc2d8ea,2024-07,Metropolitan Police Service,Metropolitan Police Service,-0.156162,51.442599,On or near Pakenham Close,E01004545,Wandsworth 027B,Burglary,Investigation complete; no suspect identified
bbc09540f033787c25974553cb21427fac49134267e7f31e44ef4cc4ca0bfad0,2024-07,Metropolitan Police Service,Metropolitan Police Service,-0.16586,51.43615,On or near Bevin Square,E01004626,Wandsworth 027F,Burglary,Investigation complete; no suspect identified
7d2839cdf8a891af720b524bfc11942b80ec3146f9f4b8591e458cd16f39883b,2024-07,Metropolitan Police Service,Metropolitan Police Service,-0.220215,51.442123,On or near Limpsfield Avenue,E01004634,Wandsworth 028B,Burglary,Investigation complete; no suspect identified
e1d59ddd74907a8571ce52b41d0b6c64b45bd4ee7d9af8deb7200ad64c68eb79,2024-07,Metropolitan Police Service,Metropolitan Police Service,-0.216857,51.44298,On or near Levana Close,E01004635,Wandsworth 028C,Burglary,Investigation complete; no suspect identified
371b54ecc45b4923b87abf39d93f4beb37f157ba28d6476c8a85758c0616de32,2024-07,Metropolitan Police Service,Metropolitan Police Service,-0.222464,51.439774,On or near Chapman Square,E01004636,Wandsworth 028D,Burglary,Investigation complete; no suspect identified
0dcb81186955e20074b9402904e0da351a23a235c2992d2680ad6f1257501c71,2024-07,Metropolitan Police Service,Metropolitan Police Service,-0.156863,51.442358,On or near Hunter Close,E01004548,Wandsworth 029D,Burglary,Investigation complete; no suspect identified
a21c922a1acc9c85470a80a487d78a293d524ac708b34bb3df4f252baf15d35b,2024-07,Metropolitan Police Service,Metropolitan Police Service,-0.150313,51.441337,On or near Larch Close,E01004485,Wandsworth 030B,Burglary,Investigation complete; no suspect identified
18530e4c6e872fe4cc8913262c6acbea9039b6a426487433b8433524cfb97163,2024-07,Metropolitan Police Service,Metropolitan Police Service,-0.153998,51.441665,On or near Supermarket,E01004485,Wandsworth 030B,Burglary,Investigation complete; no suspect identified
bf1277f7a71ce6619ab2915787cc7d8436ea356e80f873b14d9fe2f7a7470efc,2024-07,Metropolitan Police Service,Metropolitan Police Service,-0.153998,51.441665,On or near Supermarket,E01004485,Wandsworth 030B,Burglary,Unable to prosecute suspect
0c57a6d7f3fcdf0cb636e59655dff8a831b52c877f7de1c8c665bc14ddd78cff,2024-07,Metropolitan Police Service,Metropolitan Police Service,-0.176231,51.435494,On or near Lanesborough Way,E01004491,Wandsworth 031B,Burglary,Investigation complete; no suspect identified
f65aaa1ebf4718a2199a726ad5025307085d55eef823ef5b0ff4a55160c1b576,2024-07,Metropolitan Police Service,Metropolitan Police Service,-0.160065,51.43213,On or near Hillbrook Road,E01004611,Wandsworth 032B,Burglary,Investigation complete; no suspect identified
30ed8614e2f1f1dea0d424faf9c3320d8c13329a87fa7c50eb7afc9bb1965229,2024-07,Metropolitan Police Service,Metropolitan Police Service,-0.16208,51.433186,On or near Ravenfield Road,E01004611,Wandsworth 032B,Burglary,Investigation complete; no suspect identified
b253210d0f45461789ce8721e2bb9f272ec5aa63d34343be376d0fb8ee8c1c30,2024-07,Metropolitan Police Service,Metropolitan Police Service,-0.16208,51.433186,On or near Ravenfield Road,E01004611,Wandsworth 032B,Burglary,Investigation complete; no suspect identified
e1316edca8535fa67ee08f8e310555b721c9d835768ecf800918b7ddeccf1ae0,2024-07,Metropolitan Police Service,Metropolitan Police Service,-0.16208,51.433186,On or near Ravenfield Road,E01004611,Wandsworth 032B,Burglary,Investigation complete; no suspect identified
16de8018c54c8648bc56c6fb89fbaf180491a0b37317a16416217ffdd4ebc682,2024-07,Metropolitan Police Service,Metropolitan Police Service,-0.167093,51.432662,On or near Fishponds Road,E01004612,Wandsworth 032C,Burglary,Court result unavailable
93ea0d33d4b4c08124dfba3bd688eed2cb211b39dbed9627bce8dc3767c0720d,2024-07,Metropolitan Police Service,Metropolitan Police Service,-0.167249,51.42914,On or near Supermarket,E01004613,Wandsworth 033D,Burglary,Investigation complete; no suspect identified
a33fbd1e65539551d3317d71d79cb65b384179df9a0930dac3a0037cb2628d8e,2024-07,Metropolitan Police Service,Metropolitan Police Service,-0.170285,51.428387,On or near Garratt Terrace,E01004616,Wandsworth 034C,Burglary,Investigation complete; no suspect identified
b156ea9922609497df3b391bbfd83a5d983603b8d54f09c3ae496229d932d4ed,2024-07,Metropolitan Police Service,Metropolitan Police Service,-0.175746,51.426718,On or near Hospital,E01004617,Wandsworth 034D,Burglary,Unable to prosecute suspect
af98e6ea46ec28837ace7091322b02abc99a190506fc43cce46fd717e7b6682c,2024-07,Metropolitan Police Service,Metropolitan Police Service,-0.165527,51.429374,On or near St Cyprian'S Street,E01004525,Wandsworth 035A,Burglary,Investigation complete; no suspect identified
5c0c1250731e89d2dc9e4b42879f6358cdc261672c06aa30c0ff277d6594e260,2024-07,Metropolitan Police Service,Metropolitan Police Service,-0.165281,51.426906,On or near Undine Street,E01004527,Wandsworth 035C,Burglary,Investigation complete; no suspect identified
36cb504927a94edeb2dbd65fc58731f0d4f969ec3d0fd2ddca4f41662dcef126,2024-07,Metropolitan Police Service,Metropolitan Police Service,-0.151657,51.420181,On or near Swain Close,E01004519,Wandsworth 036C,Burglary,Investigation complete; no suspect identified
f1a7d9c1843de8dd29a6d04d5a2f6d664db0dd790e33a893cdb01794b9211519,2024-07,Metropolitan Police Service,Metropolitan Police Service,-0.141311,51.423848,On or near Makers Row,E01004517,Wandsworth 037A,Burglary,Unable to prosecute suspect
89522847b50b257a8861f7ff4cce14102ff31bfdeb0671c955ec15f4cbc6fc17,2024-07,Metropolitan Police Service,Metropolitan Police Service,-0.139064,51.42178,On or near Eardley Road,E01004517,Wandsworth 037A,Burglary,Unable to prosecute suspect
2d173b20840377192be57139d8ecfb51f6467cbd83555e705a6a70718666e641,2024-07,Metropolitan Police Service,Metropolitan Police Service,-0.14266,51.424985,On or near Pretoria Road,E01004517,Wandsworth 037A,Burglary,Investigation complete; no suspect identified
b6c50bff278f7305130862aee1485c2a2a3a29dbe6873706612fb69fba9e23ee,2024-07,Metropolitan Police Service,Metropolitan Police Service,-0.148372,51.420678,On or near Edencourt Road,E01004522,Wandsworth 037C,Burglary,Unable to prosecute suspect
f80b37df4b9133ea4cd358afeb6d6b92ebb28ba0767ddb88d3691bc2db741e5c,2024-07,Metropolitan Police Service,Metropolitan Police Service,-0.147261,51.419329,On or near Fallsbrook Road,E01004522,Wandsworth 037C,Burglary,Unable to prosecute suspect
713ba640cbeea919638b54019a5efaf76f3306a5a9f2d67e0833862ae6ecb92f,2024-07,Metropolitan Police Service,Metropolitan Police Service,-0.143608,51.418633,On or near Anvil Close,E01004522,Wandsworth 037C,Burglary,Investigation complete; no suspect identified
9f7f36f3e3deb918832bf8a80c81a9a394957e5b31718fe0c320037ad1c86b50,2024-07,Metropolitan Police Service,Metropolitan Police Service,-0.148372,51.420678,On or near Edencourt Road,E01004522,Wandsworth 037C,Burglary,Investigation complete; no suspect identified
3b6cc0b7f3310bd0d122733bdda9f3e09cf240d753f29c6d6517a7c91675cf53,2024-07,Metropolitan Police Service,Metropolitan Police Service,-0.133851,51.481588,On or near Post Office Way,E01035496,Wandsworth 038A,Burglary,Investigation complete; no suspect identified
01ebab26ed2e40d1bf5b5fc28053cd3422faf0f712b4d230aab6e768dea38997,2024-07,Metropolitan Police Service,Metropolitan Police Service,-0.133851,51.481588,On or near Post Office Way,E01035496,Wandsworth 038A,Burglary,Investigation complete; no suspect identified
bb444c1cd3536cc70db6f3918fd4580eca852b85a2fc9eb21db56602ca675e49,2024-07,Metropolitan Police Service,Metropolitan Police Service,-0.148141,51.478317,On or near Petrol Station,E01033098,Wandsworth 038C,Burglary,Investigation complete; no suspect identified
dec8d5259668b9b9bd2e8c8ff6ab3e2b3ba931f6cea4c43770c9e5258d9d5649,2024-07,Metropolitan Police Service,Metropolitan Police Service,-0.148141,51.478317,On or near Petrol Station,E01033098,Wandsworth 038C,Burglary,Investigation complete; no suspect identified
9ff4a75c5d96983cd87bc46e766fc703ded78ef19fba5668b10bf70788494e48,2024-07,Metropolitan Police Service,Metropolitan Police Service,-0.149328,51.481725,On or near A3216,E01033098,Wandsworth 038C,Burglary,Investigation complete; no suspect identified
7ff703b7186b516e4a66672233b0d2710f3bfd4bfd9a853d0bbb2b66d84e76d8,2024-07,Metropolitan Police Service,Metropolitan Police Service,-0.149328,51.481725,On or near A3216,E01033098,Wandsworth 038C,Burglary,Investigation complete; no suspect identified
b0f1c4b73b193494ca7bdc735b3f8e1db05f8c04eebd9f4645c9d0616493cc39,2024-07,Metropolitan Police Service,Metropolitan Police Service,-0.148141,51.478317,On or near Petrol Station,E01033098,Wandsworth 038C,Burglary,Investigation complete; no suspect identified
1fe8c40e24625216ee0051e00137525e0c9a9ddcf8b8dc5f75b7a224cfee5748,2024-07,Metropolitan Police Service,Metropolitan Police Service,-0.149328,51.481725,On or near A3216,E01033098,Wandsworth 038C,Burglary,Investigation complete; no suspect identified
557a87bfc742746db462e7249cc7a1eeec6b857716083a8f4526d296af26d1cd,2024-07,Metropolitan Police Service,Metropolitan Police Service,-0.141574,51.47761,On or near Ascalon Street,E01033132,Wandsworth 038D,Burglary,Investigation complete; no suspect identified
077082e1b02494dd4f72883dc465e500528d2c49d3f797ee3b63be4415619264,2024-07,Metropolitan Police Service,Metropolitan Police Service,-0.139005,51.481283,On or near Kirtling Street,E01033132,Wandsworth 038D,Burglary,Investigation complete; no suspect identified
56f511703c784b5ab60c88c9b901269506d15f517c698ab79573c2d838f26da8,2024-07,Metropolitan Police Service,Metropolitan Police Service,-0.147042,51.483108,On or near Theatre/Concert Hall,E01033132,Wandsworth 038D,Burglary,Investigation complete; no suspect identified
dfbba9995fc8d5a3da8d9a10f243cba8528041601e96919376a5e2008e544263,2024-07,Metropolitan Police Service,Metropolitan Police Service,-0.143293,51.481028,On or near Circus Road West,E01033132,Wandsworth 038D,Burglary,Unable to prosecute suspect
5db77807ae31d2f7fa4c402b8fb09bbebecf20cca1054b2b02777c1cb926c760,2024-07,Metropolitan Police Service,Metropolitan Police Service,-0.142148,51.479085,On or near Savona Street,E01033132,Wandsworth 038D,Burglary,Investigation complete; no suspect identified
9f55ec5c06d8d387f161f8af0450bbf1a6dada1218b9bdf25d145bba65a41229,2024-07,Metropolitan Police Service,Metropolitan Police Service,-0.139005,51.481283,On or near Kirtling Street,E01033132,Wandsworth 038D,Burglary,Investigation complete; no suspect identified
a5eccd1531e1b5c8134eadd97143dc94d9e9f1456ce63bb3b9c6a56141323e2e,2024-07,Metropolitan Police Service,Metropolitan Police Service,-0.137998,51.478084,On or near Parking Area,E01035498,Wandsworth 038E,Burglary,Investigation complete; no suspect identified
7608832fa03c0e46c0de9a6fee87e19abcff83cd6359d0783b2133d0fe159b40,2024-07,Metropolitan Police Service,Metropolitan Police Service,-0.135762,51.48169,On or near New Mill Road,E01035498,Wandsworth 038E,Burglary,Investigation complete; no suspect identified
e323e910dd359f13ef309786ade52b6e5ec041966bfcf3942e0325e55218c2fd,2024-07,Metropolitan Police Service,Metropolitan Police Service,-0.140948,51.477061,On or near Wadhurst Road,E01004567,Wandsworth 039A,Burglary,Unable to prosecute suspect
b1d965f40aba33216b35087c2493e3f53ba4acfe77c07c37dd62579a8a480927,2024-07,Metropolitan Police Service,Metropolitan Police Service,-0.146725,51.475938,On or near Patcham Terrace,E01033100,Wandsworth 039B,Burglary,Unable to prosecute suspect
dbc063eaff4093378ab1bcf40b42e7bc0b02f4ffde66b86fd6203e2a6f568f29,2024-07,Metropolitan Police Service,Metropolitan Police Service,-0.143819,51.477996,On or near Bradmead,E01004564,Wandsworth 039D,Burglary,Investigation complete; no suspect identified
062fb91ef2ea08aef20b6139d7ec49d8d8977e78336e4f58a689a1703a745b4b,2024-07,Metropolitan Police Service,Metropolitan Police Service,-0.145167,51.472965,On or near Bus/Coach Station,E01004564,Wandsworth 039D,Burglary,Investigation complete; no suspect identified
2b782a25773e8b21e1be0bb270c3d8688e2407adec7826387e836ab71bd86d90,2024-07,Metropolitan Police Service,Metropolitan Police Service,-0.141939,51.475359,On or near Corunna Terrace,E01004564,Wandsworth 039D,Burglary,Investigation complete; no suspect identified
01df2b016eea7f26d082e482ff5709883f9065674bce7c8150f1adda4cff4049,2024-07,Metropolitan Police Service,Metropolitan Police Service,-0.150829,51.47451,On or near Rawson Street,E01004563,Wandsworth 039E,Burglary,Investigation complete; no suspect identified
93b91848f9cb8f5eaf75801854877dff43a591d852852b62e7b044e8aada6f8b,2024-07,Metropolitan Police Service,Metropolitan Police Service,-0.17093,51.534652,On or near Ordnance Mews,E01004647,Westminster 001A,Burglary,Investigation complete; no suspect identified
b8a3d92ba1576c0439bdee04fc5c789318cd85a3af5d60d520bb36d6f78e9a28,2024-07,Metropolitan Police Service,Metropolitan Police Service,-0.170609,51.534378,On or near Aquila Street,E01004647,Westminster 001A,Burglary,Investigation complete; no suspect identified
250a5bad7f22de7f5ec4dc7a05dfb71cc2db2d63aa05bb2a311c002b81aa5634,2024-07,Metropolitan Police Service,Metropolitan Police Service,-0.173369,51.534291,On or near Parking Area,E01004649,Westminster 001B,Burglary,Investigation complete; no suspect identified
908cc927ca829b98beccaa4f96e1d0ecccae11cf9ba49460dd0cbefc2d408650,2024-07,Metropolitan Police Service,Metropolitan Police Service,-0.17024,51.533877,On or near Charles Lane,E01004724,Westminster 001C,Burglary,Investigation complete; no suspect identified
b2e324f749f7640d4d61c075c32e080bb5635fff206ab99ef41577554ad71ac3,2024-07,Metropolitan Police Service,Metropolitan Police Service,-0.169096,51.533275,On or near Bridgeman Street,E01004724,Westminster 001C,Burglary,Awaiting court outcome
521f2530bddc5889c0ded2b3cc8ac5c7461b08bc4cdec661d2df774c30a2f7fc,2024-07,Metropolitan Police Service,Metropolitan Police Service,-0.169096,51.533275,On or near Bridgeman Street,E01004724,Westminster 001C,Burglary,Investigation complete; no suspect identified
431f8e4e1e307e69f949ae36f704f1348331d70bb2eef9fcc057767c3ea4a0ca,2024-07,Metropolitan Police Service,Metropolitan Police Service,-0.169103,51.532376,On or near Barrow Hill Road,E01004724,Westminster 001C,Burglary,Unable to prosecute suspect
0b6515c42b4afd4b0d80018728d26c9a4b79dbd626e4163de550d3197135c932,2024-07,Metropolitan Police Service,Metropolitan Police Service,-0.18131,51.538294,On or near Springfield Road,E01004646,Westminster 002A,Burglary,Awaiting court outcome
c397e2af137b5d038ce042fdb9dfcea526b28ccf277563cd6cda31d266cadf00,2024-07,Metropolitan Police Service,Metropolitan Police Service,-0.17769,51.537599,On or near Marlborough Hill,E01004646,Westminster 002A,Burglary,Investigation complete; no suspect identified
decdf4e47be63e69d149e4e2882a0e883eefb4357b6243e7e7aba6fdf656b686,2024-07,Metropolitan Police Service,Metropolitan Police Service,-0.182572,51.535202,On or near Ryder'S Terrace,E01004648,Westminster 002B,Burglary,Investigation complete; no suspect identified
a54f86a6a75d698d536cac9db8f1f5694a2c4fbf468c128cc518546a11e11150,2024-07,Metropolitan Police Service,Metropolitan Police Service,-0.182572,51.535202,On or near Ryder'S Terrace,E01004648,Westminster 002B,Burglary,Investigation complete; no suspect identified
9697b0cacdc64278f335107ea3120cc6331876bb0042bf6a11279786d65ae1b1,2024-07,Metropolitan Police Service,Metropolitan Police Service,-0.1833,51.53105,On or near Abercorn Walk,E01004648,Westminster 002B,Burglary,Court result unavailable
e1ecf11fe2932a1bac648733453de9f17303e65e38a5ca945df1ffefc57c0ad4,2024-07,Metropolitan Police Service,Metropolitan Police Service,-0.183013,51.536801,On or near Clifton Hill,E01004648,Westminster 002B,Burglary,Investigation complete; no suspect identified
e5605c631cf04ab51dc8723f547768054ac5da4e94bb0c2206375d769d8f5a75,2024-07,Metropolitan Police Service,Metropolitan Police Service,-0.182572,51.535202,On or near Ryder'S Terrace,E01004648,Westminster 002B,Burglary,Investigation complete; no suspect identified
daad7c133df774c2a922b3737507d67e691f9f64ba812253ebe872c070b02308,2024-07,Metropolitan Police Service,Metropolitan Police Service,-0.190534,51.534768,On or near Maple Mews,E01004710,Westminster 002D,Burglary,Investigation complete; no suspect identified
ef5e6b1cfe68e4524142b9efbc04bf0ace33af607d3258e301a345520b37d939,2024-07,Metropolitan Police Service,Metropolitan Police Service,-0.178191,51.534064,On or near Regents Mews,E01004651,Westminster 003A,Burglary,Investigation complete; no suspect identified
f8fdebd87f54cb84ae63f71460dbb011d9b1f1f741dac0d772773c237f6fe2e5,2024-07,Metropolitan Police Service,Metropolitan Police Service,-0.204657,51.527269,On or near Coomassie Road,E01004718,Westminster 004A,Burglary,Investigation complete; no suspect identified
d1d5044eb8b75ce5cb3337ee81c8f560cb6b7a5ecd2bafc20173012315dbad5b,2024-07,Metropolitan Police Service,Metropolitan Police Service,-0.203517,51.529509,On or near Portnall Road,E01004718,Westminster 004A,Burglary,Investigation complete; no suspect identified
749113a9b5f4e92c9602f4b8170a05e6b81e19e2b2be2f8cb286ea697b893b8a,2024-07,Metropolitan Police Service,Metropolitan Police Service,-0.21112,51.531945,On or near Kilburn Lane,E01004720,Westminster 004C,Burglary,Investigation complete; no suspect identified
23d3a4e3d7c37ba54e430b811269fb9a95a30bad7f7efba9d22c922351fede5d,2024-07,Metropolitan Police Service,Metropolitan Police Service,-0.21275,51.527869,On or near Huxley Street,E01004721,Westminster 004D,Burglary,Unable to prosecute suspect
e35dd6aeca43f3b4a9dcf8c4c7eea86e912d8302eb1641cc2f4e0cef8e3c87bf,2024-07,Metropolitan Police Service,Metropolitan Police Service,-0.208619,51.52697,On or near Heather Walk,E01004721,Westminster 004D,Burglary,Awaiting court outcome
4feb37f2078f2d069d550133d8e312dc792033dd6db60a9a96b437033b9954df,2024-07,Metropolitan Police Service,Metropolitan Police Service,-0.206643,51.531382,On or near Dowland Street,E01004722,Westminster 004E,Burglary,Investigation complete; no suspect identified
635b7990aaf500ea09ad118ef1c9aa52e22bf0c3e4a135f4e8cbfcbdb725bbe1,2024-07,Metropolitan Police Service,Metropolitan Police Service,-0.198034,51.524497,On or near Fleming Close,E01004675,Westminster 005B,Burglary,Investigation complete; no suspect identified
2f295a0f6cc61945eab53d8e9f605589b75207aa6fb640f700eef3b504bfcad9,2024-07,Metropolitan Police Service,Metropolitan Police Service,-0.198034,51.524497,On or near Fleming Close,E01004675,Westminster 005B,Burglary,Investigation complete; no suspect identified
6d52bfd73902450e63435575a0aa2f8cebf2ba1077937358fbba7e36c2cc0dc8,2024-07,Metropolitan Police Service,Metropolitan Police Service,-0.196429,51.527539,On or near Shirland Road,E01004675,Westminster 005B,Burglary,Investigation complete; no suspect identified
d17695e47c83dfdcfe88297cd7748542da06dc5e78658279ff16bb1c8ed49e9e,2024-07,Metropolitan Police Service,Metropolitan Police Service,-0.197408,51.525755,On or near Chippenham Road,E01004675,Westminster 005B,Burglary,Investigation complete; no suspect identified
2fe6413b4c4cb673c88a95442da6477ce92b16ebd1a020ea22e8878ffb6a6254,2024-07,Metropolitan Police Service,Metropolitan Police Service,-0.196429,51.527539,On or near Shirland Road,E01004675,Westminster 005B,Burglary,Investigation complete; no suspect identified
76650b6b93ea54d198b9ca83f55688e2386c471ea549ac0d301ebf9e7325787f,2024-07,Metropolitan Police Service,Metropolitan Police Service,-0.196429,51.527539,On or near Shirland Road,E01004675,Westminster 005B,Burglary,Awaiting court outcome
835ac1382b9a08ae539d407fba6d8814fb536cb1451d96f69494851e5ebb8c95,2024-07,Metropolitan Police Service,Metropolitan Police Service,-0.197895,51.524,On or near Hermes Close,E01004675,Westminster 005B,Burglary,Investigation complete; no suspect identified
4b2946a28aa7e309e331587d7c6caec15f97008be719a58299830930a6455c8a,2024-07,Metropolitan Police Service,Metropolitan Police Service,-0.195422,51.52639,On or near Lanhill Road,E01004675,Westminster 005B,Burglary,Investigation complete; no suspect identified
adefbe34838eb3a501aeda28cf8d06acf2016a4382cad35106aef735e1a613b9,2024-07,Metropolitan Police Service,Metropolitan Police Service,-0.197408,51.525755,On or near Chippenham Road,E01004675,Westminster 005B,Burglary,Investigation complete; no suspect identified
2a19db0a6069060540fb8f8c464e86eb1e16fc0ae1c64fa2bfea69a6316814d7,2024-07,Metropolitan Police Service,Metropolitan Police Service,-0.194624,51.52689,On or near Shirland Road,E01004675,Westminster 005B,Burglary,Investigation complete; no suspect identified
ddf30d70c14dcf84c23b1f94da342e9d92b039a3db9c3d575601ffe81d9dedf5,2024-07,Metropolitan Police Service,Metropolitan Police Service,-0.199471,51.530103,On or near Macroom Road,E01004677,Westminster 005C,Burglary,Investigation complete; no suspect identified
1ebcd75fa93e15d6fa729e7ab1513f4aa896d743b7b2390b3ac27abe7b702aa5,2024-07,Metropolitan Police Service,Metropolitan Police Service,-0.205378,51.526174,On or near Harrow Road,E01004679,Westminster 005E,Burglary,Investigation complete; no suspect identified
e0604c93c9befbecbf6a7ad2c2e17480b805d935a039955a2c16ee642cab4592,2024-07,Metropolitan Police Service,Metropolitan Police Service,-0.2036,51.532873,On or near Salusbury Road,E01004723,Westminster 005F,Burglary,Investigation complete; no suspect identified
c9a09c19aa7f76c89328ef1d7e0023be637e40ef2cf5b53fc3fe3fafc0bcfd7b,2024-07,Metropolitan Police Service,Metropolitan Police Service,-0.2036,51.532873,On or near Salusbury Road,E01004723,Westminster 005F,Burglary,Investigation complete; no suspect identified
69efe108528b93dbe74a95639279f68d60c72b21c2c8a52a0240f9207a267487,2024-07,Metropolitan Police Service,Metropolitan Police Service,-0.19455,51.523661,On or near Maryland Road,E01004676,Westminster 006A,Burglary,Investigation complete; no suspect identified
744c54467dbc475cf6ba8e72840ff94cbd11736f1c85f1cda7b90a440eb4d4f9,2024-07,Metropolitan Police Service,Metropolitan Police Service,-0.191367,51.526489,On or near Delaware Road,E01004706,Westminster 006B,Burglary,Investigation complete; no suspect identified
98990502e1ca92d9a71aae34324d0d5178b5ced184fb6c04d6b00d96bca2f299,2024-07,Metropolitan Police Service,Metropolitan Police Service,-0.191367,51.526489,On or near Delaware Road,E01004706,Westminster 006B,Burglary,Investigation complete; no suspect identified
1dcf4402d06a769976653b8cdc303b5771363ae5af305e075e51384e12d03ad4,2024-07,Metropolitan Police Service,Metropolitan Police Service,-0.19447,51.528228,On or near Essendine Road,E01004708,Westminster 006D,Burglary,Investigation complete; no suspect identified
793996b2037146b39116d2dff7e95dd14e9d41468ae34bd2a577f592d25c8c3d,2024-07,Metropolitan Police Service,Metropolitan Police Service,-0.181592,51.527966,On or near Parking Area,E01004701,Westminster 007A,Burglary,Investigation complete; no suspect identified
af33565c5dd015bed2e834d84060d2ab4b3c2d82287c45ad197db679ed649d06,2024-07,Metropolitan Police Service,Metropolitan Police Service,-0.180469,51.526483,On or near Lanark Road,E01004701,Westminster 007A,Burglary,Unable to prosecute suspect
b485922bebfc484bd2f570a066da9cb8bfae5ba39a8aa87f951a267fc63b10b6,2024-07,Metropolitan Police Service,Metropolitan Police Service,-0.178662,51.52516,On or near Lanark Place,E01004703,Westminster 007B,Burglary,Investigation complete; no suspect identified
4e89ff07d68ed9731d764b1b19af9ee729831bafa678f798b11b3d85eddce527,2024-07,Metropolitan Police Service,Metropolitan Police Service,-0.178662,51.52516,On or near Lanark Place,E01004703,Westminster 007B,Burglary,Investigation complete; no suspect identified
ed983b9b4f13c3101fadd409a2311236e572ebf0a732e0643fcbdd37ba83c000,2024-07,Metropolitan Police Service,Metropolitan Police Service,-0.179549,51.524976,On or near Elizabeth Close,E01004703,Westminster 007B,Burglary,Unable to prosecute suspect
a97dd4826c23635d4d257d79320dc7949d2d0b1b2f7145114fb1a52e50e3bfa2,2024-07,Metropolitan Police Service,Metropolitan Police Service,-0.179408,51.525603,On or near Clifton Road,E01004705,Westminster 007D,Burglary,Investigation complete; no suspect identified
71599a04870d6f78470160ed730a340bcf82239425cde53b2c93203e5c55b88f,2024-07,Metropolitan Police Service,Metropolitan Police Service,-0.158717,51.523221,On or near Siddons Lane,E01004660,Westminster 008B,Burglary,Unable to prosecute suspect
4302eb34d9ccb53badad4c3c4afa039d4f0a27359ab74b21a36c53c81b14426b,2024-07,Metropolitan Police Service,Metropolitan Police Service,-0.158717,51.523221,On or near Siddons Lane,E01004660,Westminster 008B,Burglary,Investigation complete; no suspect identified
f15e18e82a523362eac75b47adfbb0d7c19a7d445934566eee5633e38a9e3326,2024-07,Metropolitan Police Service,Metropolitan Police Service,-0.153963,51.520655,On or near Paddington Street,E01004712,Westminster 008C,Burglary,Investigation complete; no suspect identified
0868816be386335d17130a37392534a52df2c88b4f6786e3a280adda1bd5d2e5,2024-07,Metropolitan Police Service,Metropolitan Police Service,-0.178358,51.520506,On or near Gilpin Close,E01004702,Westminster 009E,Burglary,Investigation complete; no suspect identified
c0bfd821b85ce3aa1f1341e25018ffe0d50c4ccc7746c8b211e7e1b1c64daaa4,2024-07,Metropolitan Police Service,Metropolitan Police Service,-0.172203,51.520491,On or near Newcastle Place,E01004702,Westminster 009E,Burglary,Investigation complete; no suspect identified
de1f9cd08875e419f114cf65f2ffa23862fc40eb40d1b0a00449f6b6305dc7f9,2024-07,Metropolitan Police Service,Metropolitan Police Service,-0.170734,51.525135,On or near Capland Street,E01033598,Westminster 009F,Burglary,Investigation complete; no suspect identified
ba37157f21e009e944a3dd38bba3c0ad07f3d680d6146d61477a9cd97e8aac76,2024-07,Metropolitan Police Service,Metropolitan Police Service,-0.167185,51.522688,On or near Ashmill Street,E01033603,Westminster 009I,Burglary,Investigation complete; no suspect identified
978b3c88caa6eb45663a0604bc50f5bf5d1640d9e00a2d04aaaf90869bff0f95,2024-07,Metropolitan Police Service,Metropolitan Police Service,-0.173779,51.523609,On or near Hatton Street,E01033604,Westminster 009J,Burglary,Investigation complete; no suspect identified
70cff3c1d8cd8620317b02b4d65de8356b57520fd591c7bb59e6c0cf6a60ca3c,2024-07,Metropolitan Police Service,Metropolitan Police Service,-0.167639,51.521094,On or near Harrow Street,E01033604,Westminster 009J,Burglary,Investigation complete; no suspect identified
af3ea1d30367731684014e4703a1d9a6319ec03190840eb360488fd0a56d59c6,2024-07,Metropolitan Police Service,Metropolitan Police Service,-0.1728,51.522515,On or near Venables Street,E01033604,Westminster 009J,Burglary,Unable to prosecute suspect
3ec33feb0afd5e6cc8a5d031186999f163bc206bdcf16a9d7455b18d77d95389,2024-07,Metropolitan Police Service,Metropolitan Police Service,-0.174018,51.523415,On or near Hatton Row,E01033604,Westminster 009J,Burglary,Investigation complete; no suspect identified
093acc02442d5738abaa8aef09b6acfa4e5d34445049ff33bae62d6ec2759bb5,2024-07,Metropolitan Police Service,Metropolitan Police Service,-0.188084,51.523858,On or near Shirland Road,E01004754,Westminster 010A,Burglary,Investigation complete; no suspect identified
2b8b589fa988226bee3b885783a50cc60aebe76e1f0039fcf164c54ac0127c0d,2024-07,Metropolitan Police Service,Metropolitan Police Service,-0.190778,51.522074,On or near Woodchester Square,E01004754,Westminster 010A,Burglary,Investigation complete; no suspect identified
f2d3d00302cce3681a895deb9009fba9ef18fb2c969c011b10ae5be0387fba5d,2024-07,Metropolitan Police Service,Metropolitan Police Service,-0.18876,51.523176,On or near Barnwood Close,E01004754,Westminster 010A,Burglary,Investigation complete; no suspect identified
2ee348221b9cc4d1f807094ced23c87ff39139bcb8aa26e06225d03a351efd8b,2024-07,Metropolitan Police Service,Metropolitan Police Service,-0.200195,51.523064,On or near Theatre/Concert Hall,E01004755,Westminster 010B,Burglary,Investigation complete; no suspect identified
c4b7be572b9a6469ed6ffcaa9fd67828199ce9962274af46b4b43ac11869d4fb,2024-07,Metropolitan Police Service,Metropolitan Police Service,-0.197105,51.522468,On or near Elmfield Way,E01004755,Westminster 010B,Burglary,Investigation complete; no suspect identified
0c41f368416e4cf449d503d4c3053acefbee7fd72547ba3417522283a1c0f09a,2024-07,Metropolitan Police Service,Metropolitan Police Service,-0.201351,51.52337,On or near Western Mews,E01004755,Westminster 010B,Burglary,Investigation complete; no suspect identified
a89300b9512b34a5aacae706de043d08eaadab14fdc0d9e0f79bab9ffb6a95e4,2024-07,Metropolitan Police Service,Metropolitan Police Service,-0.194437,51.522859,On or near A404,E01004755,Westminster 010B,Burglary,Status update unavailable
af6806175bca22b2429ed7ccb6ba0dee727a5737de66a9a3e3d3494c0914c67c,2024-07,Metropolitan Police Service,Metropolitan Police Service,-0.19769,51.523358,On or near Windsor Gardens,E01004755,Westminster 010B,Burglary,Investigation complete; no suspect identified
b9ef4c362a1eac3ac10e18352b18eefa0cbd4ea01e0550f597ef57db2b12ad08,2024-07,Metropolitan Police Service,Metropolitan Police Service,-0.19769,51.523358,On or near Windsor Gardens,E01004755,Westminster 010B,Burglary,Unable to prosecute suspect
4a8d296039a3b9f05a6c6d89e7d51d933d8e441c224526b039aa6dae1235ff8e,2024-07,Metropolitan Police Service,Metropolitan Police Service,-0.19769,51.523358,On or near Windsor Gardens,E01004755,Westminster 010B,Burglary,Investigation complete; no suspect identified
a21e68979e3e7bd4f350545b83205051139a3e1490eaf9721bbd32fefb28540a,2024-07,Metropolitan Police Service,Metropolitan Police Service,-0.201351,51.52337,On or near Western Mews,E01004755,Westminster 010B,Burglary,Investigation complete; no suspect identified
a2cdb71211e8b0c2c9fe05ac0af60eaffe583eed29d5982656c39be2961e7f57,2024-07,Metropolitan Police Service,Metropolitan Police Service,-0.19571,51.522402,On or near Admiral Walk,E01004755,Westminster 010B,Burglary,Investigation complete; no suspect identified
f1943d0cdc59eace93266cf8bd2cdb67870cdb123e3eef3b22497d5e1a87b76a,2024-07,Metropolitan Police Service,Metropolitan Police Service,-0.200195,51.523064,On or near Theatre/Concert Hall,E01004755,Westminster 010B,Burglary,Investigation complete; no suspect identified
d00d8c5715088bc98e1060387d6ebb07aec88e72709c28bb1524a099f28dab27,2024-07,Metropolitan Police Service,Metropolitan Police Service,-0.146598,51.518138,On or near Queen Anne Street,E01004713,Westminster 011A,Burglary,Investigation complete; no suspect identified
bdf542fce1bec477037f65d9e2eeda80cbc396736dcd6d34a552926a4ab6a23d,2024-07,Metropolitan Police Service,Metropolitan Police Service,-0.143045,51.520807,On or near B506,E01004713,Westminster 011A,Burglary,Investigation complete; no suspect identified
8e692dc723f19085dd632ac56c6b4f76eeb20bda02123e57a21a22c41b2c03fb,2024-07,Metropolitan Police Service,Metropolitan Police Service,-0.144068,51.520823,On or near Hallam Mews,E01004713,Westminster 011A,Burglary,Unable to prosecute suspect
e6afe5d484cd497c98ba0a41ecc075f11519b5df4cfae4ea328e8994d8f34a47,2024-07,Metropolitan Police Service,Metropolitan Police Service,-0.151852,51.516189,On or near Duke'S Mews,E01004714,Westminster 011B,Burglary,Investigation complete; no suspect identified
d1d18b8bd72607e5f22f3f340e9d3d32c5446f6acb2ab9ca7b8c7b0f15d3690b,2024-07,Metropolitan Police Service,Metropolitan Police Service,-0.150827,51.518349,On or near Cross Keys Close,E01004714,Westminster 011B,Burglary,Unable to prosecute suspect
0ee021b161c48e6ac2499b93433672eb1a110bd700dafd1c07e8e2054f2963a6,2024-07,Metropolitan Police Service,Metropolitan Police Service,-0.150947,51.515383,On or near Picton Place,E01004714,Westminster 011B,Burglary,Investigation complete; no suspect identified
8aba9bb20d95db627dec932187b6380109f088a043ff802fcd03bb2b38ea9823,2024-07,Metropolitan Police Service,Metropolitan Police Service,-0.150414,51.516103,On or near Wigmore Street,E01004714,Westminster 011B,Burglary,Unable to prosecute suspect
892b5757b871d742ad9e4aa5280e00a82c377ef93ca0c09c801eb1669c72a722,2024-07,Metropolitan Police Service,Metropolitan Police Service,-0.154924,51.517901,On or near Kendall Place,E01004714,Westminster 011B,Burglary,Investigation complete; no suspect identified
b0052d40df6671f62f4fe8e2b013a04198e9e945540e59ae64e529c742ddec66,2024-07,Metropolitan Police Service,Metropolitan Police Service,-0.150613,51.518291,On or near Hospital,E01004714,Westminster 011B,Burglary,Investigation complete; no suspect identified
5806248cddc0c4eee8a559d1881c95d7262d481afa6133aa98123b17796cf6de,2024-07,Metropolitan Police Service,Metropolitan Police Service,-0.155549,51.519214,On or near Broadstone Place,E01004714,Westminster 011B,Burglary,Awaiting court outcome
ccb4546f5134e0a41220562646572ce3b08095261656a7850ee2e7b4ce094ce1,2024-07,Metropolitan Police Service,Metropolitan Police Service,-0.148832,51.516366,On or near A5204,E01004714,Westminster 011B,Burglary,Investigation complete; no suspect identified
5893ceff77c38cd2b03940c35b40f05708d0969e500545e21cf0b71becc33bee,2024-07,Metropolitan Police Service,Metropolitan Police Service,-0.154576,51.518327,On or near Blandford Street,E01004714,Westminster 011B,Burglary,Investigation complete; no suspect identified
5cd379db4a280d1d7b01690ccb67fcd70cae5372691513cd77c1e448dba62b8e,2024-07,Metropolitan Police Service,Metropolitan Police Service,-0.150827,51.518349,On or near Cross Keys Close,E01004714,Westminster 011B,Burglary,Awaiting court outcome
db7dcb1a50b20525a055f4a4ad2771b3ad4ba669633b047b94fd5543c502c940,2024-07,Metropolitan Police Service,Metropolitan Police Service,-0.150751,51.516684,On or near Theatre/Concert Hall,E01004714,Westminster 011B,Burglary,Investigation complete; no suspect identified
e4a49c523b2f93047fe3ce63480b10faeb28fc0fef6a90f8ba6fb1cef51162b9,2024-07,Metropolitan Police Service,Metropolitan Police Service,-0.148712,51.514709,On or near Bond Street,E01004714,Westminster 011B,Burglary,Investigation complete; no suspect identified
a6e675a175dd05ed3f2ee966dc082558b06a6caddda310e305b1b932e7177ce8,2024-07,Metropolitan Police Service,Metropolitan Police Service,-0.154262,51.517162,On or near Robert Adam Street,E01004714,Westminster 011B,Burglary,Investigation complete; no suspect identified
228912788aa7b8ac6dd51a706b2feb81ee60f31a6b5036571e23cdad26a0a62e,2024-07,Metropolitan Police Service,Metropolitan Police Service,-0.149193,51.514564,On or near Stratford Place,E01004714,Westminster 011B,Burglary,Investigation complete; no suspect identified
48de2dbeae79a04cb1399d9cbd8285e33a4227ee3a3e3e13bf9a20b5b077170f,2024-07,Metropolitan Police Service,Metropolitan Police Service,-0.150827,51.518349,On or near Cross Keys Close,E01004714,Westminster 011B,Burglary,Investigation complete; no suspect identified
2644bc0ff865d7088ee6bed6c3d94f7cb86980465d2bb2be4bdc92d417e5dca4,2024-07,Metropolitan Police Service,Metropolitan Police Service,-0.152839,51.514586,On or near Shopping Area,E01004714,Westminster 011B,Burglary,Investigation complete; no suspect identified
cdfbc3251572dc2ef9594fecb09102b7381044ba8af898cd8b28d56d0703a56e,2024-07,Metropolitan Police Service,Metropolitan Police Service,-0.149193,51.514564,On or near Stratford Place,E01004714,Westminster 011B,Burglary,Investigation complete; no suspect identified
a0c2bebdfaeb8e697c571f56b7fc2ada49bd92a1ffd47fb31c2ac4555e478caf,2024-07,Metropolitan Police Service,Metropolitan Police Service,-0.151474,51.517684,On or near Thayer Street,E01004714,Westminster 011B,Burglary,Investigation complete; no suspect identified
bdbc2137c42fc3306f46902364ea33788faf5d231bc1418cae42934b80a16130,2024-07,Metropolitan Police Service,Metropolitan Police Service,-0.150827,51.518349,On or near Cross Keys Close,E01004714,Westminster 011B,Burglary,Awaiting court outcome
fbd6c745e76216a8eb8f0ab5a643075025e9beaa5fee9951a7d3980a980568d8,2024-07,Metropolitan Police Service,Metropolitan Police Service,-0.150827,51.518349,On or near Cross Keys Close,E01004714,Westminster 011B,Burglary,Investigation complete; no suspect identified
3e329913a39e0cbf2f7fcbb206f0bd054af6aed4f775f95cede331c48275e902,2024-07,Metropolitan Police Service,Metropolitan Police Service,-0.149185,51.518682,On or near Marylebone Mews,E01004714,Westminster 011B,Burglary,Investigation complete; no suspect identified
6bc0d11a31c30ac7fedf0096081d3c4927f37f2db559f26742995b5c6ac37137,2024-07,Metropolitan Police Service,Metropolitan Police Service,-0.150827,51.518349,On or near Cross Keys Close,E01004714,Westminster 011B,Burglary,Awaiting court outcome
377459b34edb7f9edb679ecdea4acd10d5f8b435042ca5f19310f7c0afce46ea,2024-07,Metropolitan Police Service,Metropolitan Police Service,-0.151112,51.515592,On or near Gray'S Yard,E01004714,Westminster 011B,Burglary,Status update unavailable
cbc09212bd905a7527976faaa00eedb081acfe15023d342249560c179b7de0ac,2024-07,Metropolitan Police Service,Metropolitan Police Service,-0.150768,51.521225,On or near Beaumont Street,E01004716,Westminster 011C,Burglary,Investigation complete; no suspect identified
59ac88739413545eaf1f4eab47aa762604fa42bbde118cfc4e8d5ae89d649680,2024-07,Metropolitan Police Service,Metropolitan Police Service,-0.150487,51.522471,On or near Hospital,E01004716,Westminster 011C,Burglary,Investigation complete; no suspect identified
b63b3c3eea4481592abc76c47c719c88b4921d06a087a521fa7bfedd167953c1,2024-07,Metropolitan Police Service,Metropolitan Police Service,-0.1519,51.520677,On or near Marylebone High Street,E01004717,Westminster 011D,Burglary,Awaiting court outcome
73175e47e0ec378b945dfd9aedfa965980829ef3cc76dd7d87a09f4897cbbe45,2024-07,Metropolitan Police Service,Metropolitan Police Service,-0.152161,51.521724,On or near Oldbury Place,E01004717,Westminster 011D,Burglary,Status update unavailable
ba4f01051e838928903f048189ac917a27d50252557ea2b0691e31b54ef71e81,2024-07,Metropolitan Police Service,Metropolitan Police Service,-0.1519,51.520677,On or near Marylebone High Street,E01004717,Westminster 011D,Burglary,Awaiting court outcome
89013c47fd0a823cc228af5fd488e2f55a4790e4095ad0318fc9a5a3a32f0f1e,2024-07,Metropolitan Police Service,Metropolitan Police Service,-0.15094,51.519115,On or near De Walden Street,E01004717,Westminster 011D,Burglary,Awaiting court outcome
ef7701045e12a540a43f2951bd70bb7c473bce0769e65c99d6690eae6bc97c94,2024-07,Metropolitan Police Service,Metropolitan Police Service,-0.1519,51.520677,On or near Marylebone High Street,E01004717,Westminster 011D,Burglary,Awaiting court outcome
a531e758e6ced95a0ab01c824e329fbac715b9eb35db7dcbe3da20db175ef083,2024-07,Metropolitan Police Service,Metropolitan Police Service,-0.151036,51.520321,On or near Beaumont Mews,E01004717,Westminster 011D,Burglary,Investigation complete; no suspect identified
3e56ca88d75a3a5659336f05df50f7485a54a80dac8d2a450d12c90681847893,2024-07,Metropolitan Police Service,Metropolitan Police Service,-0.152061,51.518485,On or near Shopping Area,E01004717,Westminster 011D,Burglary,Investigation complete; no suspect identified
98459a910ec745973d10a43d2441a4c39929989db00e5af2e874a2ddbf436701,2024-07,Metropolitan Police Service,Metropolitan Police Service,-0.152161,51.521724,On or near Oldbury Place,E01004717,Westminster 011D,Burglary,Investigation complete; no suspect identified
53c7c2c116c42479436e20b8ccbde333613b030876566e09e3563d04ac9fe939,2024-07,Metropolitan Police Service,Metropolitan Police Service,-0.1519,51.520677,On or near Marylebone High Street,E01004717,Westminster 011D,Burglary,Investigation complete; no suspect identified
8ed043241d23611387b026e112ec0958389bc9f590dda71a7ead22c9896f5a67,2024-07,Metropolitan Police Service,Metropolitan Police Service,-0.15094,51.519115,On or near De Walden Street,E01004717,Westminster 011D,Burglary,Investigation complete; no suspect identified
43151bc72c2e48fdf0456bcd25bd162fe0ae00d7b8681e5747193011eeffbde4,2024-07,Metropolitan Police Service,Metropolitan Police Service,-0.152351,51.518795,On or near St Vincent Street,E01004717,Westminster 011D,Burglary,Investigation complete; no suspect identified
fa50e9707ef07b6dd1ec88535bb177d2e3e30234ca613722c8a55a1fdf256abb,2024-07,Metropolitan Police Service,Metropolitan Police Service,-0.153408,51.512994,On or near North Audley Street,E01004762,Westminster 011E,Burglary,Investigation complete; no suspect identified
f2a20f165e8e243e4427a1d1391cf0438163aee215f31c0d28e27ccf10ddc63f,2024-07,Metropolitan Police Service,Metropolitan Police Service,-0.152672,51.512649,On or near Providence Court,E01004762,Westminster 011E,Burglary,Status update unavailable
dea23118d12125e5d6fd8b86b52bd5b5efb58f410715ecf1aaeadb49aa68e2c1,2024-07,Metropolitan Police Service,Metropolitan Police Service,-0.160617,51.51576,On or near Wythburn Place,E01004657,Westminster 012A,Burglary,Unable to prosecute suspect
af6311a6efde5d6fb557bb834afdbad3519d4c544834b9723e80d5c87891ce41,2024-07,Metropolitan Police Service,Metropolitan Police Service,-0.158285,51.516407,On or near Parking Area,E01004657,Westminster 012A,Burglary,Unable to prosecute suspect
22b29b7e7296bd07612126a1d7c43b4ed3b711793d6ecc4a9c0cd7e290f9f762,2024-07,Metropolitan Police Service,Metropolitan Police Service,-0.160682,51.51488,On or near Great Cumberland Mews,E01004657,Westminster 012A,Burglary,Investigation complete; no suspect identified
15470f181ba8b8e7b2880e05c477cd9b1fbfb640c43c138dcd3cc374f8fcb414,2024-07,Metropolitan Police Service,Metropolitan Police Service,-0.158554,51.517958,On or near Gloucester Place Mews,E01004657,Westminster 012A,Burglary,Investigation complete; no suspect identified
dccc99018fd31310b80adbf4347b60f4c39359a0fdc49b487f23e222add69778,2024-07,Metropolitan Police Service,Metropolitan Police Service,-0.158302,51.515283,On or near New Quebec Street,E01004657,Westminster 012A,Burglary,Awaiting court outcome
9d57b99a92f3848e6097a7b804d6d606215ba1cddd4239a23f02f81b12e30944,2024-07,Metropolitan Police Service,Metropolitan Police Service,-0.161962,51.514945,On or near Hampden Gurney Street,E01004658,Westminster 012B,Burglary,Investigation complete; no suspect identified
30c9e68325d7c48586f37862326b5de7a717d1545582d0fd9de9020ae10d753f,2024-07,Metropolitan Police Service,Metropolitan Police Service,-0.16527,51.517631,On or near Brendon Street,E01004658,Westminster 012B,Burglary,Investigation complete; no suspect identified
27391f962c94ddd61695c1c15dca2c91b7829489915c03d7955edcc9ca570685,2024-07,Metropolitan Police Service,Metropolitan Police Service,-0.16744,51.518142,On or near Old Marylebone Road,E01004661,Westminster 012C,Burglary,Investigation complete; no suspect identified
a3682ab90d66ebca1f73adf353c92951b662960476a7219ef8ed669fa2d1f0a2,2024-07,Metropolitan Police Service,Metropolitan Police Service,-0.1689,51.519109,On or near Edgware Road,E01004661,Westminster 012C,Burglary,Status update unavailable
642021edf760552bb6710adcfe1a4bbc890074bbe6a315ecb0d095b511892d34,2024-07,Metropolitan Police Service,Metropolitan Police Service,-0.167955,51.519328,On or near Cabbell Street,E01004661,Westminster 012C,Burglary,Awaiting court outcome
93ce77b7308b887cdb98be0f0e1925b5ab8789cc8076cddbc03f07988ebc6840,2024-07,Metropolitan Police Service,Metropolitan Police Service,-0.16744,51.518142,On or near Old Marylebone Road,E01004661,Westminster 012C,Burglary,Investigation complete; no suspect identified
f9a40a640ffa776336f036b876cd88f741db6fcf9d11d1491c37536f71e9dd61,2024-07,Metropolitan Police Service,Metropolitan Police Service,-0.161725,51.519401,On or near Wyndham Place,E01004661,Westminster 012C,Burglary,Investigation complete; no suspect identified
99c7c5afe8d7368e4b2192148aec9c9c456c5d2d561c8f2d57a5c74858c3c11e,2024-07,Metropolitan Police Service,Metropolitan Police Service,-0.161725,51.519401,On or near Wyndham Place,E01004661,Westminster 012C,Burglary,Investigation complete; no suspect identified
14937e7a8e36cb057d2fc4970883ed1de26d1d1a5f78be06604ca02cf71de91d,2024-07,Metropolitan Police Service,Metropolitan Police Service,-0.162518,51.519387,On or near Parking Area,E01004661,Westminster 012C,Burglary,Investigation complete; no suspect identified
fd9a52d5ff43de2ed3b0fdf1706e5e262bc04fe81660971faf61119a3784eb02,2024-07,Metropolitan Police Service,Metropolitan Police Service,-0.161137,51.522539,On or near Dorset Square,E01004662,Westminster 012D,Burglary,Investigation complete; no suspect identified
d11fd3cce648776415d8337e03536f05924567503b3a5853e4d1dc54eec87387,2024-07,Metropolitan Police Service,Metropolitan Police Service,-0.165428,51.518704,On or near Watson'S Mews,E01004663,Westminster 012E,Burglary,Investigation complete; no suspect identified
794977532ad113c6975a0ce643ed18ace44c07246cf9374852fa764e3fe75651,2024-07,Metropolitan Police Service,Metropolitan Police Service,-0.165428,51.518704,On or near Watson'S Mews,E01004663,Westminster 012E,Burglary,Investigation complete; no suspect identified
73b16151d8412290ece880d2c46ce11c083e1749f46166d2e9f6ba7f22acdacf,2024-07,Metropolitan Police Service,Metropolitan Police Service,-0.142445,51.523513,On or near Warren Street,E01004715,Westminster 013A,Burglary,Investigation complete; no suspect identified
60c12f7fdd2a197beca4c2bbc25b593e7eaa696c0c6657438b96bea111556532,2024-07,Metropolitan Police Service,Metropolitan Police Service,-0.142445,51.523513,On or near Warren Street,E01004715,Westminster 013A,Burglary,Investigation complete; no suspect identified
0b997a45aef3028ab80e3334620014b66281cbd91ca5330e4f089b1271041fc2,2024-07,Metropolitan Police Service,Metropolitan Police Service,-0.140132,51.520832,On or near Further/Higher Educational Building,E01004715,Westminster 013A,Burglary,Unable to prosecute suspect
24eb2d74d015491e09edd1474b5883ad52990ae5f27567f6b0573c930502da99,2024-07,Metropolitan Police Service,Metropolitan Police Service,-0.140132,51.520832,On or near Further/Higher Educational Building,E01004715,Westminster 013A,Burglary,Investigation complete; no suspect identified
2b5e1e5a6aab0ee430e46677ccd67bc338a9113cc8fb081df0b82e5e3e4c9b4b,2024-07,Metropolitan Police Service,Metropolitan Police Service,-0.144625,51.520238,On or near Further/Higher Educational Building,E01004715,Westminster 013A,Burglary,Investigation complete; no suspect identified
da2cfec63b2d027c6084aab99395192b7eaefb66446933feb522f867c54ef9f8,2024-07,Metropolitan Police Service,Metropolitan Police Service,-0.142445,51.523513,On or near Warren Street,E01004715,Westminster 013A,Burglary,Investigation complete; no suspect identified
f21cb82af31beb00476b62666a812617bb614adf6f097a0113b1d206a68bf0e8,2024-07,Metropolitan Police Service,Metropolitan Police Service,-0.143948,51.523752,On or near Great Portland Street,E01004715,Westminster 013A,Burglary,Investigation complete; no suspect identified
227136875de3b822f4a13e66e9c414127a3d169ab12c95a70b8f6695390583a3,2024-07,Metropolitan Police Service,Metropolitan Police Service,-0.135854,51.51688,On or near Berners Place,E01004763,Westminster 013B,Burglary,Unable to prosecute suspect
687cd671c2f5f5f127600309b1b45b22451cc6c6c7c551fdd2d2417eb0fd0537,2024-07,Metropolitan Police Service,Metropolitan Police Service,-0.130826,51.514704,On or near Manette Street,E01004763,Westminster 013B,Burglary,Investigation complete; no suspect identified
6b30aa3427194eea030702d9e9397b81e47a74cdbf21319c6d5d4836260376c7,2024-07,Metropolitan Police Service,Metropolitan Police Service,-0.137604,51.51813,On or near Parking Area,E01004763,Westminster 013B,Burglary,Investigation complete; no suspect identified
99728e70619fcc832474c212b0484e3a05ab9e35ee54f6622a807d9ed0383e65,2024-07,Metropolitan Police Service,Metropolitan Police Service,-0.135874,51.515684,On or near Nightclub,E01004763,Westminster 013B,Burglary,Investigation complete; no suspect identified
ece7c87afa8b6e8f671e2c5e3c38a4e897ad63246ca9bff40b73752e691e618e,2024-07,Metropolitan Police Service,Metropolitan Police Service,-0.13858,51.517885,On or near Booth'S Place,E01004763,Westminster 013B,Burglary,Investigation complete; no suspect identified
ec5867d24771b1ff85ab6703cf22f093e9bcd7823b66547d421245b73c039341,2024-07,Metropolitan Police Service,Metropolitan Police Service,-0.134456,51.517937,On or near Percy Street,E01004763,Westminster 013B,Burglary,Investigation complete; no suspect identified
59394a539e0080caefd9068de2ce60a21fcacdaef0a6b9d12d7d45d7a9c83c69,2024-07,Metropolitan Police Service,Metropolitan Police Service,-0.137604,51.51813,On or near Parking Area,E01004763,Westminster 013B,Burglary,Investigation complete; no suspect identified
264dc0ed1f13b343a9505d4d1c09cf906bb021e35d2e8b948cb57c7fff698069,2024-07,Metropolitan Police Service,Metropolitan Police Service,-0.135874,51.515684,On or near Nightclub,E01004763,Westminster 013B,Burglary,Investigation complete; no suspect identified
e288abb079793494d109b18898725f59357c2abe10475ebc8ce392bc0fac40a1,2024-07,Metropolitan Police Service,Metropolitan Police Service,-0.139842,51.51947,On or near Candover Street,E01004763,Westminster 013B,Burglary,Investigation complete; no suspect identified
32491848eb794e840e24da84505511a3a96bb85b4b2484c6dc9a8f182b29dacb,2024-07,Metropolitan Police Service,Metropolitan Police Service,-0.136304,51.515727,On or near Further/Higher Educational Building,E01004763,Westminster 013B,Burglary,Investigation complete; no suspect identified
d6fddd7cdfb7725ca77a9c41c2954e54f0b17e6afaa09f95e0319ad84872b33c,2024-07,Metropolitan Police Service,Metropolitan Police Service,-0.135615,51.518495,On or near Rathbone Street,E01004763,Westminster 013B,Burglary,Investigation complete; no suspect identified
998d90ff314fa2a8e250ceb2d173f04324abc0d2532ecfa452415d74689cd317,2024-07,Metropolitan Police Service,Metropolitan Police Service,-0.131247,51.514279,On or near Nightclub,E01004763,Westminster 013B,Burglary,Investigation complete; no suspect identified
4884a117f1d9ef6a0a3b63da897f28f15fa84f26acda69327e543f6021597bbd,2024-07,Metropolitan Police Service,Metropolitan Police Service,-0.137604,51.51813,On or near Parking Area,E01004763,Westminster 013B,Burglary,Investigation complete; no suspect identified
7254431e6d2b902d0d4fd85cdf47751dcfe5f9068ab75e58ffe97c71f0a2e7bd,2024-07,Metropolitan Police Service,Metropolitan Police Service,-0.142662,51.519946,On or near Great Portland Street,E01004765,Westminster 013D,Burglary,Investigation complete; no suspect identified
deee82ed882a92fc3ff6a5d96a05378fb883721cadd572a2dfff4bcbe4947b4f,2024-07,Metropolitan Police Service,Metropolitan Police Service,-0.1422,51.518896,On or near Langham Street,E01004765,Westminster 013D,Burglary,Status update unavailable
6f19c5f6e75db5ab7a2ce8bff0038693fe64935c477b683ff65bde65cc23fe27,2024-07,Metropolitan Police Service,Metropolitan Police Service,-0.140834,51.51739,On or near Nightclub,E01004765,Westminster 013D,Burglary,Investigation complete; no suspect identified
618746a2d22e8b95c7921474457cacb6a6d8fb4e019477741ba6a319a79ff5ae,2024-07,Metropolitan Police Service,Metropolitan Police Service,-0.140154,51.516058,On or near Market Place,E01004765,Westminster 013D,Burglary,Investigation complete; no suspect identified
a46ac5e3b2cbfcc2be58649d91ccd0574be4c2aaf4e6fe9e4c1ea44aa3d1d024,2024-07,Metropolitan Police Service,Metropolitan Police Service,-0.135136,51.514341,On or near Wardour Mews,E01035716,Westminster 013G,Burglary,Awaiting court outcome
68745c09870e91eba792b4492d545c3fb505fa0a4fecfa143b8c95f3baf1bc90,2024-07,Metropolitan Police Service,Metropolitan Police Service,-0.135372,51.512789,On or near Ingestre Place,E01035716,Westminster 013G,Burglary,Investigation complete; no suspect identified
22de37bee6a6998471543f3e9f5344823bcf50fdf8a1ffa57d822f9859044f28,2024-07,Metropolitan Police Service,Metropolitan Police Service,-0.144467,51.510641,On or near Bruton Street,E01035716,Westminster 013G,Burglary,Investigation complete; no suspect identified
ce862bc2f63a9452b9ef500315f7ed05629be3e98e40ec121c09928eaeede6ab,2024-07,Metropolitan Police Service,Metropolitan Police Service,-0.136431,51.511925,On or near Bridle Lane,E01035716,Westminster 013G,Burglary,Investigation complete; no suspect identified
23583d4140ba9520546612fd9bddb833e0828e720c632f189d89d19b32cb50a8,2024-07,Metropolitan Police Service,Metropolitan Police Service,-0.137467,51.514091,On or near Parking Area,E01035716,Westminster 013G,Burglary,Investigation complete; no suspect identified
89fa722a8b93286ac29df89cf50bf23ba05d20d1e0930277533a10002650c245,2024-07,Metropolitan Police Service,Metropolitan Police Service,-0.138519,51.51337,On or near Newburgh Street,E01035716,Westminster 013G,Burglary,Investigation complete; no suspect identified
a4e2b8b9ab404cd0ae7e630a5e88e78cab6ebe72460f6797b6fe6491b3045b5b,2024-07,Metropolitan Police Service,Metropolitan Police Service,-0.145735,51.514195,On or near Dering Street,E01035716,Westminster 013G,Burglary,Unable to prosecute suspect
054a1e4f43284beeb6b764146965c21dc086e27136b14aae9b7e2af8abfbeadb,2024-07,Metropolitan Police Service,Metropolitan Police Service,-0.146004,51.513237,On or near Shopping Area,E01035716,Westminster 013G,Burglary,Investigation complete; no suspect identified
600b32b483c228738068a566bc3e8dea07aaa7e7b59c55345392b0204a2bb60b,2024-07,Metropolitan Police Service,Metropolitan Police Service,-0.147118,51.513857,On or near Woodstock Street,E01035716,Westminster 013G,Burglary,Awaiting court outcome
47b4c68ebd997bd64de17c859806646216bdad502518107fa2d944b4f2ff341d,2024-07,Metropolitan Police Service,Metropolitan Police Service,-0.135136,51.514341,On or near Wardour Mews,E01035716,Westminster 013G,Burglary,Investigation complete; no suspect identified
d7fb00851bfe25e197012a8b9c813a975027bdb68150067c2854a750e98f2ce7,2024-07,Metropolitan Police Service,Metropolitan Police Service,-0.135372,51.512789,On or near Ingestre Place,E01035716,Westminster 013G,Burglary,Investigation complete; no suspect identified
d20140daad2fd9f6dce567e71f9a48416d7875fedc21fe3a8692a936cd84786f,2024-07,Metropolitan Police Service,Metropolitan Police Service,-0.141526,51.512078,On or near New Burlington Place,E01035716,Westminster 013G,Burglary,Unable to prosecute suspect
05ceb163672f30a956e7d8107b8ec05a3f9a869728857c063559b0356e5a6d24,2024-07,Metropolitan Police Service,Metropolitan Police Service,-0.144844,51.513057,On or near Shopping Area,E01035716,Westminster 013G,Burglary,Investigation complete; no suspect identified
4d677cf2ed8583ac7d648bc3dc6c880ac3f909047129542cc452f2d8ed265e29,2024-07,Metropolitan Police Service,Metropolitan Police Service,-0.134387,51.51397,On or near Wardour Street,E01035716,Westminster 013G,Burglary,Investigation complete; no suspect identified
91142eef1ccb3d108e4b449f0ea6942fffc4ff3fc9d7c1da7633a8f082df23e7,2024-07,Metropolitan Police Service,Metropolitan Police Service,-0.14753,51.513288,On or near South Molton Lane,E01035716,Westminster 013G,Burglary,Investigation complete; no suspect identified
275f976d0c16500893ae9cb98fff6a7a892c5ca1d25585f5e0f1991a3bbed0fd,2024-07,Metropolitan Police Service,Metropolitan Police Service,-0.145735,51.514195,On or near Dering Street,E01035716,Westminster 013G,Burglary,Investigation complete; no suspect identified
51b24d574a571fae3e36391454ed10173e3ed03506144193d32dee783fe7d2d5,2024-07,Metropolitan Police Service,Metropolitan Police Service,-0.135435,51.511612,On or near Brewer Street,E01035716,Westminster 013G,Burglary,Investigation complete; no suspect identified
d08ba60ce23d642071f2b20f09999c2f1464a12a95596b74373fdd4d7918f0af,2024-07,Metropolitan Police Service,Metropolitan Police Service,-0.146004,51.513237,On or near Shopping Area,E01035716,Westminster 013G,Burglary,Investigation complete; no suspect identified
29c7f172f19fc3ae54d047cdb732b19007e0bc555679d1ae5d479304cafd8b5b,2024-07,Metropolitan Police Service,Metropolitan Police Service,-0.143204,51.512635,On or near St George Street,E01035716,Westminster 013G,Burglary,Unable to prosecute suspect
c7b4b664e85d7c46d86a82865f8557d33c50177135508a3feb85e238df2d9f07,2024-07,Metropolitan Police Service,Metropolitan Police Service,-0.193963,51.515172,On or near Hereford Road,E01004653,Westminster 014A,Burglary,Investigation complete; no suspect identified
ba4ec9a96dd1d7e3e09b09cefc3bf0199ae42919ec061860d2081af76e49cfb2,2024-07,Metropolitan Police Service,Metropolitan Police Service,-0.194653,51.515228,On or near Supermarket,E01004653,Westminster 014A,Burglary,Awaiting court outcome
1fdc684d432abd53f3e0b2f8da23385457d1e8aa1be85d40e86d0ee6fce5dac4,2024-07,Metropolitan Police Service,Metropolitan Police Service,-0.194653,51.515228,On or near Supermarket,E01004653,Westminster 014A,Burglary,Investigation complete; no suspect identified
691d619cb0a8f72fa2d1e5ab8d6faad2c0bba15e31a1abb76d387b11811aade5,2024-07,Metropolitan Police Service,Metropolitan Police Service,-0.188842,51.518186,On or near Celbridge Mews,E01004656,Westminster 014D,Burglary,Investigation complete; no suspect identified
70486e721ff864d48ad5e52c86bb36ba8339993169d3f0db1e933da99eaf90a5,2024-07,Metropolitan Police Service,Metropolitan Police Service,-0.18218,51.517535,On or near A4206,E01004656,Westminster 014D,Burglary,Status update unavailable
9021a6b72ebdea23511dc562ee0b2cc6943cd1acd9bf21f1ceb35238c9d1fd8b,2024-07,Metropolitan Police Service,Metropolitan Police Service,-0.18218,51.517535,On or near A4206,E01004656,Westminster 014D,Burglary,Investigation complete; no suspect identified
b92a5bc993b6df35ea2ffec89a41614dde89f08c29b58f36b95d6c1d1dbb5263,2024-07,Metropolitan Police Service,Metropolitan Police Service,-0.200595,51.519509,On or near Aldridge Road Villas,E01004760,Westminster 014E,Burglary,Investigation complete; no suspect identified
bfa8a1ce52287bd8d0ded602b538671e4571bd7296131af22a87cd60cd739de9,2024-07,Metropolitan Police Service,Metropolitan Police Service,-0.197159,51.518557,On or near Shrewsbury Mews,E01035717,Westminster 014H,Burglary,Investigation complete; no suspect identified
db3402bf624099b3a829f66cc1ba7ca663c9253c89f8093f6a3a0352d0bd89d4,2024-07,Metropolitan Police Service,Metropolitan Police Service,-0.194039,51.515443,On or near Hereford Mews,E01035717,Westminster 014H,Burglary,Investigation complete; no suspect identified
f01bd27c8b648f7047b4256cec9c5754ce7878da7f53179be109613d37305608,2024-07,Metropolitan Police Service,Metropolitan Police Service,-0.169781,51.515472,On or near Somers Crescent,E01004683,Westminster 015B,Burglary,Investigation complete; no suspect identified
f7a9ce0a7aff44550f1976133a9a73a2f08f92e8b31421538e7717bffd1f1008,2024-07,Metropolitan Police Service,Metropolitan Police Service,-0.171102,51.516688,On or near Southwick Mews,E01004684,Westminster 015C,Burglary,Investigation complete; no suspect identified
d702a3bec183ad8cf3514c3468c258a46768fea2c206d5925bc3315f66e12e3c,2024-07,Metropolitan Police Service,Metropolitan Police Service,-0.172356,51.519927,On or near A40,E01033593,Westminster 015F,Burglary,Investigation complete; no suspect identified
22a3b7afc17098ec5584a9d6a960bd865114a9376cd024773863ef7f7bc1b1d3,2024-07,Metropolitan Police Service,Metropolitan Police Service,-0.171222,51.519073,On or near Supermarket,E01033593,Westminster 015F,Burglary,Investigation complete; no suspect identified
6b0d01b9e0a70bc7a2aa922bd944a81a4bb7cdb3c6c154cdef2b9f764f49c722,2024-07,Metropolitan Police Service,Metropolitan Police Service,-0.173256,51.515436,On or near Norfolk Square Mews,E01033594,Westminster 015G,Burglary,Investigation complete; no suspect identified
dd4c37a9ec788bc7b1277d8c488ed423cdf5e33c1099f464db0c02cdb29e5a38,2024-07,Metropolitan Police Service,Metropolitan Police Service,-0.170829,51.517745,On or near St Michael'S Street,E01033594,Westminster 015G,Burglary,Investigation complete; no suspect identified
1cd34150f567f6d21a58b504b0ebd474d60a4973159a1188ea0ebfed7cadaaec,2024-07,Metropolitan Police Service,Metropolitan Police Service,-0.171025,51.517883,On or near Junction Place,E01033594,Westminster 015G,Burglary,Awaiting court outcome
38674a749113b45596129ff4f1204c90231a891a4dd36aa2a9e5e31266120aee,2024-07,Metropolitan Police Service,Metropolitan Police Service,-0.172129,51.515499,On or near Sussex Gardens,E01033594,Westminster 015G,Burglary,Investigation complete; no suspect identified
9d6845f9fdbb6103f7ceeae9326a3906133b85b9326143a1ac5a20d8221e8c03,2024-07,Metropolitan Police Service,Metropolitan Police Service,-0.171025,51.517883,On or near Junction Place,E01033594,Westminster 015G,Burglary,Investigation complete; no suspect identified
13411cf8a517e16fab0dd16816780259fc71a3a6d9d0e671198560124312d5d9,2024-07,Metropolitan Police Service,Metropolitan Police Service,-0.173569,51.516969,On or near Hospital,E01033594,Westminster 015G,Burglary,Investigation complete; no suspect identified
d7a1401d904e045eddd9444803e4b494cc0a3aa9ca7606b101cea1220598599f,2024-07,Metropolitan Police Service,Metropolitan Police Service,-0.172103,51.516515,On or near Norfolk Place,E01033594,Westminster 015G,Burglary,Investigation complete; no suspect identified
ed51ed8c691fc25e89fb20d3d0976cf238da1d25f57e5bafb48d26805bf5b917,2024-07,Metropolitan Police Service,Metropolitan Police Service,-0.171683,51.517282,On or near Bouverie Place,E01033594,Westminster 015G,Burglary,Investigation complete; no suspect identified
fb0fd3c71db2d12e9e8c382d1fdfb81b383fc2a1b37939ff2f8b4832e1207580,2024-07,Metropolitan Police Service,Metropolitan Police Service,-0.174703,51.517805,On or near Hospital,E01033594,Westminster 015G,Burglary,Investigation complete; no suspect identified
8d71ff3745e6e50f86a7715b0f7c863fec1a8af1fd0cf8813ac50e1b8ecd02ef,2024-07,Metropolitan Police Service,Metropolitan Police Service,-0.178981,51.520048,On or near Westway,E01004681,Westminster 016A,Burglary,Investigation complete; no suspect identified
9eb99a17101cfe496830b8af30ade65cf228429983933efbd8740bdd1acc5849,2024-07,Metropolitan Police Service,Metropolitan Police Service,-0.178466,51.514177,On or near Gloucester Mews,E01004681,Westminster 016A,Burglary,Investigation complete; no suspect identified
22f2b9d2842118654783f9d57cc660dac967e0aa0c3684b5fec3fe114111c6d9,2024-07,Metropolitan Police Service,Metropolitan Police Service,-0.176017,51.511621,On or near Bayswater Road,E01004682,Westminster 016B,Burglary,Investigation complete; no suspect identified
d10856f5ba1bd44b6b29242f3b5480e2e0ade7109f42ba0383e0f8156b5adfa7,2024-07,Metropolitan Police Service,Metropolitan Police Service,-0.174792,51.514875,On or near Talbot Square,E01004682,Westminster 016B,Burglary,Investigation complete; no suspect identified
db7d87b3aa2e113f341e0a0eb5e06fcba66e9c7f97edae6edf4f39773e0256eb,2024-07,Metropolitan Police Service,Metropolitan Police Service,-0.176583,51.512619,On or near Cerney Mews,E01004682,Westminster 016B,Burglary,Investigation complete; no suspect identified
f1e1f7206d23690ec803edf55456ebb4caa98d90736898d0a87dbe9fc00f7d3c,2024-07,Metropolitan Police Service,Metropolitan Police Service,-0.177031,51.511844,On or near Elms Mews,E01004694,Westminster 016C,Burglary,Investigation complete; no suspect identified
536eee5abaf323efdceba6de9128235ef408d5da3bd24cda5748b427b0fe1684,2024-07,Metropolitan Police Service,Metropolitan Police Service,-0.181478,51.515267,On or near Gloucester Mews West,E01004697,Westminster 016D,Burglary,Unable to prosecute suspect
7c85d85a9a78a8540699bf5ca3c6ad0d36352352aee4b642d8ca0cb1fbfef6d7,2024-07,Metropolitan Police Service,Metropolitan Police Service,-0.181478,51.515267,On or near Gloucester Mews West,E01004697,Westminster 016D,Burglary,Investigation complete; no suspect identified
8e5609a71a741231a2ecf3c3d1dc89e9ccc286269bcad59d67bcdb19618149c7,2024-07,Metropolitan Police Service,Metropolitan Police Service,-0.17954,51.513978,On or near Upbrook Mews,E01004697,Westminster 016D,Burglary,Investigation complete; no suspect identified
dd51349ff39b35f7edd6109249f7391df5531b1491881fd8a6a420b6080de90f,2024-07,Metropolitan Police Service,Metropolitan Police Service,-0.179606,51.51343,On or near B410,E01004700,Westminster 016E,Burglary,Investigation complete; no suspect identified
c6a2cfa423b101735232b56cd5df2623ef6b00eb4c142c614da4fd473b2f6090,2024-07,Metropolitan Police Service,Metropolitan Police Service,-0.182265,51.514326,On or near Cleveland Square,E01004700,Westminster 016E,Burglary,Investigation complete; no suspect identified
bd82c1e886d97984524e2a9ab4e5cf372136bda744f9f3a6b2f675df9c3f1b16,2024-07,Metropolitan Police Service,Metropolitan Police Service,-0.179606,51.51343,On or near B410,E01004700,Westminster 016E,Burglary,Investigation complete; no suspect identified
35d87bae4ad2bba551124aa6b0e64157bb0977fbe77985c430b0d6c9b0ab0b17,2024-07,Metropolitan Police Service,Metropolitan Police Service,-0.179606,51.51343,On or near B410,E01004700,Westminster 016E,Burglary,Investigation complete; no suspect identified
99dcfeafaa7f1e196ba849cb27d7f0bacd5554888e9f91688d3dce4c226c337d,2024-07,Metropolitan Police Service,Metropolitan Police Service,-0.180443,51.514109,On or near Devonshire Terrace,E01004700,Westminster 016E,Burglary,Investigation complete; no suspect identified
354cc4775a9d223c31d906cbb3a5adfa3da522f3efacd84e87fff71effb48d3f,2024-07,Metropolitan Police Service,Metropolitan Police Service,-0.184418,51.517084,On or near Gloucester Gardens,E01004652,Westminster 017A,Burglary,Investigation complete; no suspect identified
7cf4863a4ac605131db9971604d9a7749ab0b6fa1a5dc8a8c2e4b46765210560,2024-07,Metropolitan Police Service,Metropolitan Police Service,-0.187772,51.517199,On or near Parking Area,E01004652,Westminster 017A,Burglary,Investigation complete; no suspect identified
f3bf2b84bbb2bfc4a06c701bec8e36c5b9f2bfe00fb01ad4e1311967f077d033,2024-07,Metropolitan Police Service,Metropolitan Police Service,-0.191605,51.511386,On or near Chapel Side,E01004693,Westminster 017B,Burglary,Investigation complete; no suspect identified
ddd76cae8ae2199191f2a924437690953115f30f52b17f6df7f1a62846e4ab80,2024-07,Metropolitan Police Service,Metropolitan Police Service,-0.193697,51.512785,On or near Dawson Place,E01004693,Westminster 017B,Burglary,Investigation complete; no suspect identified
bd401f2d37adba40231e400b0158d69623530366cd30575899e3e02e876567c2,2024-07,Metropolitan Police Service,Metropolitan Police Service,-0.191064,51.512322,On or near Moscow Road,E01004693,Westminster 017B,Burglary,Investigation complete; no suspect identified
82b7a1b5845b18fe981c0d44b79a661049105b8bc7a5b11190a8402362e6dfad,2024-07,Metropolitan Police Service,Metropolitan Police Service,-0.189899,51.510433,On or near Orme Square,E01004695,Westminster 017C,Burglary,Investigation complete; no suspect identified
498d8bba3aece37549171adcffd74a253139832d59557363ac20913664873fd8,2024-07,Metropolitan Police Service,Metropolitan Police Service,-0.18833,51.510391,On or near Caroline Close,E01004695,Westminster 017C,Burglary,Unable to prosecute suspect
ae4ae0462f575e2a8f1937adad5d861f8fe7d662b6918f574847f075fd4b5d84,2024-07,Metropolitan Police Service,Metropolitan Police Service,-0.18833,51.510391,On or near Caroline Close,E01004695,Westminster 017C,Burglary,Unable to prosecute suspect
37ef068af8af7b6d2b26982b57e9f64c527d8e6b40c07be0b48f6eb24fe11786,2024-07,Metropolitan Police Service,Metropolitan Police Service,-0.187879,51.512326,On or near Bayswater,E01004695,Westminster 017C,Burglary,Investigation complete; no suspect identified
47fd315589e86055e417a39d05068ad2ff395ac39abc459860a8d8dd4fc409e9,2024-07,Metropolitan Police Service,Metropolitan Police Service,-0.18833,51.510391,On or near Caroline Close,E01004695,Westminster 017C,Burglary,Investigation complete; no suspect identified
f99972d81560e46a7cab881d61a8884c68ca4eb583ab445dbe53f49b90470092,2024-07,Metropolitan Police Service,Metropolitan Police Service,-0.181945,51.516209,On or near Cleveland Terrace,E01004696,Westminster 017D,Burglary,Investigation complete; no suspect identified
6914c57511f8e762b5f3201fc2e27ba6648d3714efe1d85898c2cb77e2e14f6a,2024-07,Metropolitan Police Service,Metropolitan Police Service,-0.184162,51.51083,On or near Petrol Station,E01004698,Westminster 017E,Burglary,Investigation complete; no suspect identified
5ec36e2fa03605596f726b6520d9586b65ef39aa359d74e851e7b7628e2e7e4a,2024-07,Metropolitan Police Service,Metropolitan Police Service,-0.187098,51.513825,On or near Porchester Gardens,E01004698,Westminster 017E,Burglary,Investigation complete; no suspect identified
fab6f339852a6373c1c3145f1821c5cc23b8a9c8da8f2364e7581e3125163d59,2024-07,Metropolitan Police Service,Metropolitan Police Service,-0.187098,51.513825,On or near Porchester Gardens,E01004698,Westminster 017E,Burglary,Investigation complete; no suspect identified
77cdd619c6345607056067bb94e547d19f168440ee96ec913769658bec2ab13a,2024-07,Metropolitan Police Service,Metropolitan Police Service,-0.185459,51.51228,On or near Queensborough Terrace,E01004698,Westminster 017E,Burglary,Unable to prosecute suspect
385d043b55e641ac43a30c72b0260560c3a0131b0b698b5c91cee74ce6549a6e,2024-07,Metropolitan Police Service,Metropolitan Police Service,-0.184317,51.512379,On or near Porchester Terrace,E01004698,Westminster 017E,Burglary,Investigation complete; no suspect identified
5dec98373c8657b9498f92df0b8bdd1217929a3c8372384372a2119f2c3b1481,2024-07,Metropolitan Police Service,Metropolitan Police Service,-0.189875,51.512492,On or near Moscow Place,E01004699,Westminster 017F,Burglary,Investigation complete; no suspect identified
db7466ea47db561a2e397c7ed1156c6ad1cb616e464fd35e4403ca221032a672,2024-07,Metropolitan Police Service,Metropolitan Police Service,-0.129778,51.511783,On or near Nightclub,E01004734,Westminster 018A,Burglary,Unable to prosecute suspect
8520bb32e425967180b83afaa195eaec3d4952db87f78b3c894f1531ced4fbf4,2024-07,Metropolitan Police Service,Metropolitan Police Service,-0.127539,51.511417,On or near Theatre/Concert Hall,E01004734,Westminster 018A,Burglary,Investigation complete; no suspect identified
a2196bbeb0bc605520f1b782a0b0b172a850c2401d74b0d0e3ebbed7e6ca4fc0,2024-07,Metropolitan Police Service,Metropolitan Police Service,-0.122761,51.508964,On or near Lower Robert Street,E01004734,Westminster 018A,Burglary,Investigation complete; no suspect identified
622eb63065ebca36fede47c6ed6f1dc1bb2ed2bd00589d3e6f47567489004cf1,2024-07,Metropolitan Police Service,Metropolitan Police Service,-0.120439,51.510042,On or near Savoy Way,E01004734,Westminster 018A,Burglary,Investigation complete; no suspect identified
6b4ee329166158da7b8fbdf842ba5d1dde4ed4dc6b9650e685add14010760f97,2024-07,Metropolitan Police Service,Metropolitan Police Service,-0.131925,51.51179,On or near Dansey Place,E01004734,Westminster 018A,Burglary,Investigation complete; no suspect identified
a69236d3ddf7516e1a5d2e0bfa4f731dc21ee01e4abcfedd39fd85a785c1e695,2024-07,Metropolitan Police Service,Metropolitan Police Service,-0.13012,51.512247,On or near Gerrard Place,E01004734,Westminster 018A,Burglary,Investigation complete; no suspect identified
b1a4e2cb75d972940656c58297d9d6950aa3e40c4f5789ecaec2fafffbde47bd,2024-07,Metropolitan Police Service,Metropolitan Police Service,-0.129778,51.511783,On or near Nightclub,E01004734,Westminster 018A,Burglary,Investigation complete; no suspect identified
b6b8087948a09b583d957d2ca22ceddb5c27fe6b011b87fa607ede0c4895dd56,2024-07,Metropolitan Police Service,Metropolitan Police Service,-0.12371,51.511111,On or near Henrietta Street,E01004734,Westminster 018A,Burglary,Investigation complete; no suspect identified
42e949daada0200001f93a987a036ec880635d0285bd8f227646066bc168846a,2024-07,Metropolitan Police Service,Metropolitan Police Service,-0.121916,51.51163,On or near Shopping Area,E01004734,Westminster 018A,Burglary,Unable to prosecute suspect
6e50f88ed6bb87d940f7d33b208f27d4c585d873feee3f97f3f73d8ac67b5267,2024-07,Metropolitan Police Service,Metropolitan Police Service,-0.123247,51.509044,On or near John Adam Street,E01004734,Westminster 018A,Burglary,Investigation complete; no suspect identified
bdfaa01e8e90370d6d826a2fab6346be32864b202f8b12562315a46ce73bc2fa,2024-07,Metropolitan Police Service,Metropolitan Police Service,-0.122502,51.510345,On or near Theatre/Concert Hall,E01004734,Westminster 018A,Burglary,Investigation complete; no suspect identified
87127ddfecc38bd99b1e9bbf4d00b7ac0adf065bb5ec296ddef0a1bf66155355,2024-07,Metropolitan Police Service,Metropolitan Police Service,-0.123061,51.510759,On or near Maiden Lane,E01004734,Westminster 018A,Burglary,Unable to prosecute suspect
025592e2282914294c65c02efed5017e1ed53b3f37b11380519bb4aa59e301e2,2024-07,Metropolitan Police Service,Metropolitan Police Service,-0.129778,51.511783,On or near Nightclub,E01004734,Westminster 018A,Burglary,Investigation complete; no suspect identified
6da85da07de3d4c02c72c2be0902403c24490200e2720621d6dff7a9c9318d0c,2024-07,Metropolitan Police Service,Metropolitan Police Service,-0.129778,51.511783,On or near Nightclub,E01004734,Westminster 018A,Burglary,Unable to prosecute suspect
7e2bbe3df4ab2e84ce261bd679253ca9768b460d8bbc978acbabee9ebcf38ff7,2024-07,Metropolitan Police Service,Metropolitan Police Service,-0.121916,51.51163,On or near Shopping Area,E01004734,Westminster 018A,Burglary,Unable to prosecute suspect
64409de912f27b4e04f12e8f5b8d32904fe44afad27e842fe05aebf120cdb929,2024-07,Metropolitan Police Service,Metropolitan Police Service,-0.11988,51.511022,On or near Strand,E01004735,Westminster 018B,Burglary,Investigation complete; no suspect identified
f51f17c4a515a723ba0bd8e417d1f524119d0b9b7104ee65aa742737d66b0a24,2024-07,Metropolitan Police Service,Metropolitan Police Service,-0.122802,51.514621,On or near Dryden Street,E01004735,Westminster 018B,Burglary,Investigation complete; no suspect identified
9dc1000e775cd9e7517b6bed9e2ae26555ea6d7cf4450a2c4687ec59fec5d9aa,2024-07,Metropolitan Police Service,Metropolitan Police Service,-0.117666,51.514044,On or near Supermarket,E01004735,Westminster 018B,Burglary,Investigation complete; no suspect identified
5873622b5785616a6663c312d16d7e330d1d5c580de23db29e0af434b65b9b3e,2024-07,Metropolitan Police Service,Metropolitan Police Service,-0.117666,51.514044,On or near Supermarket,E01004735,Westminster 018B,Burglary,Investigation complete; no suspect identified
12fda0d01c1f55ec7e1c19e12b3fcdb338b88aaf4a0167356d900aa9f5d8867a,2024-07,Metropolitan Police Service,Metropolitan Police Service,-0.11988,51.511022,On or near Strand,E01004735,Westminster 018B,Burglary,Investigation complete; no suspect identified
154788eebf1e549a118266e8705d429a5f765a6056655c31f27a3f79d48fcf9b,2024-07,Metropolitan Police Service,Metropolitan Police Service,-0.11889,51.514064,On or near Kean Street,E01004735,Westminster 018B,Burglary,Investigation complete; no suspect identified
dfbe7c6930be132675efac57d1b0bd0f8ff76facfeabe95edd71119835d89f90,2024-07,Metropolitan Police Service,Metropolitan Police Service,-0.11991,51.512408,On or near Catherine Street,E01004735,Westminster 018B,Burglary,Investigation complete; no suspect identified
5e1e78a3ab7c9a4d4d3350b7a19e07e6d6191c756b8973b039382643eab6579c,2024-07,Metropolitan Police Service,Metropolitan Police Service,-0.118929,51.512059,On or near A301,E01004735,Westminster 018B,Burglary,Unable to prosecute suspect
86240610e0863c427158de619ae182cedf57415c76352c47bb7c59a3bfbf8be8,2024-07,Metropolitan Police Service,Metropolitan Police Service,-0.11988,51.511022,On or near Strand,E01004735,Westminster 018B,Burglary,Investigation complete; no suspect identified
b5f3d064027c52f2060ad00cc0f7bb7247382725ddedcb31ad348c78912a748e,2024-07,Metropolitan Police Service,Metropolitan Police Service,-0.11988,51.511022,On or near Strand,E01004735,Westminster 018B,Burglary,Investigation complete; no suspect identified
dbf2dda037468d8dba75d1d30a2cf6ba9683dd18ca8b41d212c286fea0bf7abd,2024-07,Metropolitan Police Service,Metropolitan Police Service,-0.112811,51.51259,On or near Essex Street,E01004735,Westminster 018B,Burglary,Investigation complete; no suspect identified
5a3be64674d3f886dd0e7c539d183bd1a4776fb1fe5eb065eb7a7cab8421613d,2024-07,Metropolitan Police Service,Metropolitan Police Service,-0.115772,51.512449,On or near Surrey Street,E01004735,Westminster 018B,Burglary,Investigation complete; no suspect identified
f51c642841aeb09158eae7dfc1413e92bd08b0f3e4a5761f8ee9586cb714227b,2024-07,Metropolitan Police Service,Metropolitan Police Service,-0.139175,51.504712,On or near Cleveland Row,E01004736,Westminster 018C,Burglary,Unable to prosecute suspect
f065c3f9c9da6d2a0f6fb63b276af5c9c9cbcfc8a36b951a57640095af37da0d,2024-07,Metropolitan Police Service,Metropolitan Police Service,-0.1268,51.506736,On or near Craig'S Court,E01004736,Westminster 018C,Burglary,Investigation complete; no suspect identified
ba4c470e697fa28f39781cbb39a50cbe7390404aab72b7e604a8822578708017,2024-07,Metropolitan Police Service,Metropolitan Police Service,-0.134925,51.508556,On or near Babmaes Street,E01004736,Westminster 018C,Burglary,Unable to prosecute suspect
6510724beb96ee97741003136beeb3d75c15cb7cbfaa8cf5d69e528204652756,2024-07,Metropolitan Police Service,Metropolitan Police Service,-0.128903,51.507286,On or near Parking Area,E01004736,Westminster 018C,Burglary,Investigation complete; no suspect identified
107f96fd9d45134193219f555ebd5c47943661a51cfe39311aed236f18fc55f6,2024-07,Metropolitan Police Service,Metropolitan Police Service,-0.132382,51.510152,On or near Theatre/Concert Hall,E01004736,Westminster 018C,Burglary,Investigation complete; no suspect identified
7f3dd8dd733c8e6a3955abacb0beefca472353bf2e5b05ba4bec59e66e7f6afe,2024-07,Metropolitan Police Service,Metropolitan Police Service,-0.124975,51.506985,On or near Northumberland Avenue,E01004736,Westminster 018C,Burglary,Unable to prosecute suspect
41f1017e652cfddbe88f0129d46908e951b4cd655afb57eaad7673afc97000e7,2024-07,Metropolitan Police Service,Metropolitan Police Service,-0.13657,51.504266,On or near Marlborough Road,E01004736,Westminster 018C,Burglary,Investigation complete; no suspect identified
12007c5889e6f7c0a599fc6ad0f015bd40a4bf6017a791fd3b0a770ae4469a4a,2024-07,Metropolitan Police Service,Metropolitan Police Service,-0.147663,51.506105,On or near Shepherd Street,E01004761,Westminster 018D,Burglary,Investigation complete; no suspect identified
fd7225cf207033d2e1408f3983cb6586b0e005af023f89533c4df2a1263560e6,2024-07,Metropolitan Police Service,Metropolitan Police Service,-0.149851,51.506148,On or near Derby Street,E01004761,Westminster 018D,Burglary,Investigation complete; no suspect identified
c16a9d27ccd8bec11530c9215c760e0a8e68653775e77af31b5baa774a6131c5,2024-07,Metropolitan Police Service,Metropolitan Police Service,-0.145368,51.508676,On or near Fitzmaurice Place,E01004761,Westminster 018D,Burglary,Investigation complete; no suspect identified
3d7aaa251f1c9514fa902c0241f9915dee3b406686e3de02fbe858c0cf071053,2024-07,Metropolitan Police Service,Metropolitan Police Service,-0.144533,51.506541,On or near Ashburton Place,E01004761,Westminster 018D,Burglary,Investigation complete; no suspect identified
67a4538bfe1db32aee825304637dad396ddb0047717ad31e08159cf93bbe6527,2024-07,Metropolitan Police Service,Metropolitan Police Service,-0.150806,51.49361,On or near Elizabeth Street,E01004687,Westminster 019A,Burglary,Investigation complete; no suspect identified
58fc99da88c98b1b9c7c607558334635d68329a1758fb82063b583ff26d69a5d,2024-07,Metropolitan Police Service,Metropolitan Police Service,-0.1551,51.492518,On or near Caroline Terrace,E01004687,Westminster 019A,Burglary,Investigation complete; no suspect identified
e78c5525d5900b9b3d0a546dbb123242f42c96192302d1ac63603c85211eb09e,2024-07,Metropolitan Police Service,Metropolitan Police Service,-0.153397,51.492931,On or near Chester Row,E01004687,Westminster 019A,Burglary,Investigation complete; no suspect identified
cbbe5d67b80819e9b22fa6c1b1917eb87252b518c744d5ae7ec02b82c9a08447,2024-07,Metropolitan Police Service,Metropolitan Police Service,-0.153397,51.492931,On or near Chester Row,E01004687,Westminster 019A,Burglary,Investigation complete; no suspect identified
2c1b2c553ef96487deb947a03d9f8dcd6f9dbbf98611a17f419fe51eac867218,2024-07,Metropolitan Police Service,Metropolitan Police Service,-0.147166,51.497033,On or near Grosvenor Gardens Mews North,E01004690,Westminster 019D,Burglary,Investigation complete; no suspect identified
a79904cbbd0a6ca7f9176a8a96b7bff769ba6f81d5708c0237867ed4d6313b5a,2024-07,Metropolitan Police Service,Metropolitan Police Service,-0.15153,51.500995,On or near Headfort Place,E01004690,Westminster 019D,Burglary,Unable to prosecute suspect
3e8a838bc400afb8ad550d5666aa1fd002d93aef1c4875a7e2f7e8be187a6802,2024-07,Metropolitan Police Service,Metropolitan Police Service,-0.148236,51.496222,On or near Chester Square Mews,E01004690,Westminster 019D,Burglary,Investigation complete; no suspect identified
47b2e7ab0de14c6fef3e75b5e572217537831b1f960ed485c6a3c3795642cf73,2024-07,Metropolitan Police Service,Metropolitan Police Service,-0.151637,51.498353,On or near Belgrave Mews South,E01004690,Westminster 019D,Burglary,Investigation complete; no suspect identified
f43b7b6679c02e616a9f0f8c79ae754c24bc130e11fcb63d107166e7aeb2807a,2024-07,Metropolitan Police Service,Metropolitan Police Service,-0.171186,51.500179,On or near Moncorvo Close,E01004692,Westminster 019F,Burglary,Unable to prosecute suspect
9cf8c6971c40c83cf04f745808d1794e2f8bf15ad8ece2a4b51a3d3a371bb785,2024-07,Metropolitan Police Service,Metropolitan Police Service,-0.168105,51.499043,On or near Rutland Mews East,E01035718,Westminster 019G,Burglary,Awaiting court outcome
808e370af3c29a928860c90d1b19caee0acdc613e8ffb3c821d24491d53c1b4f,2024-07,Metropolitan Police Service,Metropolitan Police Service,-0.16189,51.500987,On or near Brompton Road,E01035718,Westminster 019G,Burglary,Investigation complete; no suspect identified
daa8ae8caf3eff3077094573601666fb756385365086aa425b0f166c2e8d43fc,2024-07,Metropolitan Police Service,Metropolitan Police Service,-0.142561,51.499046,On or near Palace Place,E01004731,Westminster 020A,Burglary,Awaiting court outcome
a826400273fb1ce6be26fc22815ad6cebb1bb0b09834d1fb9508a517ec14f3a2,2024-07,Metropolitan Police Service,Metropolitan Police Service,-0.132696,51.50281,On or near Park/Open Space,E01004731,Westminster 020A,Burglary,Investigation complete; no suspect identified
7f829ff23297a38e8c4e098b76c40040f74dd4af4b651d9f474a0758e85694c7,2024-07,Metropolitan Police Service,Metropolitan Police Service,-0.126955,51.495246,On or near Dean Bradley Street,E01004733,Westminster 020C,Burglary,Investigation complete; no suspect identified
36e3a9347efa407ba9ca9bc4a95fa0b4de5c173b699cba34c2fbf6b78b699ddd,2024-07,Metropolitan Police Service,Metropolitan Police Service,-0.130794,51.495415,On or near Monck Street,E01004733,Westminster 020C,Burglary,Status update unavailable
c10245ddce088feeceec58bccc3c8bba7aa9326c691607032d91ec82429419fc,2024-07,Metropolitan Police Service,Metropolitan Police Service,-0.136794,51.495591,On or near Greencoat Row,E01004744,Westminster 020D,Burglary,Investigation complete; no suspect identified
49a281710e9b923a65f3b27b5825bded04c068b42bc6d62759d5885ed2f0b5a4,2024-07,Metropolitan Police Service,Metropolitan Police Service,-0.136836,51.494207,On or near Vane Street,E01004744,Westminster 020D,Burglary,Investigation complete; no suspect identified
bf93a903002f87033c714ea1853a372b09bc6eeac9ddd17a04bade99e57841dd,2024-07,Metropolitan Police Service,Metropolitan Police Service,-0.136794,51.495591,On or near Greencoat Row,E01004744,Westminster 020D,Burglary,Investigation complete; no suspect identified
fccb5847ea8f2f14353c47c7b659bc1bc367ffc7f6913677833ce5489643a151,2024-07,Metropolitan Police Service,Metropolitan Police Service,-0.137095,51.496711,On or near Howick Place,E01004748,Westminster 020E,Burglary,Unable to prosecute suspect
fdfa7ea474c1399bf25d277f897097a00a030c7dcceae108a62f6bbe2699445a,2024-07,Metropolitan Police Service,Metropolitan Police Service,-0.137001,51.490532,On or near Tachbrook Street,E01004740,Westminster 021A,Burglary,Investigation complete; no suspect identified
ffe78e5f224351becbc43600b871800f17d78e49b6e5958026241199617609ff,2024-07,Metropolitan Police Service,Metropolitan Police Service,-0.129472,51.493937,On or near Page Street,E01004743,Westminster 021B,Burglary,Unable to prosecute suspect
0ea25583a029772af12ad23cffccf6be1d300cce10f69acddc47849ccf55365a,2024-07,Metropolitan Police Service,Metropolitan Police Service,-0.137101,51.492656,On or near Petrol Station,E01004747,Westminster 021E,Burglary,Investigation complete; no suspect identified
24b256d284c903710d56c4c99e94dcd548e13b0f70309925a8437e1cf0bc8b82,2024-07,Metropolitan Police Service,Metropolitan Police Service,-0.13707,51.493069,On or near Hatherley Street,E01004747,Westminster 021E,Burglary,Awaiting court outcome
7be113fc2676845676eb810b6ade347f2e395fd43566f0f05d6498a116307998,2024-07,Metropolitan Police Service,Metropolitan Police Service,-0.133653,51.491378,On or near Chapter Street,E01004747,Westminster 021E,Burglary,Investigation complete; no suspect identified
8df26783fb13baac2afd932627ddc39bc07179a839a6a8347685bd241f7d7df4,2024-07,Metropolitan Police Service,Metropolitan Police Service,-0.13707,51.493069,On or near Hatherley Street,E01004747,Westminster 021E,Burglary,Awaiting court outcome
5c7dc9e7b6a3e309e6479f7b951362e900ad144f583b6bbf5ee044b4aae700dd,2024-07,Metropolitan Police Service,Metropolitan Police Service,-0.133653,51.491378,On or near Chapter Street,E01004747,Westminster 021E,Burglary,Investigation complete; no suspect identified
a508dc0a8fdb8220c9cf2739e5706e15eadb1f78f18db55b52c87fd6b583e4c9,2024-07,Metropolitan Police Service,Metropolitan Police Service,-0.138215,51.489733,On or near Moreton Place,E01004742,Westminster 022A,Burglary,Investigation complete; no suspect identified
80299c99c9fa50580e305445a5f12a720a721dd744b78d55b5db3376569ca0a8,2024-07,Metropolitan Police Service,Metropolitan Police Service,-0.137984,51.489369,On or near Moreton Terrace,E01004742,Westminster 022A,Burglary,Investigation complete; no suspect identified
2f0414966fc339d62c11ab8854aa7ba81968e791b5dde6aadb23ad8c99b320c5,2024-07,Metropolitan Police Service,Metropolitan Police Service,-0.140912,51.493894,On or near Gillingham Row,E01004749,Westminster 022B,Burglary,Investigation complete; no suspect identified
18b532e7637215b8504412fdfd921df4f0a1dd079557f2f11d4953aa2e91c800,2024-07,Metropolitan Police Service,Metropolitan Police Service,-0.139034,51.491886,On or near Churton Place,E01004749,Westminster 022B,Burglary,Unable to prosecute suspect
20603db631021f719fa29efd476f75f4ecb51ffb11a75444cd17226726e96e4b,2024-07,Metropolitan Police Service,Metropolitan Police Service,-0.140972,51.492771,On or near Charlotte Place,E01004749,Westminster 022B,Burglary,Investigation complete; no suspect identified
fa09528089e6f251bd4ca33ffbc4895ef7ffa8b59013719e71a102c9baa1d2eb,2024-07,Metropolitan Police Service,Metropolitan Police Service,-0.139243,51.490298,On or near Denbigh Street,E01004752,Westminster 022D,Burglary,Investigation complete; no suspect identified
989bd0768cad6241f6ebe131aeb1ada0e7f511cd2ebd39bd79622840f13a55fd,2024-07,Metropolitan Police Service,Metropolitan Police Service,-0.139243,51.490298,On or near Denbigh Street,E01004752,Westminster 022D,Burglary,Investigation complete; no suspect identified
77f60be0184d4bd1b2ea47777d616ec06748c0776b24b15f9dc1b7e75da5270c,2024-07,Metropolitan Police Service,Metropolitan Police Service,-0.144433,51.496234,On or near Terminus Place,E01004750,Westminster 023E,Burglary,Awaiting court outcome
b83a720da17454f8a5089327a1da6b84c23ecfae108b79e8cf13b1ab3c02c503,2024-07,Metropolitan Police Service,Metropolitan Police Service,-0.147534,51.494368,On or near Eccleston Place,E01004750,Westminster 023E,Burglary,Awaiting court outcome
6bdadf66e325799fd858beff6e622fac37b0a90e3a21332789b88acd58880e0d,2024-07,Metropolitan Police Service,Metropolitan Police Service,-0.147534,51.494368,On or near Eccleston Place,E01004750,Westminster 023E,Burglary,Investigation complete; no suspect identified
775852af6dd0c70599600ce95629da39261d429ecc3d6445d11ca668e017825f,2024-07,Metropolitan Police Service,Metropolitan Police Service,-0.150502,51.486519,On or near Hospital,E01033597,Westminster 023F,Burglary,Unable to prosecute suspect
ca6b7ca3f1b6451fc8143a76904e6c53c10236e30186eae6416f8b84a503552d,2024-07,Metropolitan Police Service,Metropolitan Police Service,-0.150786,51.488052,On or near Gatliff Road,E01033597,Westminster 023F,Burglary,Investigation complete; no suspect identified
ab268b577ba2cdaf9b8346a8590a9c808bc6589ecdb08e515f161022a89329a6,2024-07,Metropolitan Police Service,Metropolitan Police Service,-0.151578,51.489827,On or near St Barnabas Street,E01035721,Westminster 023H,Burglary,Investigation complete; no suspect identified
97d85714f4320e9f8a5fd1c407ebb585eb901ffc19dc4b8c82386c76e1b0ffa6,2024-07,Metropolitan Police Service,Metropolitan Police Service,-0.150314,51.493305,On or near Ebury Street,E01035721,Westminster 023H,Burglary,Unable to prosecute suspect
3b86933f36fb2defec8066575e64b4030b78efc6b09ec5a0e83381fa5ed7cc49,2024-07,Metropolitan Police Service,Metropolitan Police Service,-0.150314,51.493305,On or near Ebury Street,E01035721,Westminster 023H,Burglary,Investigation complete; no suspect identified
142aadf8845059aba6add802a1af7db7511274712416a275ae62158fad6eb2ab,2024-07,Metropolitan Police Service,Metropolitan Police Service,-0.141768,51.485949,On or near Churchill Gardens Road,E01004665,Westminster 024A,Burglary,Investigation complete; no suspect identified
